year,date,time,week,roadteam,roadfirst,roadsecond,roadfirsthalf,roadthird,roadforth,roadot,roadsecondhalf,roadtotal,awaylastfly,roadlast,roadnext,awaynextfly,hometeam,homefirst,homesecond,homefirsthalf,homethird,homeforth,homeot,homesecondhalf,hometotal,homenextfly,homenext,homelast,homelastfly,firstpoint,secondpoint,totalpoint,firstvalue,secondvalue,totalvalue,fgside,fglinetotal
1990,2-Nov,,Fri,Cleveland,23,23,46,33,22,0,55,101,,,0,NO,Boston,33,23,56,38,31,0,69,125,YES,0,,,102,124,226,95.13,113.83,208.95,-6,222
1990,2-Nov,,Fri,Brooklyn,26,19,45,11,25,0,36,81,,,0,NO,Indiana,31,21,52,20,28,0,48,100,YES,0,,,97,84,181,90.13,73.83,163.95,-13,209
1990,2-Nov,,Fri,New York,33,29,62,33,28,11,61,123,,,0,YES,New Orleans,19,35,54,30,39,7,69,123,YES,0,,,116,130,246,109.13,119.83,228.95,3,211
1990,2-Nov,,Fri,Philadelphia,39,28,67,27,30,0,57,124,,,0,YES,Chicago,28,20,48,33,35,0,68,116,YES,0,,,115,125,240,108.13,114.83,222.95,-5.5,211
1990,2-Nov,,Fri,Milwaukee,25,26,51,26,27,0,53,104,,,0,YES,Detroit,28,29,57,31,27,0,58,115,NO,0,,,108,111,219,101.13,100.83,201.95,-9.5,198
1990,2-Nov,,Fri,Orlando,23,34,57,28,26,0,54,111,,,0,YES,Atlanta,37,23,60,30,25,0,55,115,NO,0,,,117,109,226,110.13,98.83,208.95,-10,232.5
1990,2-Nov,,Fri,Washington,24,22,46,26,23,0,49,95,,,0,YES,Miami,29,25,54,31,34,0,65,119,NO,3,,,100,114,214,93.13,103.83,196.95,-3.5,211
1990,2-Nov,,Fri,Golden State,43,44,87,38,37,0,75,162,,,1,NO,Denver,41,42,83,39,36,0,75,158,YES,0,,,170,150,320,163.13,139.83,302.95,2,310
1990,2-Nov,,Fri,Dallas,27,16,43,23,19,0,42,85,,,0,YES,Minnesota,23,17,40,25,33,0,58,98,YES,0,,,83,100,183,76.13,89.83,165.95,3,185.5
1990,2-Nov,,Fri,Houston,27,32,59,16,14,0,30,89,,,0,NO,Portland,27,20,47,29,14,0,43,90,YES,0,,,106,73,179,99.13,62.83,161.95,-10,218
1990,2-Nov,,Fri,Phoenix,28,30,58,27,34,0,61,119,,,0,YES,Utah,29,28,57,15,24,0,39,96,YES,0,,,115,100,215,108.13,89.83,197.95,2.5,215.5
1990,2-Nov,,Fri,Sacramento,21,25,46,15,19,0,34,80,,,0,YES,LAC,18,21,39,27,24,0,51,90,NO,1,,,85,85,170,78.13,74.83,152.95,-7.5,206
1990,3-Nov,,Sat,Boston,21,29,50,29,27,0,56,106,YES,0,2,NO,New York,35,25,60,24,19,0,43,103,NO,2,0,YES,110,99,209,103.13,88.83,191.95,1,224
1990,3-Nov,,Sat,Brooklyn,29,27,56,22,24,8,46,102,NO,0,2,NO,Philadelphia,28,25,53,19,30,10,49,102,NO,3,0,YES,109,95,204,102.13,84.83,186.95,-15,205
1990,3-Nov,,Sat,Chicago,28,32,60,21,21,0,42,102,YES,0,2,YES,Washington,24,27,51,28,24,0,52,103,YES,4,0,YES,111,94,205,104.13,83.83,187.95,8.5,209.5
1990,3-Nov,,Sat,Cleveland,26,24,50,16,31,0,47,97,NO,0,2,NO,Detroit,30,24,54,24,28,0,52,106,YES,2,0,NO,104,99,203,97.13,88.83,185.95,-9,201.5
1990,3-Nov,,Sat,Indiana,23,36,59,40,21,0,61,120,YES,0,2,YES,Atlanta,33,27,60,24,37,0,61,121,YES,2,0,NO,119,122,241,112.13,111.83,223.95,-4.5,221
1990,3-Nov,,Sat,Minnesota,18,19,37,29,27,0,56,93,YES,0,2,NO,Milwaukee,27,30,57,19,35,0,54,111,YES,2,0,YES,94,110,204,87.13,99.83,186.95,-10,190
1990,3-Nov,,Sat,New Orleans,36,23,59,23,22,0,45,104,YES,0,2,YES,Orlando,29,24,53,20,24,0,44,97,NO,2,0,YES,112,89,201,105.13,78.83,183.95,-4,227.5
1990,3-Nov,,Sat,Denver,28,20,48,24,38,0,62,110,YES,0,2,NO,Dallas,37,34,71,28,41,0,69,140,YES,2,0,YES,119,131,250,112.13,120.83,232.95,-14,283
1990,3-Nov,,Sat,Houston,27,28,55,24,27,0,51,106,NO,0,2,YES,Oklahoma City,26,38,64,30,24,0,54,118,NO,2,,,119,105,224,112.13,94.83,206.95,-7,205
1990,3-Nov,,Sat,Portland,22,27,49,16,20,10,36,85,YES,0,2,NO,Sacramento,17,18,35,22,28,8,50,85,NO,2,0,YES,84,86,170,77.13,75.83,152.95,7,202.5
1990,3-Nov,,Sat,Utah,31,22,53,29,20,0,49,102,YES,0,4,YES,Phoenix,29,23,52,30,19,0,49,101,NO,3,0,YES,105,98,203,98.13,87.83,185.95,-3.5,214
1990,3-Nov,,Sat,LAL,38,22,60,13,26,0,39,99,,,2,YES,San Antonio,24,30,54,27,29,0,56,110,NO,3,,,114,95,209,107.13,84.83,191.95,-4,212
1990,4-Nov,,Sun,Golden State,34,29,63,23,21,0,44,107,NO,1,1,YES,LAC,16,31,47,42,20,0,62,109,YES,1,1,NO,110,106,216,103.13,95.83,198.95,0,230
1990,6-Nov,,Tue,Boston,24,27,51,28,31,0,59,110,NO,2,2,YES,Chicago,32,21,53,37,18,0,55,108,YES,0,2,YES,104,114,218,97.13,103.83,200.95,-5.5,219.5
1990,6-Nov,,Tue,Brooklyn,31,31,62,19,24,0,43,105,NO,2,1,YES,New Orleans,28,34,62,25,26,0,51,113,YES,0,2,YES,124,94,218,117.13,83.83,200.95,-6,198.5
1990,6-Nov,,Tue,Dallas,25,15,40,27,29,0,56,96,YES,2,0,NO,New York,27,22,49,23,19,0,42,91,NO,1,2,NO,89,98,187,82.13,87.83,169.95,-4.5,210
1990,6-Nov,,Tue,Cleveland,29,15,44,26,32,0,58,102,NO,2,0,YES,Orlando,20,16,36,28,31,0,59,95,YES,1,2,NO,80,117,197,73.13,106.83,179.95,6,220.5
1990,6-Nov,,Tue,Detroit,22,18,40,27,25,0,52,92,YES,2,0,NO,Oklahoma City,23,18,41,30,29,0,59,100,YES,2,2,NO,81,111,192,74.13,100.83,174.95,-1,206.5
1990,6-Nov,,Tue,Minnesota,34,21,55,24,17,0,41,96,NO,2,0,YES,Indiana,22,23,45,23,30,0,53,98,NO,2,2,YES,100,94,194,93.13,83.83,176.95,-9,195
1990,6-Nov,,Tue,Milwaukee,26,28,54,32,20,0,52,106,YES,2,1,YES,Miami,20,30,50,20,24,0,44,94,YES,1,3,NO,104,96,200,97.13,85.83,182.95,4,213.5
1990,6-Nov,,Tue,Atlanta,27,23,50,25,27,0,52,102,YES,2,2,NO,Sacramento,14,30,44,23,18,0,41,85,YES,2,2,NO,94,93,187,87.13,82.83,169.95,2,207
1990,6-Nov,,Tue,Denver,42,32,74,27,34,0,61,135,NO,2,0,NO,Houston,44,43,87,24,34,0,58,145,NO,1,2,YES,161,119,280,154.13,108.83,262.95,-14,278.5
1990,6-Nov,,Tue,Portland,23,38,61,24,32,8,56,117,NO,2,2,YES,LAL,27,28,55,28,34,6,62,117,NO,2,2,YES,116,118,234,109.13,107.83,216.95,-5.5,212.5
1990,6-Nov,,Tue,LAC,31,24,55,26,28,0,54,109,YES,1,0,YES,Golden State,30,30,60,37,33,0,70,130,YES,0,1,YES,115,124,239,108.13,113.83,221.95,-13,230
1990,7-Nov,,Wed,Dallas,27,25,52,19,33,0,52,104,NO,0,1,YES,Philadelphia,30,19,49,18,34,0,52,101,YES,0,3,NO,101,104,205,94.13,93.83,187.95,-8.5,206.5
1990,7-Nov,,Wed,Chicago,28,27,55,15,26,0,41,96,YES,0,1,NO,Minnesota,14,26,40,29,22,0,51,91,NO,1,0,YES,95,92,187,88.13,81.83,169.95,4,191.5
1990,7-Nov,,Wed,New Orleans,34,11,45,15,29,0,44,89,YES,0,1,NO,Cleveland,27,19,46,30,24,0,54,100,YES,1,0,YES,91,98,189,84.13,87.83,171.95,-11.5,210.5
1990,7-Nov,,Wed,Detroit,32,28,60,23,27,0,50,110,NO,0,1,NO,LAC,23,21,44,23,16,0,39,83,NO,2,0,YES,104,89,193,97.13,78.83,175.95,6.5,193.5
1990,7-Nov,,Wed,Denver,48,42,90,26,37,0,63,153,NO,0,1,YES,San Antonio,36,47,83,42,36,0,78,161,YES,0,3,NO,173,141,314,166.13,130.83,296.95,-17,274
1990,7-Nov,,Wed,Golden State,40,23,63,32,24,0,56,119,YES,0,1,YES,Phoenix,31,26,57,35,34,0,69,126,NO,2,3,NO,120,125,245,113.13,114.83,227.95,-12.5,0
1990,8-Nov,,Thu,Miami,25,21,46,27,30,0,57,103,YES,1,1,YES,Brooklyn,30,23,53,25,36,0,61,114,NO,1,1,YES,99,118,217,92.13,107.83,199.95,-5.5,203.5
1990,8-Nov,,Thu,Washington,33,31,64,22,17,0,39,103,YES,4,0,YES,New York,31,32,63,25,26,0,51,114,YES,1,1,NO,127,90,217,120.13,79.83,199.95,-11,214.5
1990,8-Nov,,Thu,Philadelphia,30,30,60,19,32,0,51,111,YES,0,1,NO,Milwaukee,33,36,69,41,31,0,72,141,YES,0,1,YES,129,123,252,122.13,112.83,234.95,-2.5,208.5
1990,8-Nov,,Thu,Orlando,17,31,48,30,21,0,51,99,YES,1,0,NO,Houston,29,23,52,25,26,0,51,103,YES,1,1,NO,100,102,202,93.13,91.83,184.95,-13,222.5
1990,8-Nov,,Thu,San Antonio,26,20,46,23,25,0,48,94,YES,0,1,YES,Utah,21,29,50,30,23,0,53,103,YES,2,4,YES,96,101,197,89.13,90.83,179.95,-8,205.5
1990,9-Nov,,Fri,Chicago,23,37,60,27,33,0,60,120,NO,1,0,YES,Boston,31,26,57,23,20,0,43,100,YES,0,2,YES,117,103,220,110.13,92.83,202.95,-4.5,224.5
1990,9-Nov,,Fri,Cleveland,27,28,55,22,30,0,52,107,YES,1,0,YES,Indiana,28,32,60,27,35,0,62,122,YES,0,2,NO,115,114,229,108.13,103.83,211.95,-4,205
1990,9-Nov,,Fri,Detroit,18,22,40,28,33,0,61,101,NO,1,3,YES,Portland,26,30,56,33,24,0,57,113,NO,1,2,YES,96,118,214,89.13,107.83,196.95,-3.5,203.5
1990,9-Nov,,Fri,Milwaukee,34,24,58,22,28,0,50,108,YES,0,3,YES,Washington,31,17,48,27,25,0,52,100,YES,2,0,YES,106,102,208,99.13,91.83,190.95,3.5,214
1990,9-Nov,,Fri,Atlanta,30,47,77,20,31,0,51,128,NO,2,0,NO,Golden State,43,26,69,40,34,0,74,143,YES,0,1,YES,146,125,271,139.13,114.83,253.95,-4.5,245.5
1990,9-Nov,,Fri,Orlando,27,24,51,23,25,0,48,99,NO,0,1,NO,Dallas,27,25,52,29,30,0,59,111,YES,3,1,YES,103,107,210,96.13,96.83,192.95,-14.5,211
1990,9-Nov,,Fri,Oklahoma City,36,27,63,32,40,0,72,135,YES,2,0,YES,Denver,29,27,56,30,43,0,73,129,YES,0,1,YES,119,145,264,112.13,134.83,246.95,3,292
1990,9-Nov,,Fri,New Orleans,14,13,27,22,28,0,50,77,NO,1,0,NO,Minnesota,27,18,45,19,42,0,61,106,NO,1,1,NO,72,111,183,65.13,100.83,165.95,-5,188.5
1990,9-Nov,,Fri,Sacramento,19,28,47,19,20,0,39,86,YES,2,0,YES,LAL,23,33,56,22,22,0,44,100,NO,1,2,NO,103,83,186,96.13,72.83,168.95,-17,204
1990,10-Nov,,Sat,Boston,30,20,50,28,27,0,55,105,YES,0,2,NO,Brooklyn,25,28,53,26,12,0,38,91,NO,1,1,NO,103,93,196,96.13,82.83,178.95,7.5,211
1990,10-Nov,,Sat,New York,25,21,46,27,20,0,47,93,YES,1,0,NO,Sacramento,22,18,40,22,26,0,48,88,NO,4,0,YES,86,95,181,79.13,84.83,163.95,4,194
1990,10-Nov,,Sat,Philadelphia,26,19,45,21,22,0,43,88,NO,1,2,NO,Cleveland,24,31,55,21,28,0,49,104,YES,2,0,YES,100,92,192,93.13,81.83,174.95,-4,207.5
1990,10-Nov,,Sat,New Orleans,18,20,38,26,22,0,48,86,NO,0,2,YES,Chicago,22,31,53,24,28,0,52,105,YES,2,0,YES,91,100,191,84.13,89.83,173.95,-13,212.5
1990,10-Nov,,Sat,Indiana,22,34,56,24,25,0,49,105,YES,0,2,YES,Miami,33,25,58,32,30,0,62,120,YES,2,1,YES,114,111,225,107.13,100.83,207.95,3,215
1990,10-Nov,,Sat,Atlanta,31,39,70,24,18,0,42,112,NO,0,2,YES,LAC,30,17,47,24,23,0,47,94,YES,0,2,NO,117,89,206,110.13,78.83,188.95,0,216.5
1990,10-Nov,,Sat,Denver,37,30,67,43,33,0,76,143,YES,0,2,NO,Phoenix,50,57,107,30,36,0,66,173,YES,2,2,NO,174,142,316,167.13,131.83,298.95,-19.5,293.5
1990,10-Nov,,Sat,Golden State,30,25,55,26,36,0,62,117,YES,0,2,YES,Oklahoma City,19,26,45,23,32,0,55,100,NO,2,0,YES,100,117,217,93.13,106.83,199.95,-5.5,237.5
1990,10-Nov,,Sat,Houston,39,22,61,24,25,0,49,110,YES,1,0,YES,San Antonio,27,23,50,31,30,0,61,111,YES,2,1,YES,111,110,221,104.13,99.83,203.95,-8,205.5
1990,11-Nov,,Sun,New York,25,27,52,31,26,0,57,109,NO,0,1,NO,LAL,23,28,51,33,19,0,52,103,NO,1,1,NO,103,109,212,96.13,98.83,194.95,-10.5,213.5
1990,11-Nov,,Sun,Orlando,21,19,40,19,22,0,41,81,NO,1,1,YES,Minnesota,22,23,45,26,37,0,63,108,YES,1,1,NO,85,104,189,78.13,93.83,171.95,-8.5,192.5
1990,11-Nov,,Sun,LAC,24,18,42,34,31,0,65,107,YES,0,2,YES,Portland,39,30,69,36,33,0,69,138,NO,1,1,NO,111,134,245,104.13,123.83,227.95,-15.5,210
1990,11-Nov,,Sun,Utah,25,19,44,27,19,0,46,90,YES,2,1,YES,Houston,25,30,55,19,36,0,55,110,NO,1,0,YES,99,101,200,92.13,90.83,182.95,-3,201
1990,12-Nov,,Mon,Washington,24,29,53,28,16,0,44,97,YES,2,0,NO,Brooklyn,29,24,53,19,20,0,39,92,NO,1,1,NO,106,83,189,99.13,72.83,171.95,-3.5,207
1990,13-Nov,,Tue,Boston,16,14,30,24,37,0,61,91,NO,2,0,YES,Milwaukee,29,23,52,32,35,0,67,119,YES,0,3,YES,82,128,210,75.13,117.83,192.95,-3,215.5
1990,13-Nov,,Tue,New York,29,31,60,25,19,12,44,104,NO,1,1,NO,Oklahoma City,31,33,64,23,17,6,40,104,NO,3,2,NO,124,84,208,117.13,73.83,190.95,-6,212.5
1990,13-Nov,,Tue,Philadelphia,23,21,44,32,32,0,64,108,NO,2,0,YES,Indiana,18,28,46,26,28,0,54,100,YES,0,2,YES,90,118,208,83.13,107.83,190.95,-4,211
1990,13-Nov,,Tue,Chicago,23,23,46,18,20,0,38,84,YES,2,1,NO,Utah,20,22,42,22,18,0,40,82,YES,1,1,YES,88,78,166,81.13,67.83,148.95,-4.5,203
1990,13-Nov,,Tue,Cleveland,38,26,64,28,29,0,57,121,YES,2,0,YES,Atlanta,24,32,56,26,22,0,48,104,YES,0,2,YES,120,105,225,113.13,94.83,207.95,-4.5,218.5
1990,13-Nov,,Tue,Miami,16,27,43,23,27,0,50,93,YES,2,0,YES,Detroit,35,29,64,22,32,0,54,118,YES,2,3,YES,107,104,211,100.13,93.83,193.95,-14,206.5
1990,13-Nov,,Tue,Dallas,26,19,45,29,29,0,58,103,YES,3,0,NO,Orlando,24,32,56,27,26,0,53,109,NO,1,1,YES,101,111,212,94.13,100.83,194.95,3.5,204.5
1990,13-Nov,,Tue,Washington,29,26,55,27,23,0,50,105,NO,0,2,NO,New Orleans,37,27,64,26,30,0,56,120,YES,0,2,YES,119,106,225,112.13,95.83,207.95,-5.5,208
1990,13-Nov,,Tue,Denver,26,33,59,36,34,0,70,129,NO,2,1,YES,Portland,43,38,81,35,39,0,74,155,NO,1,1,NO,140,144,284,133.13,133.83,266.95,-19,299.5
1990,13-Nov,,Tue,Minnesota,26,30,56,18,14,0,32,88,YES,1,1,NO,Houston,23,22,45,28,17,0,45,90,NO,1,1,NO,101,77,178,94.13,66.83,160.95,-8,191.5
1990,13-Nov,,Tue,San Antonio,29,33,62,30,32,0,62,124,YES,2,1,NO,Golden State,32,28,60,36,32,0,68,128,NO,1,2,YES,122,130,252,115.13,119.83,234.95,-3.5,237
1990,13-Nov,,Tue,Phoenix,23,31,54,34,24,0,58,112,YES,2,0,NO,LAL,28,28,56,26,29,0,55,111,YES,1,1,NO,110,113,223,103.13,102.83,205.95,-3.5,221.5
1990,14-Nov,,Wed,New Orleans,32,35,67,24,35,0,59,126,YES,0,1,NO,Boston,37,32,69,35,31,0,66,135,NO,1,0,YES,136,125,261,129.13,114.83,243.95,-14,220
1990,14-Nov,,Wed,Milwaukee,18,33,51,22,22,0,44,95,YES,0,1,NO,Brooklyn,21,34,55,23,34,0,57,112,NO,1,1,NO,106,101,207,99.13,90.83,189.95,6,205
1990,14-Nov,,Wed,Atlanta,32,19,51,30,23,0,53,104,YES,0,1,YES,Philadelphia,31,20,51,32,29,0,61,112,NO,1,0,YES,102,114,216,95.13,103.83,198.95,-7,219.5
1990,14-Nov,,Wed,Indiana,18,20,38,29,28,0,57,95,YES,0,1,YES,Cleveland,23,33,56,25,32,0,57,113,NO,1,0,YES,94,114,208,87.13,103.83,190.95,-9,210.5
1990,14-Nov,,Wed,Dallas,15,33,48,26,19,0,45,93,NO,0,1,YES,Miami,23,25,48,24,33,0,57,105,YES,1,0,YES,96,102,198,89.13,91.83,180.95,0,205
1990,14-Nov,,Wed,Phoenix,26,28,54,23,25,0,48,102,NO,0,1,YES,LAC,31,25,56,31,21,0,52,108,YES,1,2,YES,110,100,210,103.13,89.83,192.95,8.5,219.5
1990,15-Nov,,Thu,New York,31,32,63,32,30,0,62,125,NO,1,1,YES,Portland,42,30,72,41,28,0,69,141,YES,1,1,NO,135,131,266,128.13,120.83,248.95,-10.5,221
1990,15-Nov,,Thu,Chicago,25,27,52,19,22,0,41,93,NO,1,1,NO,Golden State,24,32,56,22,25,0,47,103,NO,1,1,NO,108,88,196,101.13,77.83,178.95,-2,235
1990,15-Nov,,Thu,Utah,16,25,41,25,26,7,51,92,YES,1,0,NO,Orlando,20,23,43,28,21,10,49,92,NO,1,1,NO,84,100,184,77.13,89.83,166.95,7,205
1990,15-Nov,,Thu,Minnesota,27,34,61,18,29,0,47,108,NO,1,2,YES,Denver,29,30,59,26,36,0,62,121,NO,1,1,YES,120,109,229,113.13,98.83,211.95,-2.5,240.5
1990,15-Nov,,Thu,LAL,21,28,49,21,25,13,46,95,YES,1,0,NO,Houston,24,27,51,23,21,8,44,95,NO,1,1,NO,100,90,190,93.13,79.83,172.95,-3,205
1990,15-Nov,,Thu,San Antonio,30,24,54,31,37,0,68,122,NO,1,1,YES,Sacramento,27,19,46,28,19,0,47,93,YES,1,4,NO,100,115,215,93.13,104.83,197.95,7,190.5
1990,16-Nov,,Fri,Utah,24,23,47,24,18,0,42,89,NO,0,1,NO,Boston,29,18,47,36,31,0,67,114,YES,0,1,NO,94,109,203,87.13,98.83,185.95,-7.5,217.5
1990,16-Nov,,Fri,Detroit,35,27,62,23,20,0,43,105,YES,2,0,YES,Brooklyn,18,20,38,31,27,0,58,96,YES,0,1,NO,100,101,201,93.13,90.83,183.95,8.5,196
1990,16-Nov,,Fri,Washington,27,29,56,24,16,6,40,96,NO,2,0,YES,Philadelphia,22,30,52,29,15,19,44,96,YES,0,1,NO,108,84,192,101.13,73.83,174.95,-11,216
1990,16-Nov,,Fri,Milwaukee,27,26,53,25,16,0,41,94,NO,1,0,YES,Cleveland,36,25,61,18,20,0,38,99,YES,0,1,NO,114,79,193,107.13,68.83,175.95,-6.5,208
1990,16-Nov,,Fri,Miami,17,18,35,22,23,0,45,80,YES,1,0,NO,Indiana,28,27,55,29,22,0,51,106,YES,0,1,YES,90,96,186,83.13,85.83,168.95,-10.5,218.5
1990,16-Nov,,Fri,New Orleans,27,28,55,34,30,0,64,119,NO,1,0,YES,Atlanta,31,22,53,30,26,0,56,109,YES,0,1,YES,108,120,228,101.13,109.83,210.95,-9,225.5
1990,16-Nov,,Fri,LAC,18,34,52,31,18,9,49,101,YES,1,1,YES,Phoenix,31,17,48,32,21,20,53,101,YES,0,1,YES,100,102,202,93.13,91.83,184.95,-16.5,224
1990,16-Nov,,Fri,LAL,26,21,47,21,18,0,39,86,NO,0,1,YES,Dallas,16,28,44,25,30,0,55,99,NO,3,1,YES,91,94,185,84.13,83.83,167.95,3.5,201
1990,17-Nov,,Sat,Boston,32,26,58,16,28,0,44,102,YES,0,3,YES,Washington,22,27,49,25,16,0,41,90,NO,2,0,YES,107,85,192,100.13,74.83,174.95,5,211.5
1990,17-Nov,,Sat,Brooklyn,20,30,50,21,28,0,49,99,YES,0,2,NO,Milwaukee,34,23,57,25,29,0,54,111,NO,1,0,YES,107,103,210,100.13,92.83,192.95,-14.5,207.5
1990,17-Nov,,Sat,Philadelphia,22,15,37,24,18,0,42,79,YES,0,1,YES,New York,27,31,58,25,23,0,48,106,NO,2,1,YES,95,90,185,88.13,79.83,167.95,-6.5,208
1990,17-Nov,,Sat,Chicago,31,29,60,23,33,0,56,116,NO,1,0,NO,Oklahoma City,26,27,53,13,29,0,42,95,YES,0,3,NO,113,98,211,106.13,87.83,193.95,-2,206.5
1990,17-Nov,,Sat,Cleveland,23,15,38,33,29,0,62,100,YES,0,3,YES,New Orleans,29,32,61,20,31,0,51,112,YES,1,0,YES,99,113,212,92.13,102.83,194.95,0,208.5
1990,17-Nov,,Sat,Atlanta,20,20,40,29,14,0,43,83,YES,0,2,NO,Detroit,24,21,45,20,26,0,46,91,YES,2,0,YES,85,89,174,78.13,78.83,156.95,-11,211
1990,17-Nov,,Sat,Indiana,28,28,56,17,16,0,33,89,YES,0,3,YES,Orlando,27,24,51,29,16,0,45,96,YES,2,1,NO,107,78,185,100.13,67.83,167.95,3,211.5
1990,17-Nov,,Sat,Miami,14,27,41,21,38,0,59,100,NO,0,2,YES,Houston,27,19,46,37,34,0,71,117,YES,2,1,NO,87,130,217,80.13,119.83,199.95,-12.5,208.5
1990,17-Nov,,Sat,Portland,24,41,65,41,37,0,78,143,YES,1,0,YES,Denver,24,27,51,37,24,0,61,112,NO,1,1,NO,116,139,255,109.13,128.83,237.95,8,291.5
1990,17-Nov,,Sat,Sacramento,33,25,58,26,27,0,53,111,YES,1,2,NO,Golden State,28,24,52,24,36,0,60,112,YES,0,1,NO,110,113,223,103.13,102.83,205.95,-12,216
1990,17-Nov,,Sat,Phoenix,30,28,58,33,23,0,56,114,YES,0,3,YES,San Antonio,38,32,70,32,26,0,58,128,NO,3,1,YES,128,114,242,121.13,103.83,224.95,-5.5,222.5
1990,18-Nov,,Sun,Chicago,27,24,51,33,28,0,61,112,NO,0,2,NO,Portland,31,36,67,20,38,0,58,125,NO,4,0,YES,118,119,237,111.13,108.83,219.95,-7.5,218.5
1990,18-Nov,,Sun,Utah,26,25,51,28,24,0,52,103,NO,1,0,NO,Minnesota,23,14,37,27,30,0,57,94,YES,1,2,YES,88,109,197,81.13,98.83,179.95,-1,182
1990,18-Nov,,Sun,Oklahoma City,12,21,33,16,16,0,32,65,YES,0,1,YES,LAC,25,11,36,25,17,0,42,78,NO,2,1,YES,69,74,143,62.13,63.83,125.95,-2.5,203
1990,18-Nov,,Sun,Golden State,19,25,44,23,26,0,49,93,YES,0,1,YES,LAL,32,32,64,25,26,0,51,115,YES,0,1,YES,108,100,208,101.13,89.83,190.95,-9,230
1990,19-Nov,,Mon,New Orleans,28,25,53,19,29,0,48,101,YES,1,0,YES,Philadelphia,30,29,59,27,23,0,50,109,NO,1,1,YES,112,98,210,105.13,87.83,192.95,-8.5,212.5
1990,19-Nov,,Mon,Utah,27,28,55,17,32,0,49,104,NO,0,1,YES,Milwaukee,20,31,51,31,32,0,63,114,NO,1,1,NO,106,112,218,99.13,101.83,200.95,-7.5,205.5
1990,19-Nov,,Mon,LAL,30,35,65,30,27,0,57,122,YES,0,1,YES,Denver,23,29,52,25,28,0,53,105,YES,1,1,NO,117,110,227,110.13,99.83,209.95,6.5,260.5
1990,20-Nov,,Tue,Brooklyn,20,24,44,22,22,0,44,88,NO,2,0,NO,Oklahoma City,23,25,48,29,28,0,57,105,YES,2,1,YES,92,101,193,85.13,90.83,175.95,-10,203
1990,20-Nov,,Tue,Houston,28,24,52,23,40,0,63,115,YES,2,0,NO,New York,21,15,36,25,27,0,52,88,NO,3,2,NO,88,115,203,81.13,104.83,185.95,-6.5,209
1990,20-Nov,,Tue,Detroit,22,27,49,26,31,0,57,106,YES,2,0,NO,Miami,17,16,33,23,34,0,57,90,YES,0,2,YES,82,114,196,75.13,103.83,178.95,8,203
1990,20-Nov,,Tue,Atlanta,24,31,55,36,30,0,66,121,NO,2,0,NO,New Orleans,38,34,72,39,17,0,56,128,NO,2,0,YES,127,122,249,120.13,111.83,231.95,-1,218
1990,20-Nov,,Tue,Orlando,30,24,54,23,43,0,66,120,YES,2,0,NO,Golden State,34,30,64,27,32,0,59,123,YES,2,1,YES,118,125,243,111.13,114.83,225.95,-10,226
1990,20-Nov,,Tue,Sacramento,25,28,53,15,19,0,34,87,NO,2,0,NO,Washington,29,9,38,30,14,0,44,82,YES,2,2,NO,91,78,169,84.13,67.83,151.95,-6.5,193.5
1990,20-Nov,,Tue,Minnesota,27,18,45,19,20,8,39,84,YES,1,0,NO,Dallas,24,14,38,24,22,7,46,84,NO,2,3,NO,83,85,168,76.13,74.83,150.95,-8,185.5
1990,21-Nov,,Wed,Houston,27,22,49,16,30,0,46,95,NO,0,1,NO,Boston,24,34,58,26,24,0,50,108,NO,1,3,YES,107,96,203,100.13,85.83,185.95,-9,218.5
1990,21-Nov,,Wed,Brooklyn,18,26,44,28,18,0,46,90,NO,0,1,NO,LAC,29,12,41,30,28,0,58,99,NO,1,2,NO,85,104,189,78.13,93.83,171.95,-9,193.5
1990,21-Nov,,Wed,Sacramento,19,24,43,25,31,0,56,99,NO,0,1,NO,Philadelphia,27,21,48,28,25,0,53,101,NO,1,1,NO,91,109,200,84.13,98.83,182.95,-13,193
1990,21-Nov,,Wed,Chicago,33,24,57,28,22,0,50,107,NO,2,1,NO,Phoenix,20,40,60,18,31,0,49,109,NO,1,3,YES,117,99,216,110.13,88.83,198.95,-7,219
1990,21-Nov,,Wed,Miami,21,20,41,39,29,0,68,109,YES,0,1,NO,Cleveland,44,17,61,38,24,0,62,123,YES,1,3,YES,102,130,232,95.13,119.83,214.95,-13,203.5
1990,21-Nov,,Wed,Detroit,27,22,49,16,29,14,45,94,NO,0,1,YES,Indiana,24,28,52,18,24,6,42,94,NO,1,3,YES,101,87,188,94.13,76.83,170.95,3,198.5
1990,21-Nov,,Wed,Atlanta,26,21,47,23,23,0,46,93,NO,0,2,YES,Milwaukee,27,30,57,27,21,0,48,105,YES,2,1,NO,104,94,198,97.13,83.83,180.95,-8,224
1990,21-Nov,,Wed,Orlando,18,31,49,24,18,0,42,91,NO,0,2,NO,Utah,27,21,48,24,34,0,58,106,NO,1,1,YES,97,100,197,90.13,89.83,179.95,-16.5,204.5
1990,21-Nov,,Wed,Denver,26,29,55,35,31,0,66,121,YES,1,2,YES,LAL,39,31,70,34,37,0,71,141,NO,2,1,YES,125,137,262,118.13,126.83,244.95,-17,253.5
1990,21-Nov,,Wed,Minnesota,19,26,45,27,28,0,55,100,NO,0,3,YES,San Antonio,33,22,55,28,31,0,59,114,YES,1,3,NO,100,114,214,93.13,103.83,196.95,-14.5,198.5
1990,23-Nov,,Fri,Sacramento,27,20,47,21,37,0,58,105,NO,1,1,NO,Boston,24,29,53,38,24,0,62,115,YES,0,1,NO,100,120,220,93.13,109.83,202.95,-13.5,207.5
1990,23-Nov,,Fri,Brooklyn,26,32,58,33,25,0,58,116,NO,1,0,NO,Phoenix,22,32,54,32,28,0,60,114,YES,3,1,NO,112,118,230,105.13,107.83,212.95,-15.5,217.5
1990,23-Nov,,Fri,Cleveland,28,25,53,30,22,0,52,105,YES,1,0,YES,Philadelphia,32,23,55,26,30,0,56,111,YES,0,1,NO,108,108,216,101.13,97.83,198.95,-5.5,203.5
1990,23-Nov,,Fri,Chicago,28,29,57,28,20,0,48,105,NO,1,0,NO,LAC,22,28,50,16,31,0,47,97,NO,1,1,NO,107,95,202,100.13,84.83,184.95,6,196
1990,23-Nov,,Fri,Washington,24,20,44,19,25,0,44,88,YES,2,0,YES,Detroit,30,24,54,20,23,0,43,97,NO,1,1,YES,98,87,185,91.13,76.83,167.95,-14.5,201
1990,23-Nov,,Fri,Houston,28,25,53,26,32,0,58,111,NO,1,1,NO,Indiana,28,27,55,28,29,0,57,112,YES,0,1,NO,108,115,223,101.13,104.83,205.95,-3.5,206
1990,23-Nov,,Fri,Miami,29,25,54,28,34,0,62,116,NO,1,0,YES,New Orleans,24,25,49,28,23,0,51,100,YES,0,2,NO,103,113,216,96.13,102.83,198.95,-9,218
1990,23-Nov,,Fri,Oklahoma City,22,15,37,28,31,0,59,96,YES,2,3,YES,Utah,22,19,41,29,27,0,56,97,YES,0,1,NO,78,115,193,71.13,104.83,175.95,-9.5,194
1990,23-Nov,,Fri,Golden State,36,16,52,36,31,0,67,119,YES,2,0,YES,Portland,35,41,76,34,33,0,67,143,NO,1,4,NO,128,134,262,121.13,123.83,244.95,-13.5,245
1990,23-Nov,,Fri,San Antonio,33,19,52,26,29,0,55,107,YES,1,1,NO,Dallas,27,27,54,25,25,0,50,104,NO,0,2,NO,106,105,211,99.13,94.83,193.95,4,204.5
1990,24-Nov,,Sat,Boston,34,26,60,28,25,0,53,113,YES,0,1,YES,Cleveland,20,26,46,32,24,0,56,102,YES,2,0,YES,106,109,215,99.13,98.83,197.95,-3,208.5
1990,24-Nov,,Sat,Brooklyn,36,28,64,24,29,0,53,117,NO,0,2,YES,Golden State,26,28,54,34,25,0,59,113,YES,2,0,YES,118,112,230,111.13,101.83,212.95,-12,229.5
1990,24-Nov,,Sat,Milwaukee,25,27,52,31,24,0,55,107,YES,2,2,YES,New York,17,28,45,24,28,0,52,97,NO,2,3,NO,97,107,204,90.13,96.83,186.95,-3,212.5
1990,24-Nov,,Sat,Philadelphia,28,30,58,30,36,0,66,124,YES,0,2,NO,Atlanta,34,33,67,35,19,0,54,121,NO,2,2,YES,125,120,245,118.13,109.83,227.95,-6.5,218.5
1990,24-Nov,,Sat,Chicago,37,38,75,34,42,0,76,151,NO,0,3,YES,Denver,41,35,76,44,25,0,69,145,NO,2,2,YES,151,145,296,144.13,134.83,278.95,7.5,254.5
1990,24-Nov,,Sat,Indiana,24,28,52,26,21,6,47,99,YES,0,2,NO,Washington,29,34,63,15,21,8,36,99,NO,2,0,YES,115,83,198,108.13,72.83,180.95,-1,204
1990,24-Nov,,Sat,New Orleans,33,31,64,35,26,0,61,125,YES,0,3,YES,Miami,20,27,47,33,32,0,65,112,YES,1,0,YES,111,126,237,104.13,115.83,219.95,-1.5,213
1990,24-Nov,,Sat,Orlando,26,18,44,21,24,0,45,89,NO,2,0,NO,LAL,29,25,54,32,29,0,61,115,NO,3,2,NO,98,106,204,91.13,95.83,186.95,-15,212
1990,24-Nov,,Sat,Utah,22,11,33,27,25,0,52,85,YES,0,3,YES,Dallas,15,20,35,22,17,0,39,74,NO,3,0,NO,68,91,159,61.13,80.83,141.95,-4,187
1990,25-Nov,,Sun,Sacramento,19,27,46,21,25,0,46,92,NO,1,1,YES,Detroit,29,30,59,29,17,0,46,105,YES,1,1,NO,105,92,197,98.13,81.83,179.95,-13.5,188.5
1990,25-Nov,,Sun,Orlando,15,25,40,27,24,0,51,91,NO,0,1,NO,LAC,27,34,61,27,31,0,58,119,YES,1,1,NO,101,109,210,94.13,98.83,192.95,-7.5,196
1990,25-Nov,,Sun,Houston,19,26,45,23,39,0,62,107,NO,1,1,YES,Minnesota,19,23,42,17,32,0,49,91,YES,1,3,YES,87,111,198,80.13,100.83,180.95,1.5,189
1990,25-Nov,,Sun,San Antonio,18,32,50,27,26,0,53,103,NO,1,1,NO,Portland,49,15,64,25,28,0,53,117,NO,1,1,NO,114,106,220,107.13,95.83,202.95,-7.5,240
1990,26-Nov,,Mon,Miami,22,31,53,24,24,0,48,101,YES,1,1,YES,Boston,33,25,58,34,26,0,60,118,NO,3,1,YES,111,108,219,104.13,97.83,201.95,-13.5,224.5
1990,27-Nov,,Tue,Philadelphia,27,19,46,30,16,0,46,92,NO,2,0,YES,Brooklyn,39,21,60,20,18,0,38,98,YES,0,2,YES,106,84,190,99.13,73.83,172.95,3.5,206.5
1990,27-Nov,,Tue,Cleveland,29,20,49,32,26,0,58,107,YES,2,0,YES,New York,27,25,52,30,20,0,50,102,YES,0,2,NO,101,108,209,94.13,97.83,191.95,-5,207
1990,27-Nov,,Tue,Detroit,19,33,52,33,35,0,68,120,YES,1,0,YES,Atlanta,22,21,43,22,32,0,54,97,NO,2,2,NO,95,122,217,88.13,111.83,199.95,4,211
1990,27-Nov,,Tue,Indiana,24,28,52,23,23,0,46,98,NO,2,0,NO,Milwaukee,28,21,49,26,37,0,63,112,YES,0,2,YES,101,109,210,94.13,98.83,192.95,-9,212
1990,27-Nov,,Tue,Orlando,32,31,63,30,20,0,50,113,NO,1,2,YES,Denver,37,24,61,24,39,0,63,124,NO,1,2,NO,124,113,237,117.13,102.83,219.95,-8,263.5
1990,27-Nov,,Tue,Golden State,27,23,50,31,32,0,63,113,YES,2,0,NO,Washington,28,32,60,27,28,0,55,115,YES,0,2,NO,110,118,228,103.13,107.83,210.95,1.5,224.5
1990,27-Nov,,Tue,Minnesota,15,19,34,34,21,0,55,89,YES,1,1,NO,Sacramento,21,25,46,18,16,0,34,80,YES,1,1,YES,80,89,169,73.13,78.83,151.95,-2.5,181
1990,27-Nov,,Tue,San Antonio,32,29,61,34,29,0,63,124,NO,1,0,NO,Oklahoma City,30,29,59,38,14,0,52,111,YES,1,3,YES,120,115,235,113.13,104.83,217.95,2,213
1990,27-Nov,,Tue,Phoenix,35,38,73,20,30,0,50,123,YES,3,1,YES,Portland,31,24,55,37,17,0,54,109,NO,1,1,NO,128,104,232,121.13,93.83,214.95,-7.5,237.5
1990,27-Nov,,Tue,LAC,24,24,48,30,24,0,54,102,YES,1,0,NO,Houston,29,24,53,31,23,0,54,107,YES,0,1,YES,101,108,209,94.13,97.83,191.95,-11,207.5
1990,28-Nov,,Wed,Brooklyn,23,15,38,22,19,0,41,79,YES,0,2,YES,Miami,26,19,45,26,26,0,52,97,NO,2,1,YES,83,93,176,76.13,82.83,158.95,-4.5,207.5
1990,28-Nov,,Wed,New York,29,23,52,14,17,0,31,83,YES,0,1,NO,Detroit,20,32,52,25,13,0,38,90,NO,1,0,YES,104,69,173,97.13,58.83,155.95,-11,206
1990,28-Nov,,Wed,Indiana,29,23,52,27,27,0,54,106,NO,0,1,NO,Philadelphia,27,20,47,33,36,0,69,116,YES,1,0,YES,99,123,222,92.13,112.83,204.95,-6.5,214
1990,28-Nov,,Wed,Washington,26,20,46,19,29,0,48,94,YES,0,1,NO,Chicago,39,29,68,19,31,0,50,118,NO,1,3,YES,114,98,212,107.13,87.83,194.95,-14.5,214
1990,28-Nov,,Wed,Golden State,30,30,60,27,23,0,50,110,NO,0,1,NO,Cleveland,28,31,59,25,24,0,49,108,YES,1,0,YES,119,99,218,112.13,88.83,200.95,-6,229.5
1990,28-Nov,,Wed,Milwaukee,31,21,52,24,26,9,50,102,YES,0,1,YES,New Orleans,25,22,47,27,28,16,55,102,YES,2,3,YES,99,105,204,92.13,94.83,186.95,2,216.5
1990,28-Nov,,Wed,Houston,24,14,38,23,31,0,54,92,YES,0,2,YES,Utah,20,22,42,34,27,0,61,103,NO,1,3,YES,80,115,195,73.13,104.83,177.95,-8,196
1990,28-Nov,,Wed,LAC,21,23,44,19,25,0,44,88,NO,0,2,NO,Dallas,15,33,48,27,32,0,59,107,YES,2,3,NO,92,103,195,85.13,92.83,177.95,-7,193.5
1990,28-Nov,,Wed,San Antonio,18,23,41,17,22,0,39,80,NO,0,2,YES,LAL,27,24,51,23,23,0,46,97,YES,2,3,NO,92,85,177,85.13,74.83,159.95,-6.5,221.5
1990,29-Nov,,Thu,Sacramento,30,30,60,38,30,0,68,128,YES,1,1,NO,Denver,33,28,61,43,32,0,75,136,NO,1,1,NO,121,143,264,114.13,132.83,246.95,-7.5,242
1990,29-Nov,,Thu,Minnesota,15,23,38,23,31,0,54,92,NO,1,0,NO,Portland,29,29,58,19,30,0,49,107,YES,1,1,NO,96,103,199,89.13,92.83,181.95,-14.5,207.5
1990,29-Nov,,Thu,Oklahoma City,21,26,47,30,33,0,63,110,YES,1,1,YES,Phoenix,29,36,65,31,32,0,63,128,NO,1,1,YES,112,126,238,105.13,115.83,220.95,-12,219
1990,30-Nov,,Fri,Washington,22,21,43,32,20,0,52,95,NO,1,0,YES,Boston,18,34,52,34,37,0,71,123,YES,0,3,NO,95,123,218,88.13,112.83,200.95,-13.5,216.5
1990,30-Nov,,Fri,New York,18,28,46,29,22,0,51,97,NO,1,0,YES,Milwaukee,26,33,59,20,24,0,44,103,YES,1,1,YES,105,95,200,98.13,84.83,182.95,-6,209.5
1990,30-Nov,,Fri,Philadelphia,29,27,56,15,23,0,38,94,YES,1,0,YES,Detroit,13,28,41,24,31,0,55,96,YES,0,1,NO,97,93,190,90.13,82.83,172.95,-10,200.5
1990,30-Nov,,Fri,Indiana,24,26,50,22,23,0,45,95,NO,1,1,YES,Chicago,41,27,68,32,24,0,56,124,YES,0,1,NO,118,101,219,111.13,90.83,201.95,-10.5,214.5
1990,30-Nov,,Fri,Cleveland,31,28,59,25,17,0,42,101,YES,1,0,YES,Atlanta,35,30,65,11,17,0,28,93,YES,3,2,NO,124,70,194,117.13,59.83,176.95,-3,223.5
1990,30-Nov,,Fri,Golden State,33,27,60,30,29,0,59,119,NO,1,0,NO,Orlando,32,27,59,32,22,0,54,113,YES,0,2,YES,119,113,232,112.13,102.83,214.95,4.5,230.5
1990,30-Nov,,Fri,Minnesota,22,18,40,18,21,0,39,79,NO,0,1,NO,Utah,18,23,41,34,21,0,55,96,YES,1,1,NO,81,94,175,74.13,83.83,157.95,-12.5,183
1990,1-Dec,,Sat,Boston,28,20,48,35,27,0,62,110,YES,0,1,YES,Philadelphia,29,29,58,29,29,0,58,116,NO,2,0,YES,106,120,226,99.13,109.83,208.95,-1.5,215.5
1990,1-Dec,,Sat,Orlando,21,16,37,27,28,0,55,92,YES,0,2,NO,Brooklyn,27,27,54,28,29,0,57,111,NO,2,2,YES,91,112,203,84.13,101.83,185.95,-8.5,0
1990,1-Dec,,Sat,New Orleans,28,17,45,23,28,0,51,96,YES,2,4,NO,New York,20,32,52,28,33,0,61,113,NO,2,0,YES,97,112,209,90.13,101.83,191.95,-6,212
1990,1-Dec,,Sat,Chicago,37,28,65,27,28,0,55,120,YES,0,2,YES,Cleveland,20,23,43,18,24,0,42,85,NO,2,0,YES,108,97,205,101.13,86.83,187.95,3.5,204
1990,1-Dec,,Sat,Detroit,16,22,38,20,25,0,45,83,YES,0,2,NO,Washington,24,24,48,30,16,0,46,94,YES,1,0,YES,86,91,177,79.13,80.83,159.95,7.5,191
1990,1-Dec,,Sat,Golden State,41,33,74,26,37,0,63,137,NO,0,3,YES,Miami,30,35,65,19,27,0,46,111,NO,2,2,NO,139,109,248,132.13,98.83,230.95,1.5,231
1990,1-Dec,,Sat,LAC,34,30,64,40,33,0,73,137,NO,2,0,YES,Denver,33,21,54,35,32,0,67,121,YES,2,1,NO,118,140,258,111.13,129.83,240.95,-5.5,258.5
1990,1-Dec,,Sat,Portland,20,19,39,24,32,35,56,95,YES,1,0,YES,Oklahoma City,25,28,53,24,18,29,42,95,YES,1,1,YES,92,98,190,85.13,87.83,172.95,4.5,220.5
1990,1-Dec,,Sat,LAL,30,27,57,28,23,0,51,108,YES,2,2,YES,Phoenix,35,27,62,13,23,0,36,98,YES,2,1,NO,119,87,206,112.13,76.83,188.95,-4.5,218
1990,1-Dec,,Sat,Sacramento,22,23,45,18,30,0,48,93,NO,1,2,YES,Houston,23,29,52,25,40,0,65,117,NO,2,2,YES,97,113,210,90.13,102.83,192.95,-12,197
1990,1-Dec,,Sat,Dallas,14,23,37,22,38,0,60,97,YES,2,2,NO,San Antonio,34,25,59,28,22,0,50,109,NO,3,2,YES,96,110,206,89.13,99.83,188.95,-12,209
1990,2-Dec,,Sun,Milwaukee,30,16,46,25,32,0,57,103,YES,1,1,NO,Indiana,25,33,58,23,26,0,49,107,YES,1,1,YES,104,106,210,97.13,95.83,192.95,-3,204
1990,2-Dec,,Sun,Minnesota,24,14,38,20,19,0,39,77,NO,1,1,YES,LAC,30,25,55,22,25,0,47,102,NO,2,0,YES,93,86,179,86.13,75.83,161.95,-4,183.5
1990,2-Dec,,Sun,Utah,16,24,40,27,30,0,57,97,YES,1,0,YES,Portland,22,23,45,29,27,0,56,101,YES,1,0,YES,85,113,198,78.13,102.83,180.95,-7.5,212.5
1990,3-Dec,,Mon,Oklahoma City,25,29,54,10,38,0,48,102,YES,1,0,NO,Boston,34,24,58,28,49,0,77,135,NO,1,1,YES,112,125,237,105.13,114.83,219.95,-11.5,215
1990,3-Dec,,Mon,Washington,20,36,56,21,24,0,45,101,YES,1,1,NO,Utah,43,36,79,27,29,0,56,135,NO,1,0,YES,135,101,236,128.13,90.83,218.95,-12.5,190.5
1990,4-Dec,,Tue,Oklahoma City,25,24,49,20,33,0,53,102,NO,0,1,NO,Brooklyn,33,22,55,23,28,0,51,106,NO,2,2,NO,104,104,208,97.13,93.83,190.95,-3.5,200.5
1990,4-Dec,,Tue,Orlando,32,26,58,29,26,0,55,113,NO,2,0,YES,New York,30,29,59,19,24,0,43,102,YES,2,2,NO,117,98,215,110.13,87.83,197.95,-11.5,209.5
1990,4-Dec,,Tue,Milwaukee,33,22,55,31,14,8,45,100,NO,1,0,YES,Philadelphia,26,24,50,24,26,9,50,100,NO,2,2,NO,105,95,200,98.13,84.83,182.95,-5.5,214.5
1990,4-Dec,,Tue,Phoenix,38,29,67,23,37,0,60,127,YES,2,0,NO,Chicago,40,29,69,40,46,0,86,155,NO,2,2,YES,136,146,282,129.13,135.83,264.95,-5.5,223
1990,4-Dec,,Tue,Denver,38,32,70,24,23,0,47,117,YES,2,0,NO,Cleveland,29,28,57,34,30,0,64,121,YES,0,2,NO,127,111,238,120.13,100.83,220.95,-11,251.5
1990,4-Dec,,Tue,Detroit,27,17,44,19,27,0,46,90,NO,2,0,NO,LAL,28,27,55,28,31,0,59,114,YES,1,2,YES,99,105,204,92.13,94.83,186.95,-4.5,197
1990,4-Dec,,Tue,Indiana,24,12,36,12,33,0,45,81,YES,1,0,YES,Minnesota,22,22,44,22,17,0,39,83,NO,1,1,YES,80,84,164,73.13,73.83,146.95,-2.5,191
1990,4-Dec,,Tue,Atlanta,29,27,56,25,32,0,57,113,YES,3,0,NO,Houston,32,33,65,26,19,0,45,110,NO,1,2,NO,121,102,223,114.13,91.83,205.95,-9,216.5
1990,4-Dec,,Tue,Portland,29,23,52,22,24,0,46,98,YES,1,0,NO,Miami,17,22,39,27,29,0,56,95,NO,1,2,NO,91,102,193,84.13,91.83,175.95,9.5,223
1990,4-Dec,,Tue,Dallas,24,18,42,22,19,0,41,83,NO,2,0,NO,Sacramento,28,25,53,22,28,0,50,103,NO,1,2,YES,95,91,186,88.13,80.83,168.95,-1,184.5
1990,5-Dec,,Wed,Denver,37,41,78,38,24,0,62,140,NO,0,1,NO,Boston,39,36,75,38,35,0,73,148,YES,1,1,NO,153,135,288,146.13,124.83,270.95,-19,279.5
1990,5-Dec,,Wed,Cleveland,25,21,46,29,24,10,53,99,YES,0,2,NO,Milwaukee,22,17,39,37,23,14,60,99,YES,1,0,YES,85,113,198,78.13,102.83,180.95,-10.5,200.5
1990,5-Dec,,Wed,Detroit,24,20,44,26,15,0,41,85,NO,0,1,NO,Utah,23,21,44,29,33,0,62,106,NO,1,1,NO,88,103,191,81.13,92.83,173.95,-4.5,189
1990,5-Dec,,Wed,Phoenix,34,36,70,28,23,0,51,121,NO,0,1,NO,Indiana,30,32,62,30,34,0,64,126,NO,1,0,YES,132,115,247,125.13,104.83,229.95,3,225
1990,5-Dec,,Wed,Atlanta,27,31,58,28,24,0,52,110,NO,0,1,YES,San Antonio,29,24,53,33,22,0,55,108,NO,2,3,NO,111,107,218,104.13,96.83,200.95,-12.5,229.5
1990,5-Dec,,Wed,Portland,29,30,59,28,32,0,60,119,NO,0,1,NO,Orlando,27,29,56,24,30,0,54,110,NO,1,0,YES,115,114,229,108.13,103.83,211.95,9.5,217
1990,5-Dec,,Wed,Washington,17,25,42,30,32,0,62,104,NO,1,0,NO,Golden State,20,28,48,27,23,0,50,98,NO,1,3,YES,90,112,202,83.13,101.83,184.95,-11,229
1990,5-Dec,,Wed,Dallas,29,18,47,21,21,0,42,89,NO,0,1,YES,LAC,28,18,46,25,22,0,47,93,NO,2,2,NO,93,89,182,86.13,78.83,164.95,-8.5,193.5
1990,6-Dec,,Thu,Oklahoma City,27,19,46,33,26,0,59,105,NO,1,0,NO,Miami,27,19,46,28,29,0,57,103,YES,4,1,NO,92,116,208,85.13,105.83,190.95,-1,207
1990,6-Dec,,Thu,Washington,18,22,40,27,19,0,46,86,NO,0,2,NO,Sacramento,28,27,55,23,26,0,49,104,NO,1,1,NO,95,95,190,88.13,84.83,172.95,-6,188
1990,6-Dec,,Thu,LAL,28,14,42,15,26,0,41,83,YES,1,0,NO,Minnesota,14,22,36,21,16,0,37,73,NO,4,1,NO,78,78,156,71.13,67.83,138.95,6.5,189
1990,6-Dec,,Thu,New Orleans,23,23,46,33,31,0,64,110,NO,4,1,YES,Houston,35,27,62,26,28,0,54,116,YES,1,1,NO,108,118,226,101.13,107.83,208.95,-8.5,218
1990,7-Dec,,Fri,Boston,26,24,50,31,31,0,62,112,YES,1,0,NO,Dallas,23,25,48,28,28,0,56,104,NO,0,1,YES,98,118,216,91.13,107.83,198.95,5,202.5
1990,7-Dec,,Fri,Phoenix,30,34,64,37,28,0,65,129,NO,1,0,NO,Brooklyn,27,25,52,25,33,0,58,110,NO,2,2,NO,116,123,239,109.13,112.83,221.95,8.5,220.5
1990,7-Dec,,Fri,New York,28,22,50,23,25,0,48,98,YES,2,0,NO,Chicago,30,31,61,22,25,0,47,108,NO,0,2,NO,111,95,206,104.13,84.83,188.95,-9.5,220.5
1990,7-Dec,,Fri,Denver,34,29,63,32,31,0,63,126,NO,1,0,NO,Philadelphia,40,38,78,26,31,0,57,135,YES,3,2,NO,141,120,261,134.13,109.83,243.95,-13.5,269
1990,7-Dec,,Fri,Detroit,26,25,51,26,33,0,59,110,NO,1,0,NO,Golden State,28,30,58,30,25,0,55,113,YES,3,1,NO,109,114,223,102.13,103.83,205.95,1.5,218.5
1990,7-Dec,,Fri,Portland,38,23,61,38,28,0,66,127,NO,1,0,NO,Indiana,26,28,54,26,25,0,51,105,NO,0,1,NO,115,117,232,108.13,106.83,214.95,3.5,220
1990,7-Dec,,Fri,Milwaukee,29,15,44,30,30,0,60,104,YES,1,1,YES,Atlanta,30,29,59,25,19,0,44,103,NO,0,1,YES,103,104,207,96.13,93.83,189.95,-4,214
1990,7-Dec,,Fri,Oklahoma City,28,20,48,27,25,0,52,100,NO,0,1,NO,Orlando,23,24,47,31,28,0,59,106,NO,0,1,NO,95,111,206,88.13,100.83,188.95,-2,209
1990,7-Dec,,Fri,LAL,23,16,39,19,21,0,40,79,NO,0,1,YES,Utah,25,29,54,20,27,0,47,101,YES,0,1,NO,93,87,180,86.13,76.83,162.95,-4.5,190
1990,8-Dec,,Sat,Boston,34,24,58,16,22,0,38,96,NO,0,1,NO,San Antonio,28,19,47,28,27,0,55,102,YES,2,2,NO,105,93,198,98.13,82.83,180.95,-7.5,226
1990,8-Dec,,Sat,New York,28,21,49,17,20,0,37,86,NO,0,2,YES,Atlanta,39,23,62,23,14,0,37,99,YES,3,0,NO,111,74,185,104.13,63.83,167.95,-4,214
1990,8-Dec,,Sat,Portland,33,27,60,16,33,0,49,109,NO,0,2,YES,Chicago,30,17,47,24,30,0,54,101,YES,2,0,NO,107,103,210,100.13,92.83,192.95,-6,224.5
1990,8-Dec,,Sat,Cleveland,32,20,52,17,30,0,47,99,NO,2,3,YES,Indiana,29,26,55,31,28,0,59,114,YES,2,0,NO,107,106,213,100.13,95.83,195.95,-5.5,206.5
1990,8-Dec,,Sat,Detroit,24,29,53,26,25,0,51,104,NO,0,2,YES,Sacramento,21,18,39,23,31,0,54,93,YES,2,1,NO,92,105,197,85.13,94.83,179.95,7,185.5
1990,8-Dec,,Sat,Phoenix,35,28,63,27,23,0,50,113,NO,0,2,YES,Orlando,26,22,48,40,21,0,61,109,NO,2,0,NO,111,111,222,104.13,100.83,204.95,8.5,225
1990,8-Dec,,Sat,Denver,43,24,67,29,30,0,59,126,NO,0,2,YES,New Orleans,37,30,67,28,24,0,52,119,YES,1,1,YES,134,111,245,127.13,100.83,227.95,-10,271
1990,8-Dec,,Sat,Utah,25,28,53,24,28,0,52,105,YES,0,2,YES,LAC,16,21,37,31,27,0,58,95,YES,2,2,NO,90,110,200,83.13,99.83,182.95,-2.5,191
1990,8-Dec,,Sat,Houston,30,26,56,30,27,0,57,113,YES,1,1,YES,Dallas,24,23,47,33,27,0,60,107,YES,3,0,NO,103,117,220,96.13,106.83,202.95,2.5,196
1990,9-Dec,,Sun,Oklahoma City,28,24,52,20,27,0,47,99,NO,1,2,YES,Milwaukee,31,12,43,28,34,0,62,105,NO,1,1,YES,95,109,204,88.13,98.83,186.95,-10,210.5
1990,9-Dec,,Sun,Washington,20,28,48,26,25,0,51,99,NO,2,1,NO,LAL,29,31,60,19,27,0,46,106,NO,2,1,YES,108,97,205,101.13,86.83,187.95,-15.5,208.5
1990,10-Dec,,Mon,Boston,32,17,49,29,29,0,58,107,NO,1,1,YES,Houston,24,28,52,27,16,0,43,95,YES,1,1,YES,101,101,202,94.13,90.83,184.95,-2.5,220.5
1990,10-Dec,,Mon,New Orleans,26,28,54,27,34,0,61,115,YES,1,1,YES,Brooklyn,30,25,55,28,38,0,66,121,YES,2,2,NO,109,127,236,102.13,116.83,218.95,-1.5,209.5
1990,11-Dec,,Tue,Miami,19,10,29,30,31,0,61,90,YES,4,0,YES,New York,26,29,55,27,27,0,54,109,YES,1,2,YES,84,115,199,77.13,104.83,181.95,-9,206
1990,11-Dec,,Tue,Philadelphia,29,34,63,26,30,0,56,119,YES,3,0,YES,Orlando,29,22,51,29,34,0,63,114,YES,1,2,NO,114,119,233,107.13,108.83,215.95,5,211.5
1990,11-Dec,,Tue,Chicago,28,27,55,10,22,0,32,87,YES,2,2,YES,Milwaukee,28,25,53,24,22,0,46,99,YES,0,1,NO,108,78,186,101.13,67.83,168.95,0,212
1990,11-Dec,,Tue,San Antonio,26,24,50,20,25,0,45,95,YES,2,0,NO,Detroit,22,25,47,15,24,0,39,86,YES,2,2,YES,97,84,181,90.13,73.83,163.95,-6,203.5
1990,11-Dec,,Tue,Indiana,34,19,53,14,29,0,43,96,YES,2,0,NO,Portland,33,30,63,29,30,0,59,122,YES,1,2,YES,116,102,218,109.13,91.83,200.95,-13.5,224
1990,11-Dec,,Tue,Washington,37,31,68,37,20,0,57,125,NO,1,2,YES,Denver,36,36,72,28,28,0,56,128,YES,1,2,YES,140,113,253,133.13,102.83,235.95,-7,251.5
1990,11-Dec,,Tue,LAC,23,28,51,28,16,0,44,95,YES,2,0,NO,Minnesota,30,21,51,22,28,0,50,101,NO,1,4,NO,102,94,196,95.13,83.83,178.95,-5,184
1990,11-Dec,,Tue,Golden State,30,26,56,29,32,0,61,117,YES,3,1,YES,Utah,21,43,64,36,35,0,71,135,NO,1,2,YES,120,132,252,113.13,121.83,234.95,-10,222
1990,11-Dec,,Tue,Sacramento,18,21,39,28,23,0,51,90,YES,2,1,YES,Phoenix,31,26,57,26,30,0,56,113,NO,1,2,YES,96,107,203,89.13,96.83,185.95,-16,218.5
1990,12-Dec,,Wed,Milwaukee,24,24,48,24,39,0,63,111,YES,0,2,YES,Boston,34,32,66,40,23,0,63,129,NO,1,1,YES,114,126,240,107.13,115.83,222.95,-10.5,216
1990,12-Dec,,Wed,Houston,33,33,66,23,19,0,42,108,YES,1,1,NO,Philadelphia,22,26,48,25,27,0,52,100,NO,1,0,YES,114,94,208,107.13,83.83,190.95,-4.5,216.5
1990,12-Dec,,Wed,LAC,19,29,48,30,22,0,52,100,NO,0,1,NO,Cleveland,22,31,53,13,24,0,37,90,NO,1,3,YES,101,89,190,94.13,78.83,172.95,-9.5,201.5
1990,12-Dec,,Wed,Indiana,27,19,46,17,27,0,44,90,NO,0,2,NO,Oklahoma City,25,21,46,21,32,0,53,99,YES,0,2,YES,92,97,189,85.13,86.83,171.95,-7.5,208.5
1990,12-Dec,,Wed,Atlanta,33,24,57,27,34,0,61,118,YES,3,0,YES,Miami,25,27,52,21,20,0,41,93,YES,1,0,YES,109,102,211,102.13,91.83,193.95,4,212
1990,12-Dec,,Wed,Dallas,22,24,46,23,20,23,43,89,YES,3,1,NO,LAL,24,19,43,21,25,8,46,89,YES,2,2,NO,89,89,178,82.13,78.83,160.95,-13,201.5
1990,12-Dec,,Wed,San Antonio,28,18,46,23,23,0,46,92,NO,0,1,NO,New Orleans,20,24,44,19,18,0,37,81,NO,2,1,YES,90,83,173,83.13,72.83,155.95,4,216
1990,13-Dec,,Thu,Brooklyn,20,27,47,25,25,0,50,97,YES,2,1,YES,Atlanta,29,26,55,20,31,0,51,106,NO,1,0,YES,102,101,203,95.13,90.83,185.95,-10,212
1990,13-Dec,,Thu,New York,22,21,43,19,25,0,44,87,YES,1,1,NO,Minnesota,21,14,35,23,18,0,41,76,NO,1,1,NO,78,85,163,71.13,74.83,145.95,1,185
1990,13-Dec,,Thu,Orlando,31,31,62,23,29,0,52,114,YES,1,1,NO,Phoenix,38,22,60,27,38,0,65,125,YES,1,1,NO,122,117,239,115.13,106.83,221.95,-17,230.5
1990,13-Dec,,Thu,Denver,31,32,63,35,28,0,63,126,YES,1,1,YES,Utah,38,37,75,36,30,0,66,141,NO,1,1,NO,138,129,267,131.13,118.83,249.95,-16,256
1990,13-Dec,,Thu,Oklahoma City,32,18,50,26,30,0,56,106,YES,0,1,YES,Golden State,20,35,55,38,36,0,74,129,NO,1,1,YES,105,130,235,98.13,119.83,217.95,-10,229
1990,13-Dec,,Thu,Portland,38,15,53,16,19,0,35,88,YES,1,0,YES,Sacramento,19,27,46,24,30,0,54,100,NO,1,1,YES,99,89,188,92.13,78.83,170.95,9.5,206
1990,14-Dec,,Fri,Detroit,22,21,43,31,26,0,57,100,YES,2,3,NO,Boston,24,27,51,37,20,0,57,108,YES,0,1,NO,94,114,208,87.13,103.83,190.95,-7,215
1990,14-Dec,,Fri,Miami,21,22,43,23,26,0,49,92,YES,1,0,YES,Philadelphia,20,20,40,27,28,0,55,95,NO,3,1,NO,83,104,187,76.13,93.83,169.95,-14,213
1990,14-Dec,,Fri,LAC,22,21,43,28,17,0,45,88,NO,1,0,NO,Chicago,31,31,62,38,28,0,66,128,NO,0,2,YES,105,111,216,98.13,100.83,198.95,-15,217.5
1990,14-Dec,,Fri,San Antonio,25,26,51,29,21,15,50,101,NO,1,0,NO,Cleveland,33,29,62,21,18,5,39,101,YES,0,1,NO,113,89,202,106.13,78.83,184.95,5,198.5
1990,14-Dec,,Fri,Houston,27,26,53,18,22,0,40,93,NO,1,0,NO,Washington,23,26,49,26,31,0,57,106,YES,0,2,YES,102,97,199,95.13,86.83,181.95,4.5,207
1990,14-Dec,,Fri,Dallas,24,17,41,34,29,0,63,104,NO,1,0,NO,Portland,18,32,50,36,20,0,56,106,NO,1,0,YES,91,119,210,84.13,108.83,192.95,-14,210.5
1990,15-Dec,,Sat,Boston,31,26,57,33,24,0,57,114,YES,0,3,YES,Miami,20,26,46,19,35,0,54,100,YES,2,0,YES,103,111,214,96.13,100.83,196.95,8,211.5
1990,15-Dec,,Sat,New York,22,31,53,31,41,0,72,125,NO,1,2,YES,Brooklyn,32,29,61,12,31,0,43,104,NO,1,1,YES,114,115,229,107.13,104.83,211.95,3,197.5
1990,15-Dec,,Sat,Cleveland,5,28,33,28,37,0,65,98,YES,0,1,YES,Chicago,36,26,62,22,32,0,54,116,NO,2,0,NO,95,119,214,88.13,108.83,196.95,-15,211
1990,15-Dec,,Sat,Indiana,26,38,64,25,35,0,60,124,NO,2,0,NO,Utah,30,37,67,21,28,0,49,116,YES,1,1,NO,131,109,240,124.13,98.83,222.95,-13,206
1990,15-Dec,,Sat,LAC,20,24,44,25,23,0,48,92,NO,0,2,NO,Milwaukee,23,22,45,29,24,0,53,98,NO,2,2,YES,89,101,190,82.13,90.83,172.95,-14,205.5
1990,15-Dec,,Sat,Washington,26,27,53,26,34,0,60,113,YES,0,3,NO,Atlanta,28,32,60,26,39,0,65,125,YES,1,1,NO,113,125,238,106.13,114.83,220.95,-11,210.5
1990,15-Dec,,Sat,Orlando,30,24,54,26,28,0,54,108,NO,1,0,NO,Sacramento,34,28,62,17,38,0,55,117,NO,2,1,NO,116,109,225,109.13,98.83,207.95,-6.5,198.5
1990,15-Dec,,Sat,Phoenix,39,29,68,38,36,0,74,142,YES,1,2,NO,Denver,35,33,68,32,34,0,66,134,YES,3,1,YES,136,140,276,129.13,129.83,258.95,8,285
1990,15-Dec,,Sat,San Antonio,24,20,44,17,29,0,46,90,NO,0,2,NO,Minnesota,20,25,45,18,11,0,29,74,YES,2,1,NO,89,75,164,82.13,64.83,146.95,4.5,185.5
1990,15-Dec,,Sat,Dallas,31,20,51,29,25,0,54,105,NO,0,2,YES,Oklahoma City,28,23,51,29,26,0,55,106,NO,2,1,YES,102,109,211,95.13,98.83,193.95,-8.5,199
1990,15-Dec,,Sat,LAL,30,30,60,27,24,0,51,111,YES,2,0,YES,Golden State,29,28,57,34,18,0,52,109,YES,2,1,NO,117,103,220,110.13,92.83,202.95,1,225.5
1990,15-Dec,,Sat,Houston,34,22,56,31,13,0,44,100,NO,0,2,YES,New Orleans,25,18,43,27,27,0,54,97,NO,2,2,NO,99,98,197,92.13,87.83,179.95,1.5,217
1990,16-Dec,,Sun,Indiana,35,19,54,23,35,0,58,112,NO,0,2,YES,LAL,38,26,64,21,30,0,51,115,YES,1,0,YES,118,109,227,111.13,98.83,209.95,-12,209.5
1990,16-Dec,,Sun,Orlando,28,25,53,32,22,0,54,107,NO,0,1,NO,Portland,34,34,68,27,31,0,58,126,NO,1,1,NO,121,112,233,114.13,101.83,215.95,-18,229.5
1990,17-Dec,,Mon,Utah,19,31,50,26,24,0,50,100,YES,1,0,NO,Brooklyn,24,18,42,30,26,0,56,98,NO,1,1,NO,92,106,198,85.13,95.83,180.95,6,206
1990,17-Dec,,Mon,Atlanta,21,30,51,30,28,0,58,109,YES,1,2,YES,Cleveland,24,18,42,28,28,0,56,98,NO,1,1,YES,93,114,207,86.13,103.83,189.95,2,0
1990,18-Dec,,Tue,LAL,27,31,58,17,25,0,42,100,YES,1,0,NO,New York,23,27,50,23,24,0,47,97,YES,0,2,YES,108,89,197,101.13,78.83,179.95,4,202.5
1990,18-Dec,,Tue,LAC,27,18,45,24,30,0,54,99,NO,2,0,NO,Philadelphia,36,20,56,28,26,0,54,110,YES,0,3,NO,101,108,209,94.13,97.83,191.95,-8.5,209.5
1990,18-Dec,,Tue,Miami,31,23,54,19,30,0,49,103,YES,2,0,YES,Chicago,30,34,64,22,26,0,48,112,YES,0,2,NO,118,97,215,111.13,86.83,197.95,-16,213
1990,18-Dec,,Tue,Detroit,27,21,48,29,24,0,53,101,NO,3,0,YES,Milwaukee,18,25,43,29,34,0,63,106,YES,2,2,NO,91,116,207,84.13,105.83,189.95,-3,196
1990,18-Dec,,Tue,Orlando,25,25,50,31,24,0,55,105,NO,1,1,NO,Oklahoma City,32,33,65,30,27,0,57,122,YES,1,2,NO,115,112,227,108.13,101.83,209.95,-10.5,216
1990,18-Dec,,Tue,Minnesota,21,31,52,18,29,0,47,99,YES,2,0,NO,Sacramento,26,23,49,29,30,0,59,108,NO,1,2,NO,101,106,207,94.13,95.83,189.95,-6,179.5
1990,18-Dec,,Tue,Golden State,9,29,38,31,25,0,56,94,YES,2,1,YES,Portland,35,35,70,22,30,0,52,122,YES,1,1,NO,108,108,216,101.13,97.83,198.95,-11.5,248.5
1990,18-Dec,,Tue,Utah,24,28,52,20,33,0,53,105,NO,0,1,NO,New Orleans,26,26,52,24,24,0,48,100,NO,1,2,NO,104,101,205,97.13,90.83,187.95,3,206
1990,18-Dec,,Tue,Phoenix,24,34,58,27,29,0,56,114,NO,2,0,YES,Dallas,26,18,44,29,22,0,51,95,NO,2,2,YES,102,107,209,95.13,96.83,191.95,5.5,217
1990,18-Dec,,Tue,San Antonio,23,25,48,18,30,0,48,96,NO,2,0,YES,Houston,27,19,46,25,24,0,49,95,NO,1,2,YES,94,97,191,87.13,86.83,173.95,-1,207.5
1990,19-Dec,,Wed,Philadelphia,23,28,51,29,25,0,54,105,YES,0,1,NO,Boston,36,26,62,28,25,0,53,115,YES,0,3,YES,113,107,220,106.13,96.83,202.95,-10,221
1990,19-Dec,,Wed,LAC,24,26,50,27,28,0,55,105,NO,0,1,YES,Brooklyn,17,26,43,34,41,0,75,118,NO,1,1,NO,93,130,223,86.13,119.83,205.95,-4,205
1990,19-Dec,,Wed,New York,24,27,51,23,30,0,53,104,YES,0,1,NO,Miami,21,24,45,20,29,0,49,94,NO,1,0,YES,96,102,198,89.13,91.83,180.95,4,205.5
1990,19-Dec,,Wed,Chicago,20,10,30,27,27,0,54,84,YES,0,1,YES,Detroit,22,24,46,27,32,0,59,105,NO,1,0,YES,76,113,189,69.13,102.83,171.95,-3.5,200.5
1990,19-Dec,,Wed,LAL,23,22,45,18,11,0,29,74,NO,0,1,NO,Cleveland,24,16,40,25,19,0,44,84,YES,1,1,NO,85,73,158,78.13,62.83,140.95,6,196
1990,19-Dec,,Wed,Washington,35,21,56,28,22,8,50,106,NO,3,1,YES,Indiana,32,28,60,22,24,6,46,106,NO,1,2,YES,116,96,212,109.13,85.83,194.95,-9,213
1990,19-Dec,,Wed,Denver,19,32,51,25,33,0,58,109,YES,3,2,YES,San Antonio,36,40,76,34,34,0,68,144,YES,1,0,YES,127,126,253,120.13,115.83,235.95,-14.5,263
1990,19-Dec,,Wed,Minnesota,16,24,40,21,35,0,56,96,NO,0,2,NO,Phoenix,29,30,59,29,24,0,53,112,NO,1,0,YES,99,109,208,92.13,98.83,190.95,-15.5,207
1990,20-Dec,,Thu,Boston,27,29,56,31,28,0,59,115,YES,0,2,YES,New Orleans,17,29,46,18,32,0,50,96,YES,0,1,NO,102,109,211,95.13,98.83,193.95,6,216.5
1990,20-Dec,,Thu,Utah,14,21,35,21,31,0,52,87,NO,1,1,NO,Atlanta,29,22,51,30,24,0,54,105,YES,0,2,YES,86,106,192,79.13,95.83,174.95,-3,210.5
1990,20-Dec,,Thu,Orlando,31,29,60,33,26,7,59,119,NO,1,1,YES,Houston,29,21,50,41,28,9,69,119,NO,1,1,NO,110,128,238,103.13,117.83,220.95,-13.5,218.5
1990,20-Dec,,Thu,Oklahoma City,21,19,40,34,36,0,70,110,YES,1,1,YES,Sacramento,13,20,33,22,20,0,42,75,YES,1,1,NO,73,112,185,66.13,101.83,167.95,-4,199
1990,20-Dec,,Thu,Portland,25,29,54,36,28,0,64,118,YES,1,0,NO,Golden State,28,34,62,33,30,0,63,125,NO,1,1,YES,116,127,243,109.13,116.83,225.95,2.5,244.5
1990,21-Dec,,Fri,Cleveland,24,31,55,23,25,0,48,103,YES,1,0,YES,Brooklyn,23,26,49,24,38,0,62,111,YES,0,1,NO,104,110,214,97.13,99.83,196.95,-4,202.5
1990,21-Dec,,Fri,New York,23,22,45,22,18,0,40,85,NO,1,0,YES,Washington,28,22,50,20,17,0,37,87,YES,0,1,YES,95,77,172,88.13,66.83,154.95,3,205.5
1990,21-Dec,,Fri,Philadelphia,35,24,59,36,31,0,67,126,NO,1,0,YES,Miami,31,23,54,19,29,0,48,102,NO,1,1,NO,113,115,228,106.13,104.83,210.95,6,207.5
1990,21-Dec,,Fri,LAL,33,19,52,33,18,0,51,103,NO,1,1,YES,Chicago,36,20,56,34,24,0,58,114,NO,0,1,YES,108,109,217,101.13,98.83,199.95,-4.5,204
1990,21-Dec,,Fri,Atlanta,26,24,50,17,20,0,37,87,YES,0,1,NO,Detroit,31,25,56,28,29,0,57,113,YES,0,1,NO,106,94,200,99.13,83.83,182.95,-9,199
1990,21-Dec,,Fri,New Orleans,27,26,53,32,29,0,61,114,YES,0,4,NO,Indiana,37,31,68,39,30,0,69,137,YES,0,1,NO,121,130,251,114.13,119.83,233.95,-9.5,217
1990,21-Dec,,Fri,Milwaukee,23,22,45,19,25,0,44,89,YES,2,0,NO,Dallas,26,26,52,20,31,0,51,103,YES,0,2,NO,97,95,192,90.13,84.83,174.95,2.5,198
1990,21-Dec,,Fri,Portland,22,31,53,42,22,0,64,117,NO,0,1,YES,LAC,24,29,53,21,33,0,54,107,NO,1,1,YES,106,118,224,99.13,107.83,206.95,7,211
1990,21-Dec,,Fri,San Antonio,29,30,59,22,35,16,57,116,YES,1,0,YES,Phoenix,29,28,57,34,25,12,59,116,YES,0,1,NO,116,116,232,109.13,105.83,214.95,-6,218.5
1990,22-Dec,,Sat,Brooklyn,27,23,50,24,19,0,43,93,YES,0,3,YES,New York,22,31,53,27,26,0,53,106,NO,3,0,YES,103,96,199,96.13,85.83,181.95,-8,205
1990,22-Dec,,Sat,Detroit,27,19,46,21,32,0,53,99,YES,0,2,NO,Philadelphia,23,20,43,25,38,0,63,106,YES,3,0,YES,89,116,205,82.13,105.83,187.95,-1,200
1990,22-Dec,,Sat,Indiana,30,31,61,31,26,0,57,118,YES,0,3,NO,Chicago,44,25,69,31,28,0,59,128,NO,2,0,NO,130,116,246,123.13,105.83,228.95,-11.5,223
1990,22-Dec,,Sat,Washington,29,30,59,24,26,0,50,109,YES,0,3,YES,Cleveland,25,22,47,25,17,0,42,89,NO,3,0,YES,106,92,198,99.13,81.83,180.95,-6,200.5
1990,22-Dec,,Sat,Milwaukee,25,32,57,34,23,0,57,114,NO,0,3,YES,San Antonio,33,24,57,26,15,0,41,98,NO,3,0,YES,114,98,212,107.13,87.83,194.95,-7.5,207.5
1990,22-Dec,,Sat,Utah,26,23,49,23,32,0,55,104,NO,1,0,NO,Orlando,22,22,44,23,29,0,52,96,NO,3,1,YES,93,107,200,86.13,96.83,182.95,7,210
1990,22-Dec,,Sat,Dallas,33,25,58,18,43,0,61,119,YES,0,3,NO,Denver,25,25,50,33,27,0,60,110,YES,0,2,YES,108,121,229,101.13,110.83,211.95,-2,237.5
1990,22-Dec,,Sat,Minnesota,30,20,50,27,25,0,52,102,NO,2,0,NO,Golden State,27,26,53,38,24,0,62,115,YES,3,1,NO,103,114,217,96.13,103.83,199.95,-13,214
1990,22-Dec,,Sat,Sacramento,19,14,33,27,33,0,60,93,YES,1,0,NO,Oklahoma City,32,27,59,33,29,0,62,121,YES,3,1,YES,92,122,214,85.13,111.83,196.95,-9,204
1990,22-Dec,,Sat,Phoenix,23,26,49,19,34,0,53,102,YES,0,3,YES,Houston,23,31,54,33,35,0,68,122,YES,3,1,NO,103,121,224,96.13,110.83,206.95,-3.5,226
1990,23-Dec,,Sun,Atlanta,18,23,41,27,36,0,63,104,NO,1,2,NO,Boston,33,36,69,34,29,0,63,132,NO,2,2,YES,110,126,236,103.13,115.83,218.95,0,0
1990,23-Dec,,Sun,Utah,32,21,53,26,14,0,40,93,NO,0,3,YES,Miami,37,15,52,19,28,0,47,99,YES,2,1,NO,105,87,192,98.13,76.83,174.95,6.5,202
1990,23-Dec,,Sun,Denver,21,34,55,21,25,0,46,101,YES,0,2,NO,Portland,29,36,65,30,37,0,67,132,YES,2,1,YES,120,113,233,113.13,102.83,215.95,-21.5,261.5
1990,23-Dec,,Sun,Minnesota,21,27,48,22,24,0,46,94,NO,0,4,YES,LAL,31,31,62,29,27,0,56,118,YES,2,1,YES,110,102,212,103.13,91.83,194.95,-15,190.5
1990,23-Dec,,Sun,Sacramento,18,30,48,27,24,0,51,99,NO,0,2,YES,LAC,29,22,51,30,28,0,58,109,NO,2,1,NO,99,109,208,92.13,98.83,190.95,-9,197
1990,25-Dec,,Tue,Detroit,26,24,50,14,22,0,36,86,NO,2,0,YES,Chicago,23,22,45,28,25,0,53,98,NO,1,2,NO,95,89,184,88.13,78.83,166.95,-5.5,208.5
1990,26-Dec,,Wed,Indiana,40,23,63,36,33,0,69,132,NO,3,2,YES,Boston,40,35,75,40,37,0,77,152,YES,1,2,NO,138,146,284,131.13,135.83,266.95,-12.5,236.5
1990,26-Dec,,Wed,Atlanta,24,30,54,37,22,0,59,113,NO,2,1,YES,Brooklyn,20,32,52,34,25,0,59,111,NO,1,3,YES,106,118,224,99.13,107.83,206.95,2.5,215
1990,26-Dec,,Wed,Portland,26,22,48,28,32,0,60,108,YES,2,0,NO,New York,20,24,44,19,29,0,48,92,NO,2,3,NO,92,108,200,85.13,97.83,182.95,3.5,209
1990,26-Dec,,Wed,Philadelphia,25,29,54,25,21,6,46,100,YES,3,1,NO,Washington,22,29,51,23,26,5,49,100,NO,0,3,YES,105,95,200,98.13,84.83,182.95,2.5,205.5
1990,26-Dec,,Wed,Oklahoma City,26,21,47,24,28,0,52,99,YES,3,0,NO,Cleveland,22,22,44,35,18,0,53,97,NO,2,3,NO,91,105,196,84.13,94.83,178.95,-2.5,202
1990,26-Dec,,Wed,New Orleans,17,25,42,26,26,0,52,94,NO,4,0,YES,Detroit,32,20,52,30,20,0,50,102,YES,1,0,YES,94,102,196,87.13,91.83,178.95,-13,204.5
1990,26-Dec,,Wed,Golden State,32,29,61,19,39,0,58,119,YES,3,0,NO,Milwaukee,30,32,62,24,40,0,64,126,YES,2,3,YES,123,122,245,116.13,111.83,227.95,-7.5,230
1990,26-Dec,,Wed,Miami,26,32,58,19,20,0,39,97,YES,2,0,NO,San Antonio,28,23,51,34,26,0,60,111,NO,1,3,NO,109,99,208,102.13,88.83,190.95,-17,214.5
1990,26-Dec,,Wed,Houston,30,21,51,28,24,0,52,103,YES,3,1,NO,Orlando,21,30,51,28,30,0,58,109,YES,2,3,NO,102,110,212,95.13,99.83,194.95,4.5,218.5
1990,26-Dec,,Wed,Denver,30,34,64,29,35,0,64,128,NO,2,0,YES,Sacramento,31,34,65,27,20,0,47,112,YES,1,2,YES,129,111,240,122.13,100.83,222.95,-9,234
1990,26-Dec,,Wed,LAL,31,22,53,32,23,0,55,108,YES,2,3,YES,LAC,23,23,46,26,27,0,53,99,YES,2,2,NO,99,108,207,92.13,97.83,189.95,5.5,202.5
1990,26-Dec,,Wed,Dallas,23,18,41,24,23,0,47,88,NO,3,0,NO,Phoenix,26,21,47,34,34,0,68,115,NO,1,3,YES,88,115,203,81.13,104.83,185.95,-13,214
1990,27-Dec,,Thu,Golden State,25,25,50,35,28,0,63,113,NO,0,1,NO,Chicago,28,36,64,41,23,0,64,128,NO,1,1,NO,114,127,241,107.13,116.83,223.95,-12,240
1990,27-Dec,,Thu,Miami,27,34,61,24,39,0,63,124,NO,0,1,NO,Denver,29,32,61,27,26,0,53,114,YES,1,0,YES,122,116,238,115.13,105.83,220.95,-5.5,243
1990,27-Dec,,Thu,Oklahoma City,32,39,71,32,22,0,54,125,NO,0,1,NO,Washington,28,29,57,33,30,0,63,120,NO,1,0,NO,128,117,245,121.13,106.83,227.95,-2.5,202
1990,27-Dec,,Thu,Portland,28,23,51,20,34,0,54,105,NO,0,1,NO,New Orleans,20,24,44,24,28,0,52,96,NO,1,0,YES,95,106,201,88.13,95.83,183.95,9.5,215
1990,27-Dec,,Thu,Dallas,25,22,47,34,21,0,55,102,NO,0,1,YES,Utah,27,29,56,31,23,0,54,110,NO,1,3,YES,103,109,212,96.13,98.83,194.95,-13.5,192
1990,28-Dec,,Fri,Boston,26,27,53,27,34,0,61,114,YES,1,4,YES,Atlanta,30,37,67,35,29,0,64,131,NO,0,1,YES,120,125,245,113.13,114.83,227.95,4,220.5
1990,28-Dec,,Fri,Houston,28,20,48,30,23,0,53,101,NO,1,0,NO,Brooklyn,27,25,52,21,26,0,47,99,YES,0,1,NO,100,100,200,93.13,89.83,182.95,5,212
1990,28-Dec,,Fri,Philadelphia,27,24,51,23,22,0,45,96,NO,1,1,NO,Phoenix,29,30,59,23,33,0,56,115,NO,0,1,NO,110,101,211,103.13,90.83,193.95,-9.5,224
1990,28-Dec,,Fri,Detroit,14,18,32,33,32,0,65,97,YES,1,0,YES,Minnesota,14,21,35,20,30,0,50,85,NO,1,4,YES,67,115,182,60.13,104.83,164.95,7.5,181
1990,28-Dec,,Fri,Sacramento,19,24,43,15,30,0,45,88,YES,1,0,NO,San Antonio,30,27,57,28,19,0,47,104,YES,4,1,NO,100,92,192,93.13,81.83,174.95,-16,209
1990,29-Dec,,Sat,Brooklyn,25,27,52,22,31,0,53,105,YES,0,5,YES,Indiana,28,28,56,32,26,0,58,114,NO,3,2,YES,108,111,219,101.13,100.83,201.95,-12,225
1990,29-Dec,,Sat,Milwaukee,27,37,64,18,27,0,45,109,YES,2,0,YES,New York,24,23,47,32,21,0,53,100,YES,3,2,NO,111,98,209,104.13,87.83,191.95,-4,203
1990,29-Dec,,Sat,Oklahoma City,27,23,50,16,25,0,41,91,NO,1,0,NO,Chicago,38,20,58,25,33,0,58,116,YES,4,1,NO,108,99,207,101.13,88.83,189.95,-12.5,218.5
1990,29-Dec,,Sat,Portland,32,31,63,34,23,0,57,120,NO,1,0,NO,Cleveland,33,23,56,31,27,0,58,114,NO,3,2,NO,119,115,234,112.13,104.83,216.95,8,203
1990,29-Dec,,Sat,Houston,21,16,37,25,22,0,47,84,NO,0,4,YES,Detroit,27,22,49,29,21,0,50,99,NO,3,0,YES,86,97,183,79.13,86.83,165.95,-8,195
1990,29-Dec,,Sat,Golden State,28,32,60,33,37,0,70,130,NO,1,4,NO,Atlanta,42,28,70,32,32,0,64,134,NO,3,0,NO,130,134,264,123.13,123.83,246.95,-5.5,244.5
1990,29-Dec,,Sat,Miami,29,30,59,21,15,0,36,95,NO,1,0,NO,Phoenix,34,31,65,49,20,0,69,134,YES,3,0,NO,124,105,229,117.13,94.83,211.95,-18,221
1990,29-Dec,,Sat,Orlando,22,31,53,27,20,0,47,100,YES,2,0,YES,New Orleans,23,25,48,31,30,0,61,109,NO,3,1,NO,101,108,209,94.13,97.83,191.95,-6,215
1990,29-Dec,,Sat,Denver,35,26,61,27,45,0,72,133,YES,1,0,NO,Washington,48,33,81,36,44,0,80,161,NO,4,1,NO,142,152,294,135.13,141.83,276.95,-10.5,244
1990,29-Dec,,Sat,LAC,24,25,49,37,16,0,53,102,YES,2,0,YES,Utah,21,37,58,39,34,0,73,131,NO,3,1,NO,107,126,233,100.13,115.83,215.95,-12.5,204.5
1990,29-Dec,,Sat,Sacramento,14,16,30,24,25,0,49,79,NO,0,4,YES,Dallas,24,24,48,26,16,0,42,90,YES,3,1,YES,78,91,169,71.13,80.83,151.95,-10.5,193
1990,30-Dec,,Sun,Philadelphia,19,29,48,27,32,0,59,107,NO,1,2,NO,LAL,36,28,64,23,28,0,51,115,YES,3,3,YES,112,110,222,105.13,99.83,204.95,-7.5,210.5
1990,30-Dec,,Sun,Portland,29,31,60,21,31,0,52,112,NO,0,3,YES,Milwaukee,29,28,57,33,27,0,60,117,YES,2,0,YES,117,112,229,110.13,101.83,211.95,-3,214.5
1990,30-Dec,,Sun,Miami,24,22,46,31,35,0,66,112,NO,0,2,NO,LAC,33,24,57,16,24,0,40,97,YES,2,0,YES,103,106,209,96.13,95.83,191.95,-12,205.5
1990,30-Dec,,Sun,Denver,23,26,49,31,36,0,67,116,NO,0,2,NO,Orlando,35,37,72,38,45,0,83,155,NO,3,0,YES,121,150,271,114.13,139.83,253.95,-11,250.5
1990,30-Dec,,Sun,Oklahoma City,24,20,44,26,36,0,62,106,NO,0,2,YES,Minnesota,29,29,58,34,34,0,68,126,NO,2,1,NO,102,130,232,95.13,119.83,214.95,-2,187
1991,2-Jan,,Wed,New York,18,18,36,24,26,0,50,86,YES,3,0,YES,Boston,30,35,65,27,21,0,48,113,NO,1,4,YES,101,98,199,96.06,89.68,185.74,-11,219
1991,2-Jan,,Wed,Philadelphia,25,18,43,29,27,0,56,99,NO,2,1,NO,Oklahoma City,31,26,57,38,32,0,70,127,NO,1,2,YES,100,126,226,95.06,117.68,212.74,-2.5,216
1991,2-Jan,,Wed,Phoenix,23,29,52,21,32,0,53,105,YES,3,1,NO,Cleveland,25,22,47,21,15,0,36,83,NO,1,3,NO,99,89,188,94.06,80.68,174.74,5,214
1991,2-Jan,,Wed,Denver,21,25,46,28,33,0,61,107,NO,2,0,NO,Detroit,29,25,54,32,32,0,64,118,YES,1,3,NO,100,125,225,95.06,116.68,211.74,-21.5,242
1991,2-Jan,,Wed,San Antonio,34,27,61,24,24,0,48,109,YES,4,1,NO,Indiana,45,20,65,30,26,0,56,121,YES,1,3,NO,126,104,230,121.06,95.68,216.74,3.5,225.5
1991,2-Jan,,Wed,Milwaukee,28,24,52,24,30,0,54,106,YES,2,0,YES,New Orleans,26,24,50,20,21,0,41,91,YES,0,3,NO,102,95,197,97.06,86.68,183.74,4,210
1991,2-Jan,,Wed,LAC,23,23,46,32,29,0,61,107,YES,2,0,NO,Atlanta,30,34,64,22,34,0,56,120,NO,1,3,NO,110,117,227,105.06,108.68,213.74,-10.5,220
1991,2-Jan,,Wed,Miami,28,30,58,25,21,0,46,104,NO,2,1,NO,Utah,28,20,48,34,30,0,64,112,NO,1,3,NO,106,110,216,101.06,101.68,202.74,-18.5,211
1991,2-Jan,,Wed,Dallas,26,22,48,21,26,0,47,95,YES,3,0,NO,Minnesota,26,19,45,32,38,0,70,115,NO,1,2,NO,93,117,210,88.06,108.68,196.74,-1.5,187.5
1991,3-Jan,,Thu,Denver,30,23,53,31,24,0,55,108,NO,0,1,YES,New York,36,32,68,38,29,0,67,135,NO,2,0,YES,121,122,243,116.06,113.68,229.74,-18,236
1991,3-Jan,,Thu,Chicago,31,20,51,18,23,0,41,92,YES,4,1,YES,Houston,30,29,59,30,25,0,55,114,NO,1,4,YES,110,96,206,105.06,87.68,192.74,1.5,211
1991,3-Jan,,Thu,Dallas,20,22,42,23,22,0,45,87,NO,0,2,NO,Milwaukee,31,18,49,18,30,0,48,97,NO,1,0,YES,91,93,184,86.06,84.68,170.74,-11.5,200
1991,3-Jan,,Thu,LAC,32,26,58,33,17,0,50,108,NO,0,1,NO,Orlando,38,17,55,26,29,0,55,110,NO,1,3,NO,113,105,218,108.06,96.68,204.74,-4.5,220.5
1991,3-Jan,,Thu,New Orleans,23,26,49,36,23,0,59,108,YES,0,1,YES,Washington,31,29,60,28,30,0,58,118,YES,0,4,NO,109,117,226,104.06,108.68,212.74,-8,211.5
1991,3-Jan,,Thu,LAL,33,17,50,27,31,0,58,108,YES,3,0,NO,Portland,24,27,51,29,24,0,53,104,NO,1,3,YES,101,111,212,96.06,102.68,198.74,-6,216.5
1991,3-Jan,,Thu,Golden State,26,43,69,21,23,0,44,113,NO,4,0,YES,Sacramento,38,34,72,35,24,0,59,131,NO,1,4,YES,141,103,244,136.06,94.68,230.74,4.5,229
1991,4-Jan,,Fri,Phoenix,27,32,59,18,26,0,44,103,NO,1,0,NO,Boston,31,36,67,35,30,0,65,132,NO,1,1,NO,126,109,235,121.06,100.68,221.74,-7,238
1991,4-Jan,,Fri,San Antonio,27,22,49,22,22,0,44,93,NO,1,0,NO,Brooklyn,24,21,45,25,19,0,44,89,YES,0,5,YES,94,88,182,89.06,79.68,168.74,7,211.5
1991,4-Jan,,Fri,Philadelphia,23,23,46,25,28,0,53,99,NO,1,0,NO,Utah,26,26,52,28,22,0,50,102,YES,0,1,NO,98,103,201,93.06,94.68,187.74,-8.5,213
1991,4-Jan,,Fri,Detroit,24,21,45,26,27,0,53,98,YES,1,0,YES,Cleveland,21,27,48,27,19,0,46,94,YES,0,1,NO,93,99,192,88.06,90.68,178.74,6.5,188.5
1991,4-Jan,,Fri,Indiana,29,29,58,21,17,0,38,96,YES,1,0,NO,Atlanta,32,27,59,23,29,0,52,111,NO,0,1,NO,117,90,207,112.06,81.68,193.74,-7,240
1991,4-Jan,,Fri,Miami,21,21,42,33,11,0,44,86,NO,1,0,NO,Oklahoma City,27,25,52,24,36,0,60,112,YES,1,1,NO,94,104,198,89.06,95.68,184.74,-14,217
1991,4-Jan,,Fri,Washington,30,24,54,28,29,0,57,111,YES,0,3,NO,Minnesota,24,35,59,21,20,0,41,100,YES,0,1,NO,113,98,211,108.06,89.68,197.74,-5.5,207
1991,4-Jan,,Fri,LAL,32,24,56,23,20,0,43,99,NO,0,1,YES,Golden State,25,34,59,30,26,0,56,115,YES,1,0,YES,115,99,214,110.06,90.68,200.74,-1,228.5
1991,5-Jan,,Sat,Brooklyn,28,19,47,14,22,0,36,83,YES,0,1,YES,Detroit,20,24,44,27,28,0,55,99,YES,2,0,YES,91,91,182,86.06,82.68,168.74,-13,196
1991,5-Jan,,Sat,Philadelphia,27,35,62,34,24,0,58,120,NO,0,1,YES,Denver,16,35,51,29,24,0,53,104,YES,2,1,YES,113,111,224,108.06,102.68,210.74,7,246
1991,5-Jan,,Sat,Cleveland,19,26,45,27,20,0,47,92,YES,0,2,NO,Chicago,14,40,54,26,28,0,54,108,NO,2,1,YES,99,101,200,94.06,92.68,186.74,-16.5,211.5
1991,5-Jan,,Sat,Indiana,32,21,53,12,34,0,46,99,NO,0,2,YES,Houston,24,32,56,22,34,0,56,112,NO,2,1,NO,109,102,211,104.06,93.68,197.74,-4,219.5
1991,5-Jan,,Sat,Phoenix,26,22,48,26,12,0,38,86,NO,0,1,NO,Milwaukee,19,20,39,25,24,0,49,88,NO,2,1,NO,87,87,174,82.06,78.68,160.74,-6,219.5
1991,5-Jan,,Sat,Minnesota,29,33,62,21,25,4,46,108,YES,0,1,YES,Atlanta,26,34,60,28,20,9,48,108,NO,2,0,NO,122,94,216,117.06,85.68,202.74,-12.5,213.5
1991,5-Jan,,Sat,Miami,27,20,47,29,32,0,61,108,NO,0,2,YES,Portland,34,43,77,30,25,0,55,132,NO,0,1,NO,124,116,240,119.06,107.68,226.74,-22,218
1991,5-Jan,,Sat,San Antonio,25,31,56,24,27,0,51,107,NO,0,1,NO,Orlando,23,22,45,23,22,0,45,90,NO,1,1,NO,101,96,197,96.06,87.68,183.74,6.5,211
1991,5-Jan,,Sat,Utah,29,25,54,30,22,0,52,106,YES,0,2,YES,Sacramento,24,29,53,19,26,0,45,98,YES,1,1,NO,107,97,204,102.06,88.68,190.74,3.5,202.5
1991,5-Jan,,Sat,LAC,25,29,54,22,27,0,49,103,NO,1,0,NO,New Orleans,31,27,58,24,29,0,53,111,NO,2,1,YES,112,102,214,107.06,93.68,200.74,-1,211.5
1991,6-Jan,,Sun,Dallas,35,19,54,25,31,0,56,110,NO,2,0,NO,Boston,22,42,64,26,37,0,63,127,YES,1,1,NO,118,119,237,113.06,110.68,223.74,-16,216
1991,6-Jan,,Sun,LAC,25,16,41,27,22,0,49,90,NO,0,1,NO,New York,22,31,53,31,15,0,46,99,NO,1,2,NO,94,95,189,89.06,86.68,175.74,-10.5,210.5
1991,6-Jan,,Sun,Oklahoma City,22,30,52,28,31,0,59,111,YES,1,1,YES,Portland,31,34,65,22,27,0,49,114,YES,1,0,NO,117,108,225,112.06,99.68,211.74,-11.5,225.5
1991,6-Jan,,Sun,Golden State,23,34,57,26,25,0,51,108,YES,1,1,YES,LAL,33,33,66,38,31,0,69,135,YES,1,1,YES,123,120,243,118.06,111.68,229.74,-11,234
1991,7-Jan,,Mon,Dallas,16,20,36,27,16,9,43,79,NO,0,1,YES,Brooklyn,19,15,34,21,24,8,45,79,YES,0,1,YES,70,88,158,65.06,79.68,144.74,-6,197
1991,7-Jan,,Mon,San Antonio,20,30,50,24,22,15,46,96,NO,1,0,NO,Philadelphia,27,25,52,31,13,6,44,96,NO,1,1,YES,102,90,192,97.06,81.68,178.74,-1,206.5
1991,7-Jan,,Mon,Sacramento,25,16,41,22,20,0,42,83,YES,1,0,NO,Orlando,27,29,56,20,35,0,55,111,NO,1,1,NO,97,97,194,92.06,88.68,180.74,-6,210
1991,7-Jan,,Mon,Phoenix,38,27,65,21,33,0,54,119,NO,1,1,YES,Minnesota,23,32,55,19,32,0,51,106,YES,1,1,YES,120,105,225,115.06,96.68,211.74,7,213
1991,8-Jan,,Tue,Boston,23,25,48,30,23,0,53,101,YES,1,0,YES,New York,25,21,46,20,21,0,41,87,NO,1,1,NO,94,94,188,89.06,85.68,174.74,1.5,206
1991,8-Jan,,Tue,Brooklyn,28,30,58,20,24,0,44,102,YES,0,3,NO,Chicago,31,38,69,27,15,0,42,111,YES,0,2,NO,127,86,213,122.06,77.68,199.74,-16,209.5
1991,8-Jan,,Tue,Cleveland,20,21,41,24,23,0,47,88,NO,2,0,NO,Utah,21,22,43,36,31,0,67,110,YES,0,2,YES,84,114,198,79.06,105.68,184.74,-13.5,206.5
1991,8-Jan,,Tue,Detroit,21,27,48,31,22,0,53,101,YES,2,2,YES,New Orleans,20,27,47,18,33,0,51,98,NO,1,2,NO,95,104,199,90.06,95.68,185.74,7,195
1991,8-Jan,,Tue,LAC,31,27,58,30,34,0,64,122,NO,1,1,NO,Indiana,32,31,63,21,23,0,44,107,YES,1,2,YES,121,108,229,116.06,99.68,215.74,-9.5,223.5
1991,8-Jan,,Tue,Washington,32,22,54,21,21,0,42,96,NO,3,1,YES,Milwaukee,30,27,57,26,16,0,42,99,YES,0,2,NO,111,84,195,106.06,75.68,181.74,-9.5,211
1991,8-Jan,,Tue,San Antonio,22,23,45,23,30,0,53,98,NO,0,1,YES,Atlanta,35,25,60,22,27,0,49,109,YES,2,2,NO,105,102,207,100.06,93.68,193.74,-4.5,212.5
1991,8-Jan,,Tue,Sacramento,16,26,42,21,20,0,41,83,NO,0,1,NO,Miami,23,17,40,32,23,0,55,95,NO,2,2,YES,82,96,178,77.06,87.68,164.74,-4,201.5
1991,8-Jan,,Tue,Denver,34,27,61,41,23,0,64,125,YES,2,1,YES,Golden State,37,40,77,35,35,0,70,147,YES,1,1,YES,138,134,272,133.06,125.68,258.74,-17,280.5
1991,8-Jan,,Tue,LAL,26,28,54,14,20,0,34,88,YES,1,0,YES,Oklahoma City,30,21,51,15,30,0,45,96,NO,1,1,YES,105,79,184,100.06,70.68,170.74,-5,205
1991,8-Jan,,Tue,Portland,32,30,62,30,31,0,61,123,YES,1,0,NO,Houston,20,24,44,29,24,0,53,97,YES,1,2,NO,106,114,220,101.06,105.68,206.74,4.5,214
1991,9-Jan,,Wed,Milwaukee,19,25,44,36,22,0,58,102,YES,0,1,YES,Boston,35,30,65,19,26,0,45,110,NO,1,0,YES,109,103,212,104.06,94.68,198.74,-8,217.5
1991,9-Jan,,Wed,Chicago,24,33,57,27,23,0,50,107,YES,0,1,YES,Philadelphia,28,22,50,30,19,0,49,99,YES,1,1,NO,107,99,206,102.06,90.68,192.74,-2.5,211
1991,9-Jan,,Wed,Cleveland,31,28,59,26,20,0,46,105,NO,0,1,NO,Phoenix,26,27,53,35,25,0,60,113,NO,1,1,YES,112,106,218,107.06,97.68,204.74,-17,213.5
1991,9-Jan,,Wed,Minnesota,36,26,62,17,32,0,49,111,YES,1,1,NO,Orlando,22,29,51,29,23,0,52,103,YES,0,1,NO,113,101,214,108.06,92.68,200.74,-6,207.5
1991,9-Jan,,Wed,Portland,26,16,42,23,34,0,57,99,NO,0,1,NO,Dallas,32,22,54,27,28,0,55,109,NO,1,1,YES,96,112,208,91.06,103.68,194.74,6.5,206.5
1991,9-Jan,,Wed,Utah,22,19,41,20,24,0,44,85,YES,0,1,NO,LAL,33,25,58,22,28,0,50,108,NO,1,0,YES,99,94,193,94.06,85.68,179.74,-5,199.5
1991,10-Jan,,Thu,Indiana,31,30,61,31,37,0,68,129,YES,1,1,YES,New York,26,34,60,33,29,0,62,122,NO,1,1,NO,121,130,251,116.06,121.68,237.74,-7,211
1991,10-Jan,,Thu,Orlando,25,25,50,38,23,0,61,111,YES,0,1,NO,San Antonio,26,26,52,29,36,0,65,117,NO,1,1,YES,102,126,228,97.06,117.68,214.74,-17,212
1991,10-Jan,,Thu,LAC,28,26,54,25,31,0,56,110,NO,1,0,NO,Washington,24,33,57,37,28,0,65,122,NO,1,1,YES,111,121,232,106.06,112.68,218.74,-7,215
1991,10-Jan,,Thu,Houston,33,29,62,44,50,0,94,156,YES,1,0,NO,Denver,41,24,65,25,43,0,68,133,NO,1,1,YES,127,162,289,122.06,153.68,275.74,3,246
1991,10-Jan,,Thu,Golden State,29,26,55,26,32,0,58,113,YES,1,1,YES,Oklahoma City,27,30,57,22,24,0,46,103,YES,1,1,NO,112,104,216,107.06,95.68,202.74,-7.5,236.5
1991,10-Jan,,Thu,Sacramento,12,15,27,20,12,0,32,59,NO,1,1,YES,New Orleans,22,25,47,26,28,0,54,101,NO,1,1,NO,74,86,160,69.06,77.68,146.74,-7,197.5
1991,11-Jan,,Fri,LAC,35,24,59,22,26,0,48,107,NO,0,2,YES,Boston,26,24,50,30,29,0,59,109,YES,0,1,NO,109,107,216,104.06,98.68,202.74,-15.5,230.5
1991,11-Jan,,Fri,Philadelphia,31,32,63,27,30,0,57,120,YES,1,0,YES,Milwaukee,24,28,52,29,24,0,53,105,YES,0,1,YES,115,110,225,110.06,101.68,211.74,-7,203.5
1991,11-Jan,,Fri,Atlanta,26,24,50,22,24,0,46,96,YES,2,0,NO,Chicago,30,27,57,19,23,0,42,99,YES,0,1,YES,107,88,195,102.06,79.68,181.74,-9,218.5
1991,11-Jan,,Fri,Cleveland,20,21,41,30,22,0,52,93,NO,1,0,NO,LAL,25,19,44,23,38,0,61,105,NO,1,1,NO,85,113,198,80.06,104.68,184.74,-14.5,205
1991,11-Jan,,Fri,Portland,20,33,53,14,23,8,37,90,NO,1,1,NO,Detroit,25,22,47,23,20,10,43,90,NO,0,2,YES,100,80,180,95.06,71.68,166.74,-3.5,202.5
1991,11-Jan,,Fri,Minnesota,31,33,64,22,22,0,44,108,NO,1,3,YES,Miami,30,29,59,21,27,0,48,107,YES,0,2,NO,123,92,215,118.06,83.68,201.74,-2,212.5
1991,11-Jan,,Fri,Utah,21,26,47,26,37,0,63,110,NO,1,0,NO,Dallas,25,23,48,20,31,0,51,99,NO,0,1,NO,95,114,209,90.06,105.68,195.74,0,188.5
1991,11-Jan,,Fri,Houston,25,24,49,31,30,0,61,110,NO,0,1,NO,Phoenix,30,23,53,31,30,0,61,114,YES,0,1,NO,102,122,224,97.06,113.68,210.74,-16.5,221.5
1991,12-Jan,,Sat,Boston,16,29,45,26,28,0,54,99,YES,0,3,YES,Washington,28,25,53,30,33,0,63,116,YES,2,1,NO,98,117,215,93.06,108.68,201.74,2,211.5
1991,12-Jan,,Sat,Brooklyn,23,24,47,29,23,0,52,99,NO,3,0,YES,Philadelphia,32,27,59,32,18,0,50,109,NO,5,0,YES,106,102,208,101.06,93.68,194.74,-8,205
1991,12-Jan,,Sat,Atlanta,19,31,50,14,28,0,42,92,NO,0,1,YES,New York,20,29,49,19,31,0,50,99,YES,1,1,NO,99,92,191,94.06,83.68,177.74,-3.5,202.5
1991,12-Jan,,Sat,Chicago,27,27,54,30,22,0,52,106,YES,0,1,YES,New Orleans,24,21,45,22,28,0,50,95,YES,2,1,NO,99,102,201,94.06,93.68,187.74,6,208
1991,12-Jan,,Sat,Cleveland,18,33,51,34,35,0,69,120,NO,0,3,YES,Denver,37,25,62,29,37,0,66,128,YES,2,1,NO,113,135,248,108.06,126.68,234.74,-2,243
1991,12-Jan,,Sat,Miami,23,28,51,23,23,6,46,97,YES,0,2,YES,Detroit,24,26,50,26,21,12,47,97,YES,1,0,NO,101,93,194,96.06,84.68,180.74,-13.5,196
1991,12-Jan,,Sat,Milwaukee,27,23,50,28,32,0,60,110,YES,0,1,NO,Indiana,28,27,55,44,19,0,63,118,NO,2,1,YES,105,123,228,100.06,114.68,214.74,-2.5,220
1991,12-Jan,,Sat,Orlando,29,26,55,33,39,0,72,127,NO,1,2,NO,Dallas,23,21,44,25,34,0,59,103,NO,1,0,NO,99,131,230,94.06,122.68,216.74,-9.5,204.5
1991,12-Jan,,Sat,Oklahoma City,20,18,38,29,18,0,47,85,YES,1,2,YES,Sacramento,21,24,45,27,29,0,56,101,NO,4,1,YES,83,103,186,78.06,94.68,172.74,4.5,198
1991,12-Jan,,Sat,Utah,24,24,48,23,21,0,44,92,NO,0,2,YES,San Antonio,25,33,58,30,24,0,54,112,YES,2,1,NO,106,98,204,101.06,89.68,190.74,-10,206
1991,12-Jan,,Sat,Phoenix,36,40,76,22,29,0,51,127,YES,0,2,YES,Golden State,22,30,52,43,23,0,66,118,YES,2,1,YES,128,117,245,123.06,108.68,231.74,-1.5,244
1991,13-Jan,,Sun,Portland,25,26,51,37,28,0,65,116,NO,1,1,NO,Brooklyn,25,26,51,29,23,0,52,103,NO,1,0,YES,102,117,219,97.06,108.68,205.74,9,214
1991,13-Jan,,Sun,Houston,23,26,49,21,27,0,48,97,NO,1,0,NO,LAL,27,28,55,27,34,0,61,116,NO,1,1,NO,104,109,213,99.06,100.68,199.74,-12.5,211
1991,14-Jan,,Mon,New York,16,19,35,29,18,0,47,82,YES,1,1,YES,Atlanta,19,23,42,22,32,0,54,96,YES,0,1,YES,77,101,178,72.06,92.68,164.74,-8.5,208
1991,14-Jan,,Mon,Milwaukee,22,27,49,23,25,0,48,97,NO,1,1,YES,Chicago,26,23,49,31,30,0,61,110,YES,1,1,YES,98,109,207,93.06,100.68,193.74,-9,211
1991,14-Jan,,Mon,Detroit,24,14,38,30,21,0,51,89,YES,1,2,NO,Dallas,21,14,35,27,19,0,46,81,YES,1,1,NO,73,97,170,68.06,88.68,156.74,4.5,188
1991,14-Jan,,Mon,Houston,25,34,59,29,24,14,53,112,NO,0,2,YES,LAC,30,28,58,31,23,18,54,112,NO,1,2,YES,117,107,224,112.06,98.68,210.74,-5.5,211.5
1991,15-Jan,,Tue,Golden State,29,29,58,15,29,10,44,102,YES,2,0,NO,Brooklyn,28,33,61,20,21,9,41,102,YES,2,1,NO,119,85,204,114.06,76.68,190.74,2.5,230
1991,15-Jan,,Tue,Atlanta,25,38,63,21,33,0,54,117,YES,0,2,YES,Indiana,44,16,60,23,23,0,46,106,YES,0,2,NO,123,100,223,118.06,91.68,209.74,-4.5,224.5
1991,15-Jan,,Tue,Orlando,14,31,45,28,29,0,57,102,NO,2,0,YES,Miami,20,29,49,31,24,0,55,104,YES,0,2,YES,94,112,206,89.06,103.68,192.74,-3,217.5
1991,15-Jan,,Tue,Washington,19,33,52,18,27,0,45,97,YES,2,0,NO,Phoenix,35,32,67,36,24,0,60,127,NO,2,2,YES,119,105,224,114.06,96.68,210.74,-12.5,225
1991,15-Jan,,Tue,Denver,21,21,42,28,29,0,57,99,YES,2,0,YES,Oklahoma City,34,42,76,35,35,0,70,146,YES,2,2,YES,118,127,245,113.06,118.68,231.74,-15.5,248.5
1991,15-Jan,,Tue,Portland,41,30,71,31,30,0,61,132,NO,1,2,YES,Minnesota,27,23,50,35,32,0,67,117,YES,0,3,YES,121,128,249,116.06,119.68,235.74,8.5,217.5
1991,15-Jan,,Tue,San Antonio,28,23,51,27,24,0,51,102,YES,2,0,YES,Utah,23,33,56,29,39,0,68,124,YES,2,2,YES,107,119,226,102.06,110.68,212.74,-6,201.5
1991,15-Jan,,Tue,New Orleans,27,22,49,28,26,0,54,103,YES,2,0,NO,LAL,29,41,70,33,25,0,58,128,YES,1,1,NO,119,112,231,114.06,103.68,217.74,-14,216
1991,16-Jan,,Wed,Golden State,29,29,58,22,30,0,52,110,NO,0,1,NO,Boston,32,25,57,29,19,0,48,105,NO,1,3,YES,115,100,215,110.06,91.68,201.74,-10.5,238
1991,16-Jan,,Wed,Minnesota,28,21,49,16,28,0,44,93,YES,0,2,YES,New York,27,28,55,18,16,0,34,89,YES,1,1,YES,104,78,182,99.06,69.68,168.74,-9.5,208
1991,16-Jan,,Wed,Chicago,23,17,40,27,32,0,59,99,YES,1,1,NO,Orlando,21,23,44,26,18,0,44,88,YES,1,0,YES,84,103,187,79.06,94.68,173.74,9.5,212.5
1991,16-Jan,,Wed,Miami,22,17,39,19,36,0,55,94,YES,0,1,YES,Cleveland,33,25,58,28,22,0,50,108,NO,1,3,YES,97,105,202,92.06,96.68,188.74,-10,201
1991,16-Jan,,Wed,Indiana,28,25,53,37,29,0,66,119,YES,0,2,YES,Milwaukee,28,36,64,37,25,0,62,126,NO,1,1,YES,117,128,245,112.06,119.68,231.74,-11.5,224
1991,16-Jan,,Wed,Washington,33,23,56,22,23,0,45,101,NO,0,1,NO,LAC,27,24,51,19,29,0,48,99,YES,1,1,NO,107,93,200,102.06,84.68,186.74,-5,214.5
1991,16-Jan,,Wed,New Orleans,32,29,61,12,31,0,43,104,NO,0,1,NO,Denver,26,23,49,27,35,0,62,111,NO,2,0,YES,110,105,215,105.06,96.68,201.74,-1,242.5
1991,16-Jan,,Wed,Dallas,27,16,43,42,9,0,51,94,YES,1,1,YES,San Antonio,22,24,46,24,30,0,54,100,NO,1,0,YES,89,105,194,84.06,96.68,180.74,-10.5,202
1991,17-Jan,,Thu,Detroit,22,22,44,17,23,13,40,84,NO,2,0,NO,Houston,19,24,43,17,24,7,41,84,NO,1,2,YES,87,81,168,82.06,72.68,154.74,5,197
1991,17-Jan,,Thu,LAL,20,20,40,25,28,0,53,93,YES,1,0,YES,Sacramento,22,18,40,19,19,0,38,78,NO,1,4,NO,80,91,171,75.06,82.68,157.74,11,195.5
1991,18-Jan,,Fri,Brooklyn,35,34,69,19,23,0,42,111,YES,2,0,NO,Boston,30,28,58,22,26,0,48,106,YES,2,1,NO,127,90,217,122.06,81.68,203.74,-14,214.5
1991,18-Jan,,Fri,New York,14,21,35,20,31,0,51,86,YES,1,0,NO,Miami,23,24,47,28,32,0,60,107,NO,2,1,YES,82,111,193,77.06,102.68,179.74,5.5,198.5
1991,18-Jan,,Fri,Golden State,28,29,57,46,24,14,70,127,NO,1,0,NO,Philadelphia,36,27,63,31,33,11,64,127,NO,0,5,NO,120,134,254,115.06,125.68,240.74,-3,224
1991,18-Jan,,Fri,Chicago,33,20,53,25,27,0,52,105,NO,1,2,NO,Atlanta,23,29,52,31,31,0,62,114,NO,0,2,YES,105,114,219,100.06,105.68,205.74,-1.5,210.5
1991,18-Jan,,Fri,Utah,17,34,51,24,20,11,44,95,YES,2,0,NO,Cleveland,24,25,49,19,27,4,46,95,YES,4,1,NO,100,90,190,95.06,81.68,176.74,3,194.5
1991,18-Jan,,Fri,Detroit,26,31,57,24,21,0,45,102,NO,0,2,YES,Phoenix,25,26,51,33,19,0,52,103,YES,0,2,NO,108,97,205,103.06,88.68,191.74,-10,203.5
1991,18-Jan,,Fri,Orlando,27,22,49,32,25,0,57,106,YES,1,2,NO,Milwaukee,39,20,59,29,37,0,66,125,YES,1,1,NO,108,123,231,103.06,114.68,217.74,-12.5,216.5
1991,18-Jan,,Fri,Washington,25,19,44,25,30,0,55,99,NO,1,0,NO,Portland,32,29,61,26,36,0,62,123,NO,1,2,YES,105,117,222,100.06,108.68,208.74,-13.5,222.5
1991,18-Jan,,Fri,Oklahoma City,22,27,49,22,25,0,47,96,YES,2,0,YES,LAL,21,24,45,27,33,0,60,105,YES,2,0,YES,94,107,201,89.06,98.68,187.74,-10.5,209.5
1991,18-Jan,,Fri,LAC,22,32,54,20,29,16,49,103,YES,1,0,NO,Dallas,29,20,49,25,29,9,54,103,NO,0,1,YES,103,103,206,98.06,94.68,192.74,-6.5,201.5
1991,18-Jan,,Fri,New Orleans,33,30,63,22,32,0,54,117,NO,1,0,NO,San Antonio,34,22,56,25,29,0,54,110,YES,0,1,NO,119,108,227,114.06,99.68,213.74,-14,213.5
1991,19-Jan,,Sat,Brooklyn,17,19,36,22,26,0,48,84,NO,0,2,NO,Atlanta,31,34,65,21,28,0,49,114,NO,2,0,NO,101,97,198,96.06,88.68,184.74,-11,211.5
1991,19-Jan,,Sat,New York,33,30,63,23,26,0,49,112,NO,0,1,YES,Philadelphia,24,21,45,24,28,0,52,97,YES,1,0,NO,108,101,209,103.06,92.68,195.74,-5,198
1991,19-Jan,,Sat,Utah,30,22,52,24,28,0,52,104,NO,0,3,YES,Indiana,31,36,67,24,26,0,50,117,NO,1,2,YES,119,102,221,114.06,93.68,207.74,-4,219.5
1991,19-Jan,,Sat,Washington,24,20,44,18,27,0,45,89,NO,0,1,YES,Oklahoma City,25,31,56,26,29,0,55,111,NO,2,0,YES,100,100,200,95.06,91.68,186.74,-9,210
1991,19-Jan,,Sat,San Antonio,30,33,63,29,25,0,54,117,YES,0,2,YES,Denver,37,30,67,27,14,0,41,108,NO,1,2,NO,130,95,225,125.06,86.68,211.74,9.5,243.5
1991,19-Jan,,Sat,Golden State,26,22,48,35,30,0,65,113,NO,0,2,YES,Minnesota,36,25,61,34,26,0,60,121,YES,1,2,YES,109,125,234,104.06,116.68,220.74,-2.5,228.5
1991,19-Jan,,Sat,LAC,28,28,56,18,22,0,40,96,NO,0,2,NO,Houston,32,21,53,27,27,0,54,107,YES,1,1,NO,109,94,203,104.06,85.68,189.74,-7,215
1991,19-Jan,,Sat,Phoenix,27,21,48,28,21,0,49,97,YES,0,2,NO,Sacramento,27,20,47,25,29,0,54,101,NO,1,1,NO,95,103,198,90.06,94.68,184.74,10,205
1991,19-Jan,,Sat,New Orleans,27,24,51,25,19,0,44,95,NO,0,2,YES,Dallas,32,20,52,31,27,0,58,110,NO,3,0,NO,103,102,205,98.06,93.68,191.74,-8,204
1991,20-Jan,,Sun,Milwaukee,18,28,46,41,25,0,66,112,YES,1,1,NO,Portland,36,16,52,25,39,0,64,116,NO,1,1,NO,98,130,228,93.06,121.68,214.74,-12,223.5
1991,21-Jan,,Mon,Boston,24,21,45,29,16,0,45,90,YES,2,1,YES,Detroit,32,24,56,27,18,0,45,101,YES,1,2,YES,101,90,191,96.06,81.68,177.74,-8,194.5
1991,21-Jan,,Mon,Philadelphia,27,31,58,28,21,9,49,107,YES,1,1,YES,New York,21,30,51,31,25,10,56,107,YES,1,1,YES,109,105,214,104.06,96.68,200.74,-3.5,203
1991,21-Jan,,Mon,Chicago,32,29,61,32,24,0,56,117,NO,2,1,NO,Miami,25,33,58,21,27,0,48,106,YES,0,2,NO,119,104,223,114.06,95.68,209.74,11,206
1991,21-Jan,,Mon,LAL,27,36,63,34,23,0,57,120,YES,2,0,NO,Indiana,33,39,72,18,24,0,42,114,YES,1,1,NO,135,99,234,130.06,90.68,220.74,3.5,215.5
1991,21-Jan,,Mon,Orlando,26,30,56,32,31,0,63,119,NO,2,0,YES,Washington,29,35,64,26,31,0,57,121,NO,1,1,YES,120,120,240,115.06,111.68,226.74,-9,221.5
1991,21-Jan,,Mon,Minnesota,35,28,63,21,26,0,47,110,YES,1,2,NO,Denver,21,38,59,27,29,0,56,115,NO,2,1,NO,122,103,225,117.06,94.68,211.74,-2.5,241.5
1991,21-Jan,,Mon,Houston,29,18,47,22,25,0,47,94,YES,1,0,NO,Sacramento,28,27,55,23,19,0,42,97,NO,1,1,NO,102,89,191,97.06,80.68,177.74,1.5,192.5
1991,22-Jan,,Tue,Brooklyn,24,20,44,22,26,0,48,92,NO,2,0,YES,New Orleans,17,28,45,26,19,0,45,90,NO,1,2,YES,89,93,182,84.06,84.68,168.74,-3.5,200.5
1991,22-Jan,,Tue,Milwaukee,21,19,40,37,24,0,61,101,NO,1,0,NO,Oklahoma City,33,26,59,30,43,0,73,132,YES,2,2,NO,99,134,233,94.06,125.68,219.74,-4.5,208.5
1991,22-Jan,,Tue,Miami,20,36,56,23,28,0,51,107,YES,0,2,NO,Atlanta,30,25,55,36,27,0,63,118,YES,0,2,NO,111,114,225,106.06,105.68,211.74,-14.5,215.5
1991,22-Jan,,Tue,LAL,35,25,60,35,21,0,56,116,NO,0,1,NO,Orlando,16,27,43,24,29,0,53,96,NO,3,0,YES,103,109,212,98.06,100.68,198.74,7.5,209
1991,22-Jan,,Tue,Phoenix,27,22,49,34,33,0,67,116,NO,2,2,YES,Portland,25,32,57,35,31,0,66,123,NO,3,1,NO,106,133,239,101.06,124.68,225.74,-7,232
1991,22-Jan,,Tue,Houston,24,29,53,31,32,0,63,116,NO,0,1,YES,Golden State,46,27,73,22,28,0,50,123,NO,2,2,YES,126,113,239,121.06,104.68,225.74,-9.5,234
1991,22-Jan,,Tue,LAC,29,16,45,27,28,0,55,100,NO,2,3,YES,San Antonio,28,26,54,21,31,0,52,106,NO,1,2,YES,99,107,206,94.06,98.68,192.74,-11,213
1991,23-Jan,,Wed,Detroit,22,24,46,34,14,0,48,94,YES,1,1,YES,Boston,26,23,49,34,28,0,62,111,YES,1,1,YES,95,110,205,90.06,101.68,191.74,-4.5,201
1991,23-Jan,,Wed,Chicago,20,19,39,29,27,0,56,95,NO,1,1,YES,Brooklyn,19,26,45,19,35,0,54,99,NO,1,0,YES,84,110,194,79.06,101.68,180.74,10,204.5
1991,23-Jan,,Wed,New York,26,41,67,21,21,0,42,109,YES,1,0,NO,Utah,25,22,47,24,23,0,47,94,NO,1,3,YES,114,89,203,109.06,80.68,189.74,-11.5,198
1991,23-Jan,,Wed,Indiana,30,23,53,30,27,0,57,110,YES,1,1,NO,Philadelphia,32,29,61,24,24,0,48,109,NO,1,1,YES,114,105,219,109.06,96.68,205.74,-5.5,226.5
1991,23-Jan,,Wed,Cleveland,26,20,46,21,32,0,53,99,YES,4,0,NO,Dallas,20,26,46,17,22,0,39,85,YES,1,3,NO,92,92,184,87.06,83.68,170.74,-6,196
1991,23-Jan,,Wed,Milwaukee,25,21,46,25,20,0,45,91,NO,0,1,NO,Sacramento,18,20,38,28,29,0,57,95,YES,1,1,NO,84,102,186,79.06,93.68,172.74,6,195.5
1991,23-Jan,,Wed,Atlanta,26,22,48,35,16,0,51,99,YES,0,2,NO,Washington,26,36,62,16,26,0,42,104,NO,1,1,NO,110,93,203,105.06,84.68,189.74,-1.5,216
1991,24-Jan,,Thu,New York,38,29,67,30,20,0,50,117,NO,0,1,NO,Denver,29,35,64,27,29,0,56,120,NO,1,2,NO,131,106,237,126.06,97.68,223.74,3.5,227.5
1991,24-Jan,,Thu,Cleveland,27,22,49,23,31,0,54,103,NO,0,1,NO,San Antonio,22,24,46,32,33,0,65,111,NO,1,1,NO,95,119,214,90.06,110.68,200.74,-12.5,203.5
1991,24-Jan,,Thu,Minnesota,29,17,46,23,25,0,48,94,NO,2,1,NO,Houston,35,22,57,29,32,0,61,118,NO,1,1,YES,103,109,212,98.06,100.68,198.74,-7.5,211
1991,24-Jan,,Thu,LAL,34,22,56,35,22,0,57,113,NO,1,0,NO,New Orleans,20,24,44,18,31,0,49,93,NO,1,1,NO,100,106,206,95.06,97.68,192.74,10,202
1991,25-Jan,,Fri,Boston,28,18,46,30,18,0,48,94,YES,1,1,YES,Philadelphia,33,21,54,33,29,0,62,116,YES,0,1,NO,100,110,210,95.06,101.68,196.74,1,218
1991,25-Jan,,Fri,LAL,24,26,50,29,13,16,42,92,NO,0,1,NO,Brooklyn,23,23,46,27,19,11,46,92,YES,0,1,NO,96,88,184,91.06,79.68,170.74,7,199.5
1991,25-Jan,,Fri,Miami,17,16,33,25,29,0,54,87,NO,2,0,YES,Chicago,33,22,55,25,28,0,53,108,YES,5,1,YES,88,107,195,83.06,98.68,181.74,-16.5,214
1991,25-Jan,,Fri,Dallas,16,17,33,23,26,0,49,82,YES,1,0,NO,Detroit,24,18,42,22,20,0,42,84,YES,0,1,YES,75,91,166,70.06,82.68,152.74,-11,184.5
1991,25-Jan,,Fri,Indiana,20,26,46,22,38,0,60,106,NO,1,4,YES,Washington,28,29,57,21,22,0,43,100,NO,0,1,NO,103,103,206,98.06,94.68,192.74,-4,225.5
1991,25-Jan,,Fri,Milwaukee,23,24,47,35,16,0,51,98,NO,1,0,NO,Golden State,28,30,58,29,40,0,69,127,NO,2,2,NO,105,120,225,100.06,111.68,211.74,-5,236.5
1991,25-Jan,,Fri,Oklahoma City,28,29,57,33,23,0,56,113,YES,2,0,YES,Phoenix,34,27,61,29,38,0,67,128,NO,0,2,YES,118,123,241,113.06,114.68,227.74,-11,222.5
1991,25-Jan,,Fri,Sacramento,22,21,43,22,28,0,50,93,YES,1,0,NO,Utah,32,20,52,20,33,0,53,105,YES,0,1,NO,95,103,198,90.06,94.68,184.74,-17,196
1991,26-Jan,,Sat,Brooklyn,28,29,57,34,36,0,70,127,YES,0,1,NO,Miami,29,36,65,19,21,0,40,105,YES,2,0,YES,122,110,232,117.06,101.68,218.74,-5,197
1991,26-Jan,,Sat,New York,29,18,47,18,29,0,47,94,NO,1,1,NO,Phoenix,33,23,56,31,25,0,56,112,YES,2,0,NO,103,103,206,98.06,94.68,192.74,-11,215.5
1991,26-Jan,,Sat,Philadelphia,17,21,38,25,12,0,37,75,YES,0,5,YES,New Orleans,20,19,39,20,20,0,40,79,YES,2,1,NO,77,77,154,72.06,68.68,140.74,1.5,208
1991,26-Jan,,Sat,Cleveland,15,29,44,27,26,0,53,97,NO,1,2,YES,Houston,19,23,42,23,38,0,61,103,NO,2,1,NO,86,114,200,81.06,105.68,186.74,-6.5,205.5
1991,26-Jan,,Sat,Detroit,29,30,59,36,26,0,62,121,YES,0,1,YES,Orlando,14,21,35,16,30,0,46,81,NO,2,3,NO,94,108,202,89.06,99.68,188.74,5,195.5
1991,26-Jan,,Sat,Milwaukee,29,26,55,22,21,0,43,98,NO,0,2,YES,LAC,21,26,47,27,25,0,52,99,NO,2,3,YES,102,95,197,97.06,86.68,183.74,-4.5,210
1991,26-Jan,,Sat,Atlanta,34,19,53,18,31,0,49,102,NO,2,1,NO,Oklahoma City,32,27,59,25,19,0,44,103,YES,1,0,YES,112,93,205,107.06,84.68,191.74,-3,214
1991,26-Jan,,Sat,Dallas,21,23,44,26,29,0,55,99,NO,0,2,YES,Washington,28,22,50,23,23,0,46,96,YES,1,0,NO,94,101,195,89.06,92.68,181.74,-5,198.5
1991,26-Jan,,Sat,Utah,28,27,55,31,29,0,60,115,YES,0,2,YES,Denver,27,28,55,35,30,0,65,120,YES,2,1,NO,110,125,235,105.06,116.68,221.74,6.5,234
1991,26-Jan,,Sat,Minnesota,24,22,46,22,37,0,59,105,NO,1,1,YES,San Antonio,26,29,55,25,32,0,57,112,NO,1,1,NO,101,116,217,96.06,107.68,203.74,-13.5,212
1991,26-Jan,,Sat,Sacramento,22,23,45,20,31,0,51,96,NO,0,1,YES,Portland,26,33,59,27,35,0,62,121,NO,1,3,NO,104,113,217,99.06,104.68,203.74,-20.5,207.5
1991,27-Jan,,Sun,LAL,31,22,53,26,25,0,51,104,NO,1,1,YES,Boston,30,21,51,21,15,0,36,87,YES,0,1,YES,104,87,191,99.06,78.68,177.74,-3,210.5
1991,28-Jan,,Mon,Boston,24,21,45,34,29,0,63,108,YES,0,1,YES,Minnesota,21,10,31,28,28,0,56,87,NO,1,1,YES,76,119,195,71.06,110.68,181.74,3.5,214.5
1991,28-Jan,,Mon,Brooklyn,18,24,42,15,26,0,41,83,NO,1,0,NO,Sacramento,32,29,61,23,17,0,40,101,YES,1,1,YES,103,81,184,98.06,72.68,170.74,-3.5,191.5
1991,28-Jan,,Mon,New York,33,22,55,29,22,0,51,106,NO,1,0,NO,Golden State,24,37,61,31,23,0,54,115,NO,2,2,NO,116,105,221,111.06,96.68,207.74,-8,227
1991,28-Jan,,Mon,Washington,20,17,37,23,21,0,44,81,YES,1,0,YES,Detroit,17,21,38,22,27,0,49,87,NO,1,1,YES,75,93,168,70.06,84.68,154.74,-10,188
1991,28-Jan,,Mon,Atlanta,32,34,66,26,19,0,45,111,NO,1,0,NO,Portland,28,39,67,23,26,0,49,116,YES,2,1,NO,133,94,227,128.06,85.68,213.74,-9.5,226
1991,28-Jan,,Mon,Oklahoma City,30,27,57,21,29,0,50,107,YES,1,0,NO,San Antonio,28,22,50,37,32,0,69,119,YES,0,1,NO,107,119,226,102.06,110.68,212.74,-9,214.5
1991,29-Jan,,Tue,Brooklyn,12,21,33,27,29,0,56,89,NO,0,1,NO,LAL,31,29,60,36,14,0,50,110,NO,1,1,YES,93,106,199,88.06,97.68,185.74,-14,204.5
1991,29-Jan,,Tue,New York,30,29,59,18,24,7,42,101,NO,0,1,YES,LAC,23,34,57,22,22,6,44,101,YES,1,2,NO,116,86,202,111.06,77.68,188.74,-5,200.5
1991,29-Jan,,Tue,New Orleans,23,18,41,31,34,0,65,106,YES,2,0,NO,Cleveland,19,41,60,33,32,0,65,125,YES,0,2,YES,101,130,231,96.06,121.68,217.74,-9,201.5
1991,29-Jan,,Tue,Denver,37,30,67,25,34,0,59,126,YES,2,1,YES,Milwaukee,30,23,53,33,36,0,69,122,NO,2,2,YES,120,128,248,115.06,119.68,234.74,-15.5,238
1991,29-Jan,,Tue,Atlanta,38,33,71,22,12,0,34,105,NO,0,1,NO,Utah,26,28,54,26,36,0,62,116,NO,1,2,YES,125,96,221,120.06,87.68,207.74,-8,205
1991,29-Jan,,Tue,Miami,27,23,50,28,23,0,51,101,YES,2,0,YES,Washington,32,19,51,25,29,0,54,105,YES,1,0,YES,101,105,206,96.06,96.68,192.74,-8.5,209.5
1991,29-Jan,,Tue,Phoenix,25,27,52,14,46,0,60,112,YES,2,0,NO,Orlando,31,22,53,27,34,0,61,114,YES,0,2,NO,105,121,226,100.06,112.68,212.74,10.5,226.5
1991,29-Jan,,Tue,Oklahoma City,29,28,57,28,27,0,55,112,NO,0,1,NO,Dallas,31,31,62,26,29,0,55,117,NO,2,2,YES,119,110,229,114.06,101.68,215.74,-4,198
1991,29-Jan,,Tue,San Antonio,25,20,45,20,24,0,44,89,YES,0,1,YES,Houston,27,27,54,12,25,0,37,91,NO,1,2,NO,99,81,180,94.06,72.68,166.74,0,204.5
1991,30-Jan,,Wed,Orlando,23,13,36,27,39,0,66,102,YES,0,2,YES,Boston,31,31,62,42,40,0,82,144,YES,1,1,YES,98,148,246,93.06,139.68,232.74,-14.5,226.5
1991,30-Jan,,Wed,Cleveland,10,23,33,27,24,0,51,84,YES,0,2,YES,Detroit,23,17,40,21,32,0,53,93,YES,1,1,NO,73,104,177,68.06,95.68,163.74,-10,182
1991,30-Jan,,Wed,New Orleans,24,26,50,30,25,0,55,105,NO,0,1,YES,Indiana,40,27,67,26,30,0,56,123,YES,1,4,YES,117,111,228,112.06,102.68,214.74,-12.5,228.5
1991,30-Jan,,Wed,Phoenix,31,27,58,31,26,0,57,115,NO,0,1,NO,Miami,28,15,43,30,31,0,61,104,NO,1,0,YES,101,118,219,96.06,109.68,205.74,10.5,224
1991,30-Jan,,Wed,Sacramento,14,28,42,21,23,0,44,86,YES,1,1,NO,Minnesota,16,28,44,24,27,0,51,95,YES,2,1,NO,86,95,181,81.06,86.68,167.74,-7,197.5
1991,31-Jan,,Thu,Brooklyn,16,38,54,22,43,0,65,119,NO,1,1,NO,Denver,25,23,48,39,36,0,75,123,NO,1,1,YES,102,140,242,97.06,131.68,228.74,-4.5,233
1991,31-Jan,,Thu,Washington,25,22,47,28,32,0,60,107,YES,1,0,YES,New York,28,28,56,17,25,0,42,98,NO,1,1,YES,103,102,205,98.06,93.68,191.74,-5,200.5
1991,31-Jan,,Thu,Chicago,31,28,59,23,20,0,43,102,YES,5,0,NO,San Antonio,25,24,49,26,31,0,57,106,NO,1,1,YES,108,100,208,103.06,91.68,194.74,-2,209.5
1991,31-Jan,,Thu,Atlanta,24,16,40,30,33,0,63,103,NO,1,1,NO,LAL,32,31,63,24,29,0,53,116,YES,0,1,NO,103,116,219,98.06,107.68,205.74,-8,211.5
1991,31-Jan,,Thu,Oklahoma City,23,23,46,27,24,0,51,97,NO,1,1,NO,Houston,35,17,52,22,20,0,42,94,YES,1,1,NO,98,93,191,93.06,84.68,177.74,-3.5,208
1991,31-Jan,,Thu,Portland,20,22,42,24,25,0,49,91,YES,2,0,YES,Utah,29,26,55,23,27,0,50,105,NO,1,1,NO,97,99,196,92.06,90.68,182.74,-2,219
1991,31-Jan,,Thu,LAC,33,29,62,30,27,0,57,119,YES,1,0,YES,Golden State,38,33,71,26,38,0,64,135,YES,0,2,NO,133,121,254,128.06,112.68,240.74,-9.5,235
1991,1-Feb,,Fri,Boston,22,27,49,20,22,0,42,91,YES,1,1,YES,New Orleans,23,27,50,21,21,0,42,92,YES,1,1,YES,99,84,183,94.06,75.68,169.74,7,209.5
1991,1-Feb,,Fri,Phoenix,25,19,44,27,18,0,45,89,NO,1,1,NO,Philadelphia,23,28,51,18,27,0,45,96,YES,1,5,YES,95,90,185,90.06,81.68,171.74,1.5,223
1991,1-Feb,,Fri,Chicago,29,26,55,23,23,0,46,101,NO,0,1,NO,Dallas,17,28,45,26,19,0,45,90,NO,3,2,NO,100,91,191,95.06,82.68,177.74,3.5,198
1991,1-Feb,,Fri,Detroit,15,23,38,18,24,0,42,80,YES,1,1,YES,Washington,12,13,25,29,21,0,50,75,YES,1,0,YES,63,92,155,58.06,83.68,141.74,5,185
1991,1-Feb,,Fri,Indiana,34,29,63,30,20,0,50,113,YES,1,0,YES,Miami,27,36,63,27,26,0,53,116,YES,0,1,NO,126,103,229,121.06,94.68,215.74,3.5,224
1991,1-Feb,,Fri,Sacramento,29,27,56,28,28,0,56,112,NO,1,0,NO,Milwaukee,23,34,57,24,36,0,60,117,NO,1,2,NO,113,116,229,108.06,107.68,215.74,-13,197.5
1991,1-Feb,,Fri,Golden State,23,33,56,24,19,0,43,99,YES,0,1,NO,Portland,27,34,61,27,31,0,58,119,NO,2,0,YES,117,101,218,112.06,92.68,204.74,-9.5,243.5
1991,1-Feb,,Fri,LAL,33,28,61,26,19,0,45,106,YES,0,1,YES,LAC,24,26,50,16,26,0,42,92,YES,3,0,YES,111,87,198,106.06,78.68,184.74,5.5,206.5
1991,2-Feb,,Sat,Brooklyn,32,25,57,17,29,0,46,103,NO,1,1,NO,Utah,28,31,59,24,28,0,52,111,YES,2,1,NO,116,98,214,111.06,89.68,200.74,-13,202
1991,2-Feb,,Sat,Sacramento,14,23,37,21,20,0,41,78,NO,0,1,YES,New York,21,18,39,28,25,0,53,92,YES,2,1,NO,76,94,170,71.06,85.68,156.74,-8,189.5
1991,2-Feb,,Sat,Minnesota,23,30,53,19,26,12,45,98,YES,2,0,YES,Cleveland,18,30,48,29,21,15,50,98,NO,1,2,YES,101,95,196,96.06,86.68,182.74,-7,202.5
1991,2-Feb,,Sat,Oklahoma City,29,21,50,24,26,0,50,100,NO,1,1,NO,Indiana,29,26,55,23,28,0,51,106,YES,2,0,YES,105,101,206,100.06,92.68,192.74,-3.5,226.5
1991,2-Feb,,Sat,Atlanta,34,34,68,26,31,0,57,125,NO,1,2,YES,Denver,37,34,71,26,29,0,55,126,YES,2,1,NO,139,112,251,134.06,103.68,237.74,6,245
1991,2-Feb,,Sat,Miami,19,35,54,23,21,0,44,98,YES,0,3,NO,Orlando,25,28,53,26,29,0,55,108,NO,2,2,YES,107,99,206,102.06,90.68,192.74,-5.5,213
1991,2-Feb,,Sat,Houston,24,25,49,22,18,11,40,89,YES,1,0,YES,San Antonio,21,19,40,26,23,5,49,89,NO,2,1,NO,89,89,178,84.06,80.68,164.74,-9,206.5
1991,3-Feb,,Sun,Washington,29,29,58,27,16,0,43,101,YES,1,2,NO,Boston,38,32,70,24,25,0,49,119,NO,2,1,YES,128,92,220,123.06,83.68,206.74,-13.5,215.5
1991,3-Feb,,Sun,Philadelphia,26,22,48,25,20,9,45,93,YES,1,1,NO,Minnesota,34,26,60,14,19,17,33,93,NO,1,0,YES,108,78,186,103.06,69.68,172.74,3.5,206
1991,3-Feb,,Sun,Chicago,28,22,50,24,12,0,36,86,NO,1,0,NO,LAL,27,29,56,20,23,0,43,99,NO,1,1,YES,106,79,185,101.06,70.68,171.74,-6,208.5
1991,3-Feb,,Sun,Phoenix,25,36,61,26,25,0,51,112,NO,1,1,YES,Detroit,22,28,50,19,28,0,47,97,NO,1,1,YES,111,98,209,106.06,89.68,195.74,-3.5,193.5
1991,3-Feb,,Sun,New Orleans,23,23,46,29,36,0,65,111,YES,1,0,YES,Milwaukee,21,25,46,46,28,0,74,120,YES,0,1,NO,92,139,231,87.06,130.68,217.74,-11.5,216.5
1991,3-Feb,,Sun,Golden State,33,31,64,32,22,17,54,118,NO,1,1,NO,Houston,28,28,56,27,35,25,62,118,YES,2,0,YES,120,116,236,115.06,107.68,222.74,-2.5,225
1991,4-Feb,,Mon,Brooklyn,20,26,46,27,29,0,56,102,NO,1,1,YES,Portland,25,30,55,27,35,0,62,117,YES,1,2,NO,101,118,219,96.06,109.68,205.74,-15,218
1991,4-Feb,,Mon,Chicago,36,24,60,24,24,0,48,108,NO,0,2,NO,Sacramento,21,17,38,36,23,0,59,97,NO,1,1,YES,98,107,205,93.06,98.68,191.74,8,191
1991,4-Feb,,Mon,Milwaukee,23,23,46,28,29,0,57,103,YES,0,1,YES,Cleveland,22,30,52,20,24,0,44,96,YES,0,1,NO,98,101,199,93.06,92.68,185.74,-4,203
1991,4-Feb,,Mon,Oklahoma City,17,28,45,30,25,0,55,100,NO,1,1,YES,New Orleans,16,32,48,26,19,0,45,93,YES,1,0,YES,93,100,193,88.06,91.68,179.74,4,205.5
1991,5-Feb,,Tue,New York,31,26,57,28,31,0,59,116,YES,2,1,YES,Orlando,28,28,56,27,35,0,62,118,NO,1,2,NO,113,121,234,108.06,112.68,220.74,4,206
1991,5-Feb,,Tue,Philadelphia,37,27,64,19,15,0,34,98,NO,1,0,YES,Detroit,30,28,58,24,25,0,49,107,NO,1,1,NO,122,83,205,117.06,74.68,191.74,-4,184.5
1991,5-Feb,,Tue,Cleveland,22,21,43,37,34,0,71,114,YES,0,1,YES,Atlanta,25,33,58,25,35,0,60,118,NO,1,2,YES,101,131,232,96.06,122.68,218.74,-11,209.5
1991,5-Feb,,Tue,Indiana,27,29,56,21,32,0,53,109,YES,2,1,NO,Dallas,23,32,55,27,32,0,59,114,NO,1,3,NO,111,112,223,106.06,103.68,209.74,-4.5,212
1991,5-Feb,,Tue,Denver,31,23,54,27,22,0,49,103,YES,2,6,NO,Phoenix,36,32,68,27,31,0,58,126,YES,0,1,YES,122,107,229,117.06,98.68,215.74,-16,256
1991,5-Feb,,Tue,Utah,25,24,49,17,27,0,44,93,YES,2,0,YES,Minnesota,19,34,53,22,19,0,41,94,YES,1,1,NO,102,85,187,97.06,76.68,173.74,2.5,198
1991,5-Feb,,Tue,Golden State,30,27,57,33,22,0,55,112,NO,1,1,NO,San Antonio,31,23,54,32,20,0,52,106,NO,1,2,NO,111,107,218,106.06,98.68,204.74,-5.5,231
1991,5-Feb,,Tue,LAC,18,24,42,29,31,0,60,102,YES,3,0,NO,LAL,28,25,53,32,31,0,63,116,YES,6,1,NO,95,123,218,90.06,114.68,204.74,-12.5,212.5
1991,6-Feb,,Wed,New Orleans,23,26,49,32,36,0,68,117,YES,1,0,NO,Boston,26,32,58,43,32,0,75,133,YES,0,2,NO,107,143,250,102.06,134.68,236.74,-17,229.5
1991,6-Feb,,Wed,Miami,36,27,63,44,27,0,71,134,NO,3,5,YES,Brooklyn,24,38,62,29,28,0,57,119,YES,0,1,YES,125,128,253,120.06,119.68,239.74,-6,207
1991,6-Feb,,Wed,Washington,30,22,52,28,20,0,48,100,NO,2,0,YES,Philadelphia,23,32,55,21,32,0,53,108,YES,5,0,YES,107,101,208,102.06,92.68,194.74,-10.5,207.5
1991,6-Feb,,Wed,Houston,30,15,45,31,35,0,66,111,YES,2,0,NO,Milwaukee,30,22,52,32,25,0,57,109,NO,7,1,YES,97,123,220,92.06,114.68,206.74,-5,210.5
1991,6-Feb,,Wed,LAC,31,23,54,23,27,0,50,104,NO,0,5,NO,Oklahoma City,31,21,52,24,31,0,55,107,NO,5,1,YES,106,105,211,101.06,96.68,197.74,-10,212
1991,6-Feb,,Wed,Portland,19,23,42,19,32,0,51,93,YES,1,5,YES,Sacramento,28,18,46,20,31,0,51,97,NO,5,1,NO,88,102,190,83.06,93.68,176.74,10.5,204
1991,6-Feb,,Wed,Phoenix,20,30,50,24,25,0,49,99,YES,0,5,YES,Utah,28,17,45,34,24,0,58,103,NO,5,0,YES,95,107,202,90.06,98.68,188.74,-3.5,213
1991,7-Feb,,Thu,Boston,30,30,60,29,28,0,57,117,YES,0,4,NO,New York,16,22,38,30,33,0,63,101,YES,4,1,YES,98,120,218,93.06,111.68,204.74,1.5,203
1991,7-Feb,,Thu,Brooklyn,24,37,61,25,31,0,56,117,YES,0,5,YES,Washington,34,28,62,30,32,0,62,124,YES,4,0,YES,123,118,241,118.06,109.68,227.74,-7,203.5
1991,7-Feb,,Thu,Chicago,25,19,44,25,26,0,51,95,NO,2,4,YES,Detroit,26,15,41,29,23,0,52,93,NO,5,1,NO,85,103,188,80.06,94.68,174.74,-3.5,186
1991,7-Feb,,Thu,Houston,20,22,42,34,20,0,54,96,NO,0,4,NO,Cleveland,29,23,52,23,17,0,40,92,YES,4,1,YES,94,94,188,89.06,85.68,174.74,-5,203
1991,7-Feb,,Thu,Indiana,30,21,51,33,24,0,57,108,NO,1,4,YES,San Antonio,27,24,51,38,29,0,67,118,NO,4,1,NO,102,124,226,97.06,115.68,212.74,-6.5,219.5
1991,7-Feb,,Thu,New Orleans,22,29,51,32,31,0,63,114,NO,0,4,YES,Atlanta,35,35,70,29,28,0,57,127,YES,4,1,NO,121,120,241,116.06,111.68,227.74,-14,229
1991,7-Feb,,Thu,Minnesota,24,34,58,22,23,0,45,103,YES,1,4,NO,Orlando,31,21,52,30,26,0,56,108,NO,4,1,NO,110,101,211,105.06,92.68,197.74,-2.5,0
1991,7-Feb,,Thu,Golden State,27,24,51,20,30,0,50,101,NO,1,4,YES,Dallas,29,20,49,25,28,0,53,102,YES,4,1,NO,100,103,203,95.06,94.68,189.74,-2.5,226
1991,12-Feb,,Tue,Boston,28,17,45,35,34,0,69,114,NO,4,1,NO,Oklahoma City,23,33,56,32,23,0,55,111,YES,1,5,NO,101,124,225,96.06,115.68,211.74,0,213.5
1991,12-Feb,,Tue,New York,32,30,62,25,27,0,52,114,YES,4,1,YES,Indiana,31,32,63,20,27,0,47,110,YES,0,4,YES,125,99,224,120.06,90.68,210.74,-5.5,219.5
1991,12-Feb,,Tue,Philadelphia,34,29,63,23,20,0,43,106,YES,5,1,NO,Portland,34,28,62,34,25,0,59,121,NO,2,5,YES,125,102,227,120.06,93.68,213.74,-11.5,222
1991,12-Feb,,Tue,Atlanta,34,24,58,24,31,0,55,113,YES,4,0,NO,Chicago,28,34,62,32,28,0,60,122,YES,1,4,YES,120,115,235,115.06,106.68,221.74,-8.5,214
1991,12-Feb,,Tue,Cleveland,17,24,41,23,30,0,53,94,YES,4,0,YES,Miami,18,21,39,18,21,0,39,78,NO,1,5,YES,80,92,172,75.06,83.68,158.74,-1.5,207
1991,12-Feb,,Tue,Denver,28,33,61,31,30,0,61,122,NO,6,1,NO,Orlando,28,25,53,34,42,0,76,129,NO,1,4,NO,114,137,251,109.06,128.68,237.74,-8,243.5
1991,12-Feb,,Tue,Washington,22,26,48,24,20,0,44,92,YES,4,1,NO,San Antonio,32,33,65,18,19,0,37,102,NO,1,4,NO,113,81,194,108.06,72.68,180.74,-9,209
1991,12-Feb,,Tue,Minnesota,25,21,46,27,32,0,59,105,NO,4,0,NO,Golden State,30,37,67,24,35,0,59,126,NO,1,4,YES,113,118,231,108.06,109.68,217.74,-10.5,228
1991,12-Feb,,Tue,Houston,22,22,44,29,19,0,48,92,NO,4,1,YES,Utah,17,36,53,29,31,0,60,113,YES,2,5,NO,97,108,205,92.06,99.68,191.74,-9,0
1991,12-Feb,,Tue,LAC,25,28,53,24,24,0,48,101,NO,5,2,YES,Sacramento,32,18,50,27,26,0,53,103,NO,1,5,NO,103,101,204,98.06,92.68,190.74,-2,197
1991,12-Feb,,Tue,LAL,31,21,52,18,25,0,43,95,YES,6,0,YES,Phoenix,28,26,54,18,27,0,45,99,YES,1,5,YES,106,88,194,101.06,79.68,180.74,-3.5,212
1991,12-Feb,,Tue,Dallas,21,29,50,15,27,0,42,92,YES,4,0,NO,New Orleans,21,25,46,23,31,0,54,100,NO,2,4,YES,96,96,192,91.06,87.68,178.74,1,197.5
1991,13-Feb,,Wed,Atlanta,28,25,53,25,28,0,53,106,NO,0,2,YES,Brooklyn,30,35,65,32,43,0,75,140,NO,1,5,YES,118,128,246,113.06,119.68,232.74,3,219.5
1991,13-Feb,,Wed,Dallas,18,17,35,31,27,0,58,93,NO,0,1,YES,Cleveland,22,20,42,28,25,0,53,95,NO,1,0,YES,77,111,188,72.06,102.68,174.74,-5.5,189
1991,13-Feb,,Wed,Indiana,32,31,63,23,19,0,42,105,YES,0,3,YES,Detroit,20,23,43,37,21,0,58,101,YES,0,5,NO,106,100,206,101.06,91.68,192.74,-10,201.5
1991,13-Feb,,Wed,Minnesota,30,24,54,23,29,0,52,106,NO,0,1,NO,LAL,28,31,59,28,33,0,61,120,NO,1,0,YES,113,113,226,108.06,104.68,212.74,-14.5,207
1991,14-Feb,,Thu,Boston,29,29,58,35,35,0,70,128,NO,1,0,NO,Golden State,27,31,58,26,28,0,54,112,NO,1,1,NO,116,124,240,111.06,115.68,226.74,-3.5,240.5
1991,14-Feb,,Thu,Chicago,28,27,55,22,25,0,47,102,YES,1,1,YES,New York,24,18,42,30,20,0,50,92,YES,0,1,YES,97,97,194,92.06,88.68,180.74,4,202.5
1991,14-Feb,,Thu,Philadelphia,20,28,48,16,17,0,33,81,NO,1,1,NO,Sacramento,31,27,58,23,17,0,40,98,YES,2,1,NO,106,73,179,101.06,64.68,165.74,4.5,198
1991,14-Feb,,Thu,Detroit,28,24,52,25,25,0,50,102,YES,0,2,NO,Milwaukee,25,27,52,22,20,0,42,94,YES,0,7,NO,104,92,196,99.06,83.68,182.74,-3,199.5
1991,14-Feb,,Thu,Denver,23,24,47,33,32,0,65,112,NO,1,0,NO,Miami,28,37,65,41,35,0,76,141,NO,1,1,NO,112,141,253,107.06,132.68,239.74,-5.5,243.5
1991,14-Feb,,Thu,Oklahoma City,23,23,46,26,30,0,56,102,YES,1,1,NO,Orlando,26,20,46,21,23,0,44,90,NO,2,1,NO,92,100,192,87.06,91.68,178.74,1.5,215
1991,14-Feb,,Thu,Washington,29,29,58,29,30,0,59,117,NO,1,0,NO,Houston,43,33,76,25,28,0,53,129,NO,1,1,YES,134,112,246,129.06,103.68,232.74,-7,204
1991,14-Feb,,Thu,Phoenix,25,24,49,31,26,0,57,106,YES,1,1,NO,San Antonio,25,30,55,25,17,0,42,97,YES,1,1,NO,104,99,203,99.06,90.68,189.74,1,215.5
1991,15-Feb,,Fri,Boston,35,23,58,23,17,0,40,98,NO,0,1,NO,LAL,27,20,47,25,13,0,38,85,NO,1,1,NO,105,78,183,100.06,69.68,169.74,-7.5,214
1991,15-Feb,,Fri,Denver,19,33,52,24,34,0,58,110,NO,0,1,YES,Brooklyn,39,28,67,30,41,0,71,138,YES,0,1,NO,119,129,248,114.06,120.68,234.74,-9.5,253.5
1991,15-Feb,,Fri,New York,15,24,39,21,25,0,46,85,YES,0,1,YES,Cleveland,19,15,34,26,30,0,56,90,YES,1,1,NO,73,102,175,68.06,93.68,161.74,-5,193
1991,15-Feb,,Fri,Milwaukee,21,28,49,35,15,7,50,99,YES,0,1,NO,New Orleans,25,24,49,30,20,4,50,99,YES,0,2,NO,98,100,198,93.06,91.68,184.74,1.5,206.5
1991,15-Feb,,Fri,Washington,19,24,43,31,22,0,53,96,NO,0,1,YES,Dallas,25,38,63,26,32,0,58,121,NO,0,1,YES,106,111,217,101.06,102.68,203.74,-6,200
1991,15-Feb,,Fri,Minnesota,28,21,49,25,33,0,58,107,NO,1,0,NO,LAC,29,37,66,33,25,0,58,124,NO,1,2,YES,115,116,231,110.06,107.68,217.74,-6,208.5
1991,15-Feb,,Fri,Utah,31,29,60,24,21,0,45,105,YES,2,0,YES,Portland,27,40,67,30,20,0,50,117,YES,1,2,NO,127,95,222,122.06,86.68,208.74,-11.5,215
1991,16-Feb,,Sat,Brooklyn,27,26,53,16,18,0,34,87,YES,0,2,YES,Chicago,32,20,52,27,20,0,47,99,YES,1,1,YES,105,81,186,100.06,72.68,172.74,-15,218
1991,16-Feb,,Sat,Philadelphia,31,31,62,25,37,0,62,124,NO,1,0,NO,Golden State,45,34,79,24,30,0,54,133,NO,1,1,NO,141,116,257,136.06,107.68,243.74,-6,234.5
1991,16-Feb,,Sat,Oklahoma City,25,27,52,25,36,0,61,113,NO,1,1,NO,Atlanta,33,27,60,31,31,0,62,122,YES,2,2,YES,112,123,235,107.06,114.68,221.74,-8.5,216.5
1991,16-Feb,,Sat,New Orleans,24,20,44,15,23,0,38,82,YES,0,2,YES,Miami,15,23,38,28,28,0,56,94,YES,2,1,NO,82,94,176,77.06,85.68,162.74,-6,218
1991,16-Feb,,Sat,Minnesota,28,31,59,24,24,0,48,107,NO,0,1,YES,Utah,33,31,64,22,29,0,51,115,NO,1,0,YES,123,99,222,118.06,90.68,208.74,-15,209
1991,16-Feb,,Sat,Phoenix,20,23,43,17,31,0,48,91,NO,1,2,YES,Houston,21,28,49,28,23,0,51,100,NO,2,1,NO,92,99,191,87.06,90.68,177.74,2.5,217
1991,16-Feb,,Sat,San Antonio,24,25,49,24,21,0,45,94,YES,1,1,NO,Dallas,27,24,51,24,21,0,45,96,YES,1,0,NO,100,90,190,95.06,81.68,176.74,1,195.5
1991,17-Feb,,Sun,Boston,36,31,67,30,29,0,59,126,NO,1,1,NO,Denver,23,18,41,33,34,0,67,108,YES,0,1,YES,108,126,234,103.06,117.68,220.74,10,253.5
1991,17-Feb,,Sun,Detroit,24,15,39,19,30,0,49,88,NO,2,0,YES,New York,16,33,49,29,38,0,67,116,NO,1,1,YES,88,116,204,83.06,107.68,190.74,4,187
1991,17-Feb,,Sun,Philadelphia,28,34,62,28,24,0,52,114,NO,0,1,YES,LAC,30,16,46,29,29,0,58,104,NO,2,1,NO,108,110,218,103.06,101.68,204.74,-3.5,212.5
1991,17-Feb,,Sun,Cleveland,24,24,48,31,25,0,56,104,YES,1,0,YES,Washington,26,30,56,31,21,0,52,108,YES,1,1,YES,104,108,212,99.06,99.68,198.74,-3,202.5
1991,17-Feb,,Sun,Sacramento,18,30,48,26,36,0,62,110,YES,2,1,NO,Indiana,36,20,56,25,32,0,57,113,YES,1,3,YES,104,119,223,99.06,110.68,209.74,-10.5,210.5
1991,17-Feb,,Sun,Milwaukee,20,17,37,23,32,19,55,92,NO,1,1,YES,Orlando,28,22,50,21,21,11,42,92,YES,2,2,NO,87,97,184,82.06,88.68,170.74,2.5,215.5
1991,17-Feb,,Sun,Portland,22,17,39,28,29,0,57,96,YES,1,1,YES,LAL,17,20,37,34,35,0,69,106,YES,1,1,NO,76,126,202,71.06,117.68,188.74,-4,213.5
1991,18-Feb,,Mon,Chicago,24,22,46,34,30,0,64,110,YES,1,0,YES,Cleveland,28,22,50,22,23,0,45,95,NO,1,0,YES,96,109,205,91.06,100.68,191.74,6,192
1991,18-Feb,,Mon,Oklahoma City,18,25,43,23,17,0,40,83,NO,1,0,NO,Detroit,18,22,40,22,23,0,45,85,NO,1,0,YES,83,85,168,78.06,76.68,154.74,-7.5,189
1991,18-Feb,,Mon,Denver,33,21,54,30,30,0,60,114,YES,0,2,YES,Minnesota,39,27,66,27,35,0,62,128,NO,1,1,YES,120,122,242,115.06,113.68,228.74,-11.5,239
1991,18-Feb,,Mon,San Antonio,19,20,39,22,20,0,42,81,NO,1,3,NO,Utah,26,29,55,22,27,0,49,104,YES,3,1,NO,94,91,185,89.06,82.68,171.74,-8,202.5
1991,18-Feb,,Mon,Dallas,15,33,48,30,29,0,59,107,YES,1,0,NO,Golden State,29,22,51,26,24,0,50,101,YES,1,1,NO,99,109,208,94.06,100.68,194.74,-9.5,228
1991,19-Feb,,Tue,Boston,32,20,52,30,23,0,53,105,NO,1,2,YES,Phoenix,27,27,54,26,29,0,55,109,YES,0,2,YES,106,108,214,101.06,99.68,200.74,-6.5,222
1991,19-Feb,,Tue,Sacramento,19,14,33,22,28,0,50,83,NO,1,0,NO,Brooklyn,23,22,45,21,31,0,52,97,YES,2,2,YES,78,102,180,73.06,93.68,166.74,-8.5,200
1991,19-Feb,,Tue,Atlanta,24,31,55,34,21,0,55,110,YES,2,0,NO,New York,33,18,51,28,23,0,51,102,NO,1,1,NO,106,106,212,101.06,97.68,198.74,-2,210
1991,19-Feb,,Tue,Oklahoma City,30,20,50,26,21,7,47,97,NO,0,1,NO,Philadelphia,37,21,58,18,21,10,39,97,YES,2,1,YES,108,86,194,103.06,77.68,180.74,-7,209.5
1991,19-Feb,,Tue,Washington,20,24,44,34,35,0,69,113,YES,1,1,YES,Chicago,25,27,52,34,32,0,66,118,NO,2,0,YES,96,135,231,91.06,126.68,217.74,-13.5,215
1991,19-Feb,,Tue,Indiana,26,33,59,26,30,0,56,115,YES,1,0,YES,New Orleans,34,20,54,20,28,0,48,102,NO,2,2,YES,113,104,217,108.06,95.68,203.74,1,218.5
1991,19-Feb,,Tue,Miami,19,22,41,22,27,0,49,90,YES,2,1,NO,Milwaukee,25,32,57,25,34,0,59,116,YES,1,1,YES,98,108,206,93.06,99.68,192.74,-10,213
1991,19-Feb,,Tue,Dallas,22,26,48,26,26,0,52,100,NO,0,1,YES,Portland,35,22,57,23,27,0,50,107,YES,1,1,YES,105,102,207,100.06,93.68,193.74,-14,212
1991,19-Feb,,Tue,LAL,15,33,48,30,34,0,64,112,YES,1,1,NO,Houston,24,30,54,27,22,0,49,103,NO,1,2,NO,102,113,215,97.06,104.68,201.74,2.5,199
1991,20-Feb,,Wed,Sacramento,24,23,47,24,33,0,57,104,NO,0,1,NO,Cleveland,33,21,54,31,33,0,64,118,NO,1,1,NO,101,121,222,96.06,112.68,208.74,-10.5,182
1991,20-Feb,,Wed,Atlanta,22,15,37,21,31,0,52,89,NO,0,1,YES,Detroit,19,16,35,29,33,0,62,97,YES,1,1,NO,72,114,186,67.06,105.68,172.74,-5.5,193.5
1991,20-Feb,,Wed,Orlando,27,30,57,29,23,11,52,109,YES,2,1,NO,Indiana,35,25,60,29,20,13,49,109,YES,1,0,YES,117,101,218,112.06,92.68,204.74,-10.5,237
1991,20-Feb,,Wed,Golden State,29,26,55,27,26,0,53,108,YES,1,1,YES,Minnesota,28,27,55,30,20,0,50,105,NO,1,1,NO,110,103,213,105.06,94.68,199.74,1,232.5
1991,20-Feb,,Wed,Phoenix,31,25,56,29,28,0,57,113,YES,0,1,NO,LAC,31,27,58,19,16,0,35,93,NO,1,2,NO,114,92,206,109.06,83.68,192.74,5,217.5
1991,21-Feb,,Thu,Oklahoma City,37,20,57,29,34,0,63,120,NO,1,1,YES,New York,25,27,52,19,30,0,49,101,YES,1,1,NO,109,112,221,104.06,103.68,207.74,-3.5,200.5
1991,21-Feb,,Thu,Milwaukee,22,22,44,23,23,0,46,90,YES,1,1,YES,Houston,32,19,51,19,22,0,41,92,YES,2,1,NO,95,87,182,90.06,78.68,168.74,-4,205
1991,21-Feb,,Thu,Miami,18,25,43,29,32,0,61,104,NO,1,0,YES,Washington,25,22,47,18,25,0,43,90,NO,1,1,YES,90,104,194,85.06,95.68,180.74,-7.5,215
1991,21-Feb,,Thu,Portland,24,32,56,36,30,0,66,122,YES,1,0,YES,Denver,19,25,44,36,31,0,67,111,NO,1,2,YES,100,133,233,95.06,124.68,219.74,11.5,253.5
1991,21-Feb,,Thu,LAL,33,19,52,23,31,0,54,106,NO,1,0,NO,Dallas,13,16,29,34,29,0,63,92,YES,1,1,YES,81,117,198,76.06,108.68,184.74,6,191
1991,22-Feb,,Fri,Brooklyn,26,32,58,22,19,0,41,99,YES,2,0,YES,Boston,27,25,52,34,25,0,59,111,YES,1,2,YES,110,100,210,105.06,91.68,196.74,-13.5,226
1991,22-Feb,,Fri,Philadelphia,23,26,49,23,31,0,54,103,YES,2,0,NO,Miami,34,23,57,20,19,0,39,96,NO,1,0,YES,106,93,199,101.06,84.68,185.74,4.5,209.5
1991,22-Feb,,Fri,Sacramento,26,22,48,16,18,0,34,82,NO,1,1,NO,Chicago,28,34,62,34,33,0,67,129,NO,0,2,NO,110,101,211,105.06,92.68,197.74,-16.5,202
1991,22-Feb,,Fri,Indiana,32,22,54,17,35,0,52,106,YES,1,1,YES,Cleveland,36,14,50,29,19,0,48,98,YES,0,1,NO,104,100,204,99.06,91.68,190.74,-4.5,217.5
1991,22-Feb,,Fri,Detroit,18,29,47,37,30,0,67,114,YES,1,1,YES,New Orleans,31,18,49,34,39,0,73,122,YES,0,2,NO,96,140,236,91.06,131.68,222.74,5.5,187
1991,22-Feb,,Fri,LAL,26,24,50,26,26,0,52,102,NO,0,1,NO,Atlanta,30,29,59,25,27,0,52,111,NO,0,1,YES,109,104,213,104.06,95.68,199.74,-1,212.5
1991,22-Feb,,Fri,Orlando,27,25,52,23,28,0,51,103,NO,1,1,YES,Minnesota,26,19,45,29,27,0,56,101,NO,1,1,NO,97,107,204,92.06,98.68,190.74,-6.5,214.5
1991,22-Feb,,Fri,Phoenix,26,19,45,27,34,0,61,106,NO,1,0,NO,Portland,38,25,63,30,34,0,64,127,NO,1,0,YES,108,125,233,103.06,116.68,219.74,-5,224.5
1991,22-Feb,,Fri,Utah,18,27,45,26,38,0,64,109,YES,3,1,NO,Golden State,17,31,48,29,27,0,56,104,YES,0,1,YES,93,120,213,88.06,111.68,199.74,-5.5,226
1991,22-Feb,,Fri,San Antonio,25,23,48,34,19,0,53,101,NO,3,1,NO,LAC,20,24,44,30,33,0,63,107,NO,1,1,NO,92,116,208,87.06,107.68,194.74,3,201
1991,23-Feb,,Sat,Philadelphia,31,14,45,30,28,0,58,103,NO,0,1,YES,Brooklyn,31,25,56,16,18,0,34,90,NO,2,0,YES,101,92,193,96.06,83.68,179.74,1,210.5
1991,23-Feb,,Sat,New York,26,22,48,27,29,0,56,104,YES,1,0,NO,Washington,36,29,65,19,17,0,36,101,YES,2,1,NO,113,92,205,108.06,83.68,191.74,-2.5,0
1991,23-Feb,,Sat,New Orleans,25,33,58,21,29,0,50,108,YES,0,1,NO,Chicago,41,20,61,33,35,0,68,129,NO,2,0,NO,119,118,237,114.06,109.68,223.74,-17,219
1991,23-Feb,,Sat,Cleveland,27,31,58,24,21,0,45,103,YES,0,2,YES,Milwaukee,29,27,56,30,32,0,62,118,YES,2,1,YES,114,107,221,109.06,98.68,207.74,-8.5,203
1991,23-Feb,,Sat,Dallas,19,23,42,32,33,0,65,107,YES,1,2,NO,Atlanta,30,30,60,32,30,0,62,122,NO,1,0,NO,102,127,229,97.06,118.68,215.74,-6.5,206.5
1991,23-Feb,,Sat,Golden State,41,34,75,41,29,0,70,145,YES,0,2,YES,Denver,41,38,79,34,37,0,71,150,YES,0,1,NO,154,141,295,149.06,132.68,281.74,4.5,258
1991,23-Feb,,Sat,Phoenix,22,39,61,31,28,0,59,120,NO,0,1,YES,Oklahoma City,26,35,61,25,24,0,49,110,NO,0,1,YES,122,108,230,117.06,99.68,216.74,-1.5,218
1991,24-Feb,,Sun,Boston,27,25,52,34,23,0,57,109,YES,1,1,NO,Indiana,36,16,52,19,44,0,63,115,YES,1,1,YES,104,120,224,99.06,111.68,210.74,3,229
1991,24-Feb,,Sun,New York,30,26,56,32,20,0,52,108,NO,0,1,YES,Miami,24,27,51,20,21,0,41,92,NO,1,1,NO,107,93,200,102.06,84.68,186.74,0,201.5
1991,24-Feb,,Sun,LAL,25,20,45,28,17,12,45,90,NO,1,0,NO,Detroit,31,21,52,22,16,6,38,90,YES,1,1,YES,97,83,180,92.06,74.68,166.74,1.5,185.5
1991,24-Feb,,Sun,Sacramento,23,23,46,21,23,0,44,90,NO,1,0,NO,Orlando,26,31,57,23,40,0,63,120,YES,1,1,YES,103,107,210,98.06,98.68,196.74,-6,200
1991,24-Feb,,Sun,Denver,28,30,58,26,28,0,54,112,YES,0,1,YES,LAC,29,31,60,34,35,0,69,129,YES,1,1,NO,118,123,241,113.06,114.68,227.74,-11,247.5
1991,24-Feb,,Sun,Houston,22,25,47,24,29,0,53,100,YES,2,1,NO,Minnesota,20,24,44,17,30,0,47,91,NO,1,1,NO,91,100,191,86.06,91.68,177.74,0,206
1991,24-Feb,,Sun,Utah,26,30,56,16,19,0,35,91,NO,1,2,YES,Oklahoma City,28,25,53,22,28,0,50,103,NO,1,0,NO,109,85,194,104.06,76.68,180.74,-3.5,206
1991,24-Feb,,Sun,San Antonio,26,20,46,18,31,0,49,95,NO,1,1,YES,Portland,20,22,42,17,29,0,46,88,YES,1,1,NO,88,95,183,83.06,86.68,169.74,-10.5,217.5
1991,25-Feb,,Mon,LAL,33,17,50,18,22,0,40,90,NO,0,2,NO,Philadelphia,35,17,52,20,20,0,40,92,NO,1,1,YES,102,80,182,97.06,71.68,168.74,-2,201
1991,25-Feb,,Mon,Sacramento,24,25,49,23,16,0,39,88,NO,0,1,YES,Atlanta,24,24,48,20,28,0,48,96,YES,1,1,NO,97,87,184,92.06,78.68,170.74,-16.5,210
1991,25-Feb,,Mon,New Orleans,33,24,57,26,25,0,51,108,NO,1,1,NO,Phoenix,32,38,70,35,23,0,58,128,NO,1,1,YES,127,109,236,122.06,100.68,222.74,-16,227.5
1991,26-Feb,,Tue,Boston,12,36,48,21,30,0,51,99,NO,1,0,YES,Chicago,33,41,74,31,24,0,55,129,NO,2,2,NO,122,106,228,117.06,97.68,214.74,-6,217
1991,26-Feb,,Tue,Indiana,23,26,49,27,28,0,55,104,YES,1,0,YES,Brooklyn,30,31,61,29,39,0,68,129,NO,1,2,NO,110,123,233,105.06,114.68,219.74,-2.5,219.5
1991,26-Feb,,Tue,Washington,26,22,48,25,20,16,45,93,YES,2,2,NO,New York,22,26,48,27,18,19,45,93,NO,1,1,YES,96,90,186,91.06,81.68,172.74,-5,207.5
1991,26-Feb,,Tue,Detroit,24,23,47,24,32,0,56,103,YES,1,1,NO,Cleveland,25,29,54,23,29,0,52,106,YES,2,2,YES,101,108,209,96.06,99.68,195.74,0,188.5
1991,26-Feb,,Tue,Milwaukee,33,27,60,34,25,0,59,119,YES,2,1,NO,Miami,18,33,51,30,25,0,55,106,NO,1,1,NO,111,114,225,106.06,105.68,211.74,3.5,201.5
1991,26-Feb,,Tue,Orlando,34,30,64,42,25,0,67,131,YES,1,0,NO,Golden State,30,24,54,39,26,0,65,119,YES,0,2,YES,118,132,250,113.06,123.68,236.74,-11.5,239.5
1991,26-Feb,,Tue,Houston,25,27,52,42,35,0,77,129,NO,1,1,NO,Denver,21,26,47,19,33,0,52,99,NO,1,1,YES,99,129,228,94.06,120.68,214.74,3.5,245.5
1991,26-Feb,,Tue,Dallas,20,21,41,25,28,0,53,94,NO,2,0,NO,Minnesota,20,19,39,32,29,0,61,100,YES,0,1,NO,80,114,194,75.06,105.68,180.74,1,193.5
1991,26-Feb,,Tue,LAC,25,15,40,20,21,0,41,81,YES,1,1,YES,Oklahoma City,23,19,42,28,23,0,51,93,NO,2,1,NO,82,92,174,77.06,83.68,160.74,-9,217.5
1991,26-Feb,,Tue,Portland,15,12,27,34,30,10,64,91,YES,1,1,NO,San Antonio,19,25,44,25,22,11,47,91,YES,1,1,YES,71,111,182,66.06,102.68,168.74,3,211
1991,27-Feb,,Wed,Minnesota,22,30,52,30,29,0,59,111,YES,0,2,YES,Boston,27,37,64,28,24,0,52,116,NO,1,0,YES,116,111,227,111.06,102.68,213.74,-14.5,225
1991,27-Feb,,Wed,Atlanta,28,25,53,30,20,0,50,103,YES,1,0,YES,Philadelphia,28,31,59,30,18,0,48,107,NO,1,1,NO,112,98,210,107.06,89.68,196.74,-4,214.5
1991,27-Feb,,Wed,Dallas,24,32,56,22,30,0,52,108,NO,0,1,NO,Indiana,36,26,62,21,21,0,42,104,NO,1,0,YES,118,94,212,113.06,85.68,198.74,-6.5,0
1991,27-Feb,,Wed,Orlando,27,32,59,34,31,0,65,124,NO,0,1,NO,Phoenix,25,32,57,31,28,0,59,116,NO,1,1,NO,116,124,240,111.06,115.68,226.74,-17,232
1991,27-Feb,,Wed,Golden State,28,27,55,29,19,0,48,103,YES,0,2,YES,Utah,30,32,62,23,33,0,56,118,YES,1,2,YES,117,104,221,112.06,95.68,207.74,-11,229.5
1991,27-Feb,,Wed,New Orleans,21,22,43,23,30,0,53,96,NO,1,1,NO,Sacramento,18,28,46,25,19,0,44,90,YES,1,1,YES,89,97,186,84.06,88.68,172.74,-6,201.5
1991,28-Feb,,Thu,Milwaukee,28,19,47,24,22,0,46,93,NO,1,0,YES,Brooklyn,22,24,46,26,26,0,52,98,NO,1,1,NO,93,98,191,88.06,89.68,177.74,-1.5,210
1991,28-Feb,,Thu,San Antonio,28,22,50,18,25,0,43,93,YES,1,0,NO,New York,16,34,50,24,26,0,50,100,YES,1,1,NO,100,93,193,95.06,84.68,179.74,1.5,195
1991,28-Feb,,Thu,Detroit,25,23,48,28,22,0,50,98,NO,1,0,YES,Miami,26,21,47,32,21,0,53,100,YES,1,1,NO,95,103,198,90.06,94.68,184.74,4,192
1991,28-Feb,,Thu,Portland,19,28,47,33,29,0,62,109,NO,1,0,NO,Atlanta,23,22,45,29,43,0,72,117,YES,2,0,YES,92,134,226,87.06,125.68,212.74,2.5,225
1991,28-Feb,,Thu,LAL,35,30,65,32,24,0,56,121,NO,2,0,YES,Denver,32,23,55,25,28,0,53,108,NO,1,1,NO,120,109,229,115.06,100.68,215.74,11.5,233
1991,28-Feb,,Thu,Houston,16,25,41,20,19,0,39,80,NO,1,2,NO,LAC,27,20,47,16,20,0,36,83,YES,1,1,YES,88,75,163,83.06,66.68,149.74,2.5,205
1991,1-Mar,,Fri,San Antonio,30,30,60,19,19,0,38,98,NO,0,1,NO,Boston,19,32,51,32,25,0,57,108,NO,1,1,NO,111,95,206,106.06,86.68,192.74,-9.5,211
1991,1-Mar,,Fri,Portland,33,18,51,30,30,0,60,111,NO,0,1,NO,Philadelphia,29,29,58,32,31,0,63,121,NO,1,1,NO,109,123,232,104.06,114.68,218.74,-1.5,211.5
1991,1-Mar,,Fri,Dallas,24,19,43,17,26,0,43,86,NO,1,0,YES,Chicago,27,12,39,36,34,0,70,109,YES,0,2,NO,82,113,195,77.06,104.68,181.74,-12.5,207.5
1991,1-Mar,,Fri,Cleveland,20,32,52,30,33,0,63,115,YES,2,3,NO,Indiana,32,27,59,32,27,0,59,118,NO,0,1,NO,111,122,233,106.06,113.68,219.74,-6.5,217
1991,1-Mar,,Fri,Utah,20,24,44,28,22,0,50,94,YES,1,1,NO,Detroit,25,27,52,26,14,0,40,92,NO,1,0,YES,96,90,186,91.06,81.68,172.74,-4,185
1991,1-Mar,,Fri,Washington,19,35,54,25,26,0,51,105,NO,2,1,YES,Milwaukee,34,32,66,24,16,0,40,106,NO,1,0,YES,120,91,211,115.06,82.68,197.74,-7.5,212
1991,1-Mar,,Fri,Orlando,33,22,55,19,27,0,46,101,NO,1,0,NO,LAL,32,22,54,30,31,0,61,115,NO,1,0,YES,109,107,216,104.06,98.68,202.74,-13,217
1991,1-Mar,,Fri,New Orleans,18,25,43,31,31,0,62,105,NO,1,0,NO,Oklahoma City,32,26,58,27,37,0,64,122,NO,0,2,NO,101,126,227,96.06,117.68,213.74,-11.5,214
1991,1-Mar,,Fri,Sacramento,25,18,43,29,34,0,63,106,YES,1,0,NO,Phoenix,32,19,51,30,31,0,61,112,YES,2,1,NO,94,124,218,89.06,115.68,204.74,-18.5,210
1991,2-Mar,,Sat,New York,30,22,52,30,33,0,63,115,YES,1,2,YES,Brooklyn,32,17,49,31,25,0,56,105,YES,1,1,NO,101,119,220,96.06,110.68,206.74,-3.5,202.5
1991,2-Mar,,Sat,Chicago,34,24,58,22,34,0,56,114,YES,0,2,YES,Indiana,35,33,68,36,31,0,67,135,YES,1,0,NO,126,123,249,121.06,114.68,235.74,4.5,222
1991,2-Mar,,Sat,Miami,26,22,48,38,23,0,61,109,YES,1,2,YES,Dallas,25,19,44,23,36,0,59,103,NO,1,0,YES,92,120,212,87.06,111.68,198.74,-8.5,198.5
1991,2-Mar,,Sat,Orlando,23,28,51,29,31,0,60,111,NO,0,1,YES,Denver,30,36,66,25,35,0,60,126,YES,2,1,NO,117,120,237,112.06,111.68,223.74,-4,250.5
1991,2-Mar,,Sat,LAC,26,28,54,24,26,0,50,104,YES,1,0,NO,Minnesota,21,26,47,27,28,0,55,102,NO,2,2,YES,101,105,206,96.06,96.68,192.74,-4.5,205
1991,2-Mar,,Sat,Sacramento,19,32,51,24,31,0,55,106,NO,0,2,YES,Oklahoma City,35,28,63,29,28,0,57,120,YES,1,0,NO,114,112,226,109.06,103.68,212.74,-14.5,203
1991,2-Mar,,Sat,New Orleans,22,29,51,23,34,0,57,108,NO,0,1,YES,Golden State,29,24,53,34,34,0,68,121,NO,1,2,YES,104,125,229,99.06,116.68,215.74,-12.5,242
1991,3-Mar,,Sun,Portland,29,22,51,32,33,0,65,116,NO,1,6,YES,Boston,29,27,56,24,27,0,51,107,NO,0,1,NO,107,116,223,102.06,107.68,209.74,-4.5,226.5
1991,3-Mar,,Sun,Utah,24,26,50,24,21,0,45,95,NO,1,0,NO,Philadelphia,29,20,49,30,13,0,43,92,YES,1,1,NO,99,88,187,94.06,79.68,173.74,-6,200.5
1991,3-Mar,,Sun,LAC,27,24,51,18,29,0,47,98,NO,0,1,NO,Detroit,28,25,53,29,25,0,54,107,NO,2,1,NO,104,101,205,99.06,92.68,191.74,-9.5,193
1991,3-Mar,,Sun,Atlanta,26,28,54,25,36,0,61,115,YES,2,1,YES,Milwaukee,32,18,50,20,36,0,56,106,YES,1,1,NO,104,117,221,99.06,108.68,207.74,-3.5,215.5
1991,3-Mar,,Sun,San Antonio,35,20,55,22,30,0,52,107,NO,1,1,YES,Washington,17,32,49,14,22,0,36,85,NO,2,1,YES,104,88,192,99.06,79.68,178.74,2.5,200
1991,3-Mar,,Sun,Houston,25,21,46,31,27,0,58,104,NO,2,1,YES,LAL,24,22,46,29,20,0,49,95,YES,1,1,NO,92,107,199,87.06,98.68,185.74,-9,202.5
1991,4-Mar,,Mon,Indiana,21,31,52,25,24,0,49,101,YES,1,0,YES,Boston,37,32,69,28,29,0,57,126,NO,1,0,NO,121,106,227,116.06,97.68,213.74,-9.5,235.5
1991,4-Mar,,Mon,Brooklyn,22,24,46,33,21,0,54,100,YES,1,0,NO,Dallas,23,30,53,18,31,0,49,102,NO,1,1,NO,99,103,202,94.06,94.68,188.74,-5.5,198
1991,4-Mar,,Mon,Utah,21,27,48,33,25,0,58,106,NO,0,1,NO,Orlando,18,19,37,28,23,0,51,88,NO,1,1,YES,85,109,194,80.06,100.68,180.74,2.5,202.5
1991,4-Mar,,Mon,Oklahoma City,23,28,51,26,28,0,54,105,YES,1,0,YES,Golden State,23,26,49,27,23,0,50,99,YES,0,1,NO,100,104,204,95.06,95.68,190.74,-3.5,234
1991,4-Mar,,Mon,Phoenix,35,33,68,31,27,0,58,126,YES,2,0,NO,New Orleans,23,24,47,18,28,0,46,93,YES,0,1,YES,115,104,219,110.06,95.68,205.74,8,216.5
1991,5-Mar,,Tue,Brooklyn,36,24,60,25,15,0,40,100,NO,0,1,NO,Houston,25,32,57,25,30,0,55,112,NO,1,1,YES,117,95,212,112.06,86.68,198.74,-10.5,202
1991,5-Mar,,Tue,Phoenix,27,25,52,30,25,0,55,107,NO,0,1,NO,New York,26,31,57,23,22,0,45,102,YES,0,2,YES,109,100,209,104.06,91.68,195.74,3,214
1991,5-Mar,,Tue,Philadelphia,37,16,53,30,16,0,46,99,YES,1,0,NO,San Antonio,22,32,54,27,23,0,50,104,NO,1,1,YES,107,96,203,102.06,87.68,189.74,-5,202.5
1991,5-Mar,,Tue,Milwaukee,25,19,44,21,21,0,42,86,YES,1,1,YES,Chicago,20,30,50,25,29,0,54,104,NO,2,2,YES,94,96,190,89.06,87.68,176.74,-11.5,212.5
1991,5-Mar,,Tue,Cleveland,27,27,54,22,25,12,47,101,NO,3,1,NO,Oklahoma City,22,31,53,22,26,10,48,101,YES,1,0,YES,107,95,202,102.06,86.68,188.74,-8,208
1991,5-Mar,,Tue,New Orleans,35,22,57,20,24,0,44,101,YES,0,3,NO,Indiana,24,29,53,31,28,0,59,112,NO,1,0,YES,110,103,213,105.06,94.68,199.74,-11,230
1991,5-Mar,,Tue,Denver,29,32,61,27,39,0,66,127,YES,2,1,NO,Atlanta,34,33,67,34,38,0,72,139,NO,1,1,YES,128,138,266,123.06,129.68,252.74,-17,250.5
1991,5-Mar,,Tue,LAC,25,24,49,30,34,0,64,113,NO,1,0,NO,Miami,34,24,58,25,33,0,58,116,YES,0,2,YES,107,122,229,102.06,113.68,215.74,-1,211
1991,5-Mar,,Tue,LAL,15,22,37,22,26,0,48,85,YES,1,1,NO,Minnesota,16,24,40,27,27,0,54,94,NO,1,2,NO,77,102,179,72.06,93.68,165.74,8,195.5
1991,5-Mar,,Tue,Golden State,24,21,45,21,26,0,47,92,YES,0,1,YES,Sacramento,24,26,50,23,27,0,50,100,NO,2,2,YES,95,97,192,90.06,88.68,178.74,2.5,218
1991,6-Mar,,Wed,Miami,28,27,55,32,30,0,62,117,YES,0,1,YES,Boston,35,35,70,33,23,0,56,126,YES,1,1,NO,125,118,243,120.06,109.68,229.74,-17,225.5
1991,6-Mar,,Wed,New York,24,26,50,29,23,0,52,102,YES,0,2,YES,Detroit,26,28,54,20,25,0,45,99,YES,2,2,NO,104,97,201,99.06,88.68,187.74,-7.5,188
1991,6-Mar,,Wed,Philadelphia,26,14,40,29,28,0,57,97,NO,0,2,NO,Dallas,22,21,43,17,32,0,49,92,YES,0,1,NO,83,106,189,78.06,97.68,175.74,3,196.5
1991,6-Mar,,Wed,LAC,16,30,46,15,25,0,40,86,NO,0,1,YES,Orlando,23,25,48,18,23,0,41,89,NO,1,1,NO,94,81,175,89.06,72.68,161.74,-5,216.5
1991,6-Mar,,Wed,Utah,28,31,59,21,24,0,45,104,NO,1,1,NO,Washington,26,19,45,30,18,0,48,93,NO,1,2,NO,104,93,197,99.06,84.68,183.74,3,198
1991,7-Mar,,Thu,Brooklyn,24,28,52,20,27,0,47,99,NO,1,2,NO,San Antonio,26,33,59,28,24,0,52,111,NO,1,1,NO,111,99,210,106.06,90.68,196.74,-9.5,203.5
1991,7-Mar,,Thu,Cleveland,20,15,35,26,31,0,57,92,NO,1,0,NO,Golden State,32,31,63,26,33,0,59,122,NO,2,1,YES,98,116,214,93.06,107.68,200.74,-6,226
1991,7-Mar,,Thu,Denver,26,34,60,35,30,0,65,125,NO,1,0,NO,Indiana,40,36,76,36,33,0,69,145,NO,1,1,NO,136,134,270,131.06,125.68,256.74,-12.5,257.5
1991,7-Mar,,Thu,LAL,19,22,41,23,30,0,53,94,NO,1,1,NO,Milwaukee,26,21,47,30,22,0,52,99,NO,1,1,YES,88,105,193,83.06,96.68,179.74,5,198
1991,7-Mar,,Thu,Phoenix,33,25,58,25,23,0,48,106,NO,1,0,NO,Atlanta,36,34,70,12,22,0,34,104,YES,0,1,NO,128,82,210,123.06,73.68,196.74,-2,229.5
1991,7-Mar,,Thu,Oklahoma City,19,30,49,26,16,0,42,91,YES,1,1,NO,Minnesota,13,24,37,26,23,0,49,86,NO,2,1,NO,86,91,177,81.06,82.68,163.74,2.5,197
1991,7-Mar,,Thu,Dallas,29,15,44,16,30,0,46,90,YES,0,2,NO,Houston,25,24,49,30,43,0,73,122,NO,1,1,NO,93,119,212,88.06,110.68,198.74,-12,192.5
1991,8-Mar,,Fri,Boston,27,28,55,24,25,0,49,104,YES,1,1,NO,LAC,20,28,48,26,24,0,50,98,NO,1,1,YES,103,99,202,98.06,90.68,188.74,6,213.5
1991,8-Mar,,Fri,Utah,25,26,51,22,16,0,38,89,NO,1,0,NO,Chicago,23,23,46,20,33,0,53,99,YES,1,2,NO,97,91,188,92.06,82.68,174.74,-8,203
1991,8-Mar,,Fri,Cleveland,16,16,32,28,19,0,47,79,NO,0,1,NO,Sacramento,21,24,45,15,27,0,42,87,YES,1,2,NO,77,89,166,72.06,80.68,152.74,2,192.5
1991,8-Mar,,Fri,Atlanta,25,22,47,36,19,0,55,102,YES,0,1,YES,Miami,34,17,51,30,15,0,45,96,NO,1,1,YES,98,100,198,93.06,91.68,184.74,4,218
1991,8-Mar,,Fri,Denver,29,32,61,30,22,0,52,113,NO,0,1,YES,Orlando,31,39,70,32,27,0,59,129,NO,1,1,NO,131,111,242,126.06,102.68,228.74,-9,247.5
1991,8-Mar,,Fri,Phoenix,36,24,60,28,29,0,57,117,NO,0,1,NO,Washington,28,22,50,22,19,0,41,91,NO,0,1,NO,110,98,208,105.06,89.68,194.74,4.5,213.5
1991,9-Mar,,Sat,Utah,19,18,37,32,23,0,55,92,NO,0,1,NO,New York,28,20,48,25,28,0,53,101,NO,1,2,YES,85,108,193,80.06,99.68,179.74,-1.5,194.5
1991,9-Mar,,Sat,Philadelphia,21,16,37,23,20,0,43,80,NO,2,2,NO,Houston,23,26,49,24,24,0,48,97,NO,2,1,NO,86,91,177,81.06,82.68,163.74,-5.5,205.5
1991,9-Mar,,Sat,Detroit,31,28,59,29,26,0,55,114,YES,2,1,YES,Indiana,32,35,67,25,20,0,45,112,YES,2,1,NO,126,100,226,121.06,91.68,212.74,-3,208.5
1991,9-Mar,,Sat,New Orleans,32,15,47,32,28,0,60,107,NO,3,2,YES,Milwaukee,24,25,49,34,15,0,49,98,YES,1,1,NO,96,109,205,91.06,100.68,191.74,-10,216
1991,9-Mar,,Sat,LAL,22,26,48,21,18,0,39,87,NO,1,0,NO,Washington,18,20,38,20,14,0,34,72,YES,2,0,NO,86,73,159,81.06,64.68,145.74,8.5,195
1991,9-Mar,,Sat,Oklahoma City,23,26,49,19,31,0,50,99,NO,1,2,NO,San Antonio,40,19,59,30,23,0,53,112,NO,1,1,NO,108,103,211,103.06,94.68,197.74,-5,200.5
1991,10-Mar,,Sun,Boston,27,29,56,21,21,13,42,98,NO,1,1,NO,Portland,28,18,46,30,22,11,52,98,NO,0,6,YES,102,94,196,97.06,85.68,182.74,-5.5,222
1991,10-Mar,,Sun,Brooklyn,24,32,56,13,19,0,32,88,NO,2,0,NO,Miami,27,21,48,31,22,0,53,101,NO,1,1,NO,104,85,189,99.06,76.68,175.74,-3.5,213
1991,10-Mar,,Sun,Chicago,34,28,62,31,29,0,60,122,YES,1,1,YES,Atlanta,27,20,47,18,22,0,40,87,NO,1,1,YES,109,100,209,104.06,91.68,195.74,-1.5,216
1991,10-Mar,,Sun,Cleveland,24,28,52,22,24,0,46,98,NO,1,0,NO,LAC,22,20,42,26,25,0,51,93,YES,1,1,NO,94,97,191,89.06,88.68,177.74,-4,200.5
1991,10-Mar,,Sun,LAL,34,22,56,26,33,0,59,115,NO,0,1,NO,Orlando,27,28,55,23,23,0,46,101,YES,3,1,NO,111,105,216,106.06,96.68,202.74,7,200.5
1991,10-Mar,,Sun,Dallas,25,29,54,27,29,0,56,110,NO,2,2,YES,Denver,35,38,73,29,22,0,51,124,NO,1,1,YES,127,107,234,122.06,98.68,220.74,-1,229
1991,10-Mar,,Sun,Phoenix,36,30,66,33,24,0,57,123,NO,1,2,YES,Minnesota,23,32,55,26,28,0,54,109,YES,1,2,NO,121,111,232,116.06,102.68,218.74,7,208
1991,10-Mar,,Sun,Sacramento,22,18,40,26,21,0,47,87,YES,1,1,YES,Golden State,25,21,46,23,28,0,51,97,NO,1,2,NO,86,98,184,81.06,89.68,170.74,-14.5,213.5
1991,11-Mar,,Mon,Brooklyn,22,24,46,24,15,0,39,85,NO,0,2,YES,New York,15,27,42,23,25,0,48,90,YES,1,1,NO,88,87,175,83.06,78.68,161.74,-9,204
1991,11-Mar,,Mon,Cleveland,27,12,39,31,26,0,57,96,NO,0,2,YES,Portland,24,24,48,30,26,0,56,104,YES,1,0,NO,87,113,200,82.06,104.68,186.74,-14.5,215.5
1991,11-Mar,,Mon,Milwaukee,20,23,43,28,25,0,53,96,YES,1,1,YES,Detroit,22,20,42,25,18,0,43,85,NO,1,1,YES,85,96,181,80.06,87.68,167.74,-6.5,191
1991,11-Mar,,Mon,Utah,24,22,46,29,21,0,50,96,NO,1,1,YES,San Antonio,38,21,59,24,22,0,46,105,YES,1,1,NO,105,96,201,100.06,87.68,187.74,-7,194
1991,12-Mar,,Tue,Boston,28,29,57,31,22,0,53,110,NO,1,0,NO,Sacramento,34,25,59,20,16,0,36,95,NO,1,1,YES,116,89,205,111.06,80.68,191.74,9.5,193.5
1991,12-Mar,,Tue,Philadelphia,26,23,49,27,32,25,59,108,NO,2,0,YES,Atlanta,27,33,60,17,31,21,48,108,YES,2,1,NO,109,107,216,104.06,98.68,202.74,-6.5,213.5
1991,12-Mar,,Tue,Minnesota,23,21,44,31,24,0,55,99,YES,1,1,NO,Chicago,31,36,67,40,24,0,64,131,YES,0,1,YES,111,119,230,106.06,110.68,216.74,-15,214
1991,12-Mar,,Tue,Indiana,33,26,59,32,26,0,58,117,YES,2,1,NO,Golden State,36,26,62,33,34,0,67,129,NO,1,1,NO,121,125,246,116.06,116.68,232.74,-7,241.5
1991,12-Mar,,Tue,LAL,32,18,50,20,32,0,52,102,NO,1,2,YES,Miami,18,28,46,19,30,0,49,95,YES,1,1,NO,96,101,197,91.06,92.68,183.74,10.5,196.5
1991,12-Mar,,Tue,Washington,23,26,49,24,30,0,54,103,YES,2,2,YES,New Orleans,19,28,47,28,25,0,53,100,YES,0,2,YES,96,107,203,91.06,98.68,189.74,-5,204.5
1991,12-Mar,,Tue,LAC,28,28,56,37,19,14,56,112,YES,1,0,YES,Denver,30,27,57,29,26,11,55,112,NO,1,1,NO,113,111,224,108.06,102.68,210.74,-3,243
1991,12-Mar,,Tue,Oklahoma City,27,19,46,24,21,0,45,91,NO,2,0,NO,Houston,21,28,49,24,20,0,44,93,NO,1,2,NO,95,89,184,90.06,80.68,170.74,-7.5,202
1991,13-Mar,,Wed,Boston,30,20,50,30,19,10,49,99,NO,0,1,NO,Utah,32,25,57,20,22,13,42,99,NO,1,1,YES,107,91,198,102.06,82.68,184.74,-4.5,206.5
1991,13-Mar,,Wed,New York,25,28,53,25,24,0,49,102,YES,1,0,YES,Philadelphia,30,22,52,19,23,0,42,94,NO,1,0,YES,105,91,196,100.06,82.68,182.74,-3.5,199.5
1991,13-Mar,,Wed,Chicago,27,28,55,23,24,0,47,102,YES,0,1,NO,Milwaukee,28,22,50,28,23,0,51,101,YES,0,1,YES,105,98,203,100.06,89.68,189.74,4,206.5
1991,13-Mar,,Wed,New Orleans,19,30,49,18,16,0,34,83,YES,0,1,YES,Detroit,16,28,44,20,30,0,50,94,YES,0,1,NO,93,84,177,88.06,75.68,163.74,-12,198
1991,13-Mar,,Wed,Oklahoma City,25,19,44,24,28,0,52,96,NO,0,1,YES,Dallas,19,19,38,31,29,0,60,98,NO,1,2,YES,82,112,194,77.06,103.68,180.74,1.5,197
1991,13-Mar,,Wed,Portland,25,21,46,31,31,0,62,108,YES,1,1,NO,Phoenix,31,23,54,34,28,0,62,116,NO,1,2,YES,100,124,224,95.06,115.68,210.74,-5,226.5
1991,13-Mar,,Wed,San Antonio,31,20,51,20,22,0,42,93,YES,1,0,NO,LAC,22,29,51,28,18,0,46,97,NO,1,0,YES,102,88,190,97.06,79.68,176.74,6,195.5
1991,14-Mar,,Thu,Detroit,29,18,47,27,36,0,63,110,YES,0,1,YES,Brooklyn,28,27,55,30,33,0,63,118,NO,1,2,YES,102,126,228,97.06,117.68,214.74,2.5,194.5
1991,14-Mar,,Thu,Miami,18,28,46,23,32,20,55,101,YES,1,0,NO,New York,25,25,50,30,21,24,51,101,YES,2,0,YES,96,106,202,91.06,97.68,188.74,-9.5,201.5
1991,14-Mar,,Thu,Milwaukee,25,22,47,21,33,0,54,101,YES,0,2,YES,Cleveland,23,32,55,22,26,0,48,103,NO,1,2,YES,102,102,204,97.06,93.68,190.74,-3,196
1991,14-Mar,,Thu,Indiana,19,32,51,30,26,0,56,107,NO,1,0,NO,Sacramento,25,21,46,20,37,0,57,103,NO,1,1,NO,97,113,210,92.06,104.68,196.74,1.5,208.5
1991,14-Mar,,Thu,Orlando,14,25,39,24,32,0,56,95,YES,3,1,NO,Houston,28,17,45,38,36,0,74,119,YES,0,1,NO,84,130,214,79.06,121.68,200.74,-12.5,213
1991,14-Mar,,Thu,Minnesota,35,20,55,30,20,0,50,105,NO,1,0,NO,Denver,26,26,52,33,27,0,60,112,YES,0,1,NO,107,110,217,102.06,101.68,203.74,-3,236.5
1991,14-Mar,,Thu,San Antonio,27,20,47,22,32,0,54,101,NO,0,1,NO,Golden State,31,25,56,22,21,0,43,99,YES,1,1,NO,103,97,200,98.06,88.68,186.74,-4.5,216
1991,15-Mar,,Fri,Boston,18,30,48,28,18,0,46,94,NO,1,1,YES,Washington,19,23,42,20,24,0,44,86,YES,0,2,YES,90,90,180,85.06,81.68,166.74,9.5,203.5
1991,15-Mar,,Fri,Miami,24,17,41,32,20,10,52,93,NO,0,1,NO,Philadelphia,20,25,45,22,26,12,48,93,YES,1,1,NO,86,100,186,81.06,91.68,172.74,-14,206
1991,15-Mar,,Fri,Chicago,24,29,53,26,26,0,52,105,NO,1,0,NO,New Orleans,28,24,52,23,17,0,40,92,YES,1,1,YES,105,92,197,100.06,83.68,183.74,10.5,208
1991,15-Mar,,Fri,Indiana,27,30,57,32,32,0,64,121,NO,0,1,NO,LAC,29,24,53,30,26,0,56,109,YES,1,1,NO,110,120,230,105.06,111.68,216.74,-3.5,220.5
1991,15-Mar,,Fri,Atlanta,33,34,67,26,34,0,60,127,YES,2,0,NO,Dallas,31,25,56,31,30,0,61,117,NO,0,1,NO,123,121,244,118.06,112.68,230.74,0,204.5
1991,15-Mar,,Fri,Denver,28,24,52,41,24,0,65,117,YES,0,1,YES,LAL,32,32,64,35,28,0,63,127,NO,1,2,YES,116,128,244,111.06,119.68,230.74,-18.5,236.5
1991,15-Mar,,Fri,Minnesota,13,23,36,28,22,14,50,86,NO,0,1,YES,Oklahoma City,29,17,46,30,10,10,40,86,NO,0,1,YES,82,90,172,77.06,81.68,158.74,-13,211
1991,15-Mar,,Fri,Portland,25,18,43,31,32,0,63,106,NO,1,1,YES,Utah,23,22,45,22,29,0,51,96,YES,0,1,NO,88,114,202,83.06,105.68,188.74,-4,210
1991,15-Mar,,Fri,Houston,27,40,67,30,38,0,68,135,YES,0,1,YES,Phoenix,33,35,68,31,29,0,60,128,NO,0,1,NO,135,128,263,130.06,119.68,249.74,-9,215.5
1991,16-Mar,,Sat,Washington,27,20,47,22,17,0,39,86,YES,0,3,NO,Brooklyn,32,27,59,28,23,0,51,110,NO,0,1,NO,106,90,196,101.06,81.68,182.74,-8,205
1991,16-Mar,,Sat,Chicago,25,25,50,27,25,0,52,102,NO,0,1,YES,Cleveland,27,32,59,15,24,0,39,98,YES,3,1,NO,109,91,200,104.06,82.68,186.74,6,201
1991,16-Mar,,Sat,Orlando,17,23,40,32,27,0,59,99,NO,1,1,NO,Detroit,27,31,58,21,27,0,48,106,YES,3,1,YES,98,107,205,93.06,98.68,191.74,-9.5,202.5
1991,16-Mar,,Sat,Atlanta,36,26,62,36,18,0,54,116,NO,0,2,YES,Phoenix,27,32,59,36,33,0,69,128,NO,1,0,NO,121,123,244,116.06,114.68,230.74,-9,228
1991,16-Mar,,Sat,Utah,27,25,52,18,20,14,38,90,YES,0,3,NO,Oklahoma City,18,20,38,25,27,8,52,90,NO,3,0,NO,90,90,180,85.06,81.68,166.74,-4,196.5
1991,16-Mar,,Sat,Golden State,27,25,52,29,36,0,65,117,YES,1,0,NO,Dallas,23,25,48,32,25,0,57,105,NO,1,0,NO,100,122,222,95.06,113.68,208.74,-1.5,214.5
1991,16-Mar,,Sat,San Antonio,26,20,46,24,15,0,39,85,NO,1,0,NO,Sacramento,25,28,53,19,20,0,39,92,YES,1,1,NO,99,78,177,94.06,69.68,163.74,5.5,185.5
1991,17-Mar,,Sun,Philadelphia,26,22,48,26,31,0,57,105,YES,1,0,YES,Boston,28,28,56,28,26,0,54,110,YES,1,1,YES,104,111,215,99.06,102.68,201.74,-9.5,219
1991,17-Mar,,Sun,New Orleans,29,33,62,26,33,0,59,121,YES,1,1,YES,Brooklyn,25,14,39,27,42,0,69,108,NO,2,0,NO,101,128,229,96.06,119.68,215.74,-7.5,211.5
1991,17-Mar,,Sun,New York,33,30,63,20,18,0,38,101,YES,2,1,NO,Milwaukee,23,26,49,31,22,0,53,102,NO,1,2,YES,112,91,203,107.06,82.68,189.74,-3.5,202
1991,17-Mar,,Sun,Indiana,31,25,56,31,43,0,74,130,NO,1,0,NO,Denver,27,28,55,12,25,0,37,92,YES,0,1,YES,111,111,222,106.06,102.68,208.74,2,261
1991,17-Mar,,Sun,Miami,25,15,40,24,23,0,47,87,NO,1,1,NO,Minnesota,23,24,47,18,25,0,43,90,NO,1,1,YES,87,90,177,82.06,81.68,163.74,-4.5,200
1991,17-Mar,,Sun,LAC,28,14,42,29,36,0,65,107,YES,1,1,NO,Portland,24,31,55,20,22,0,42,97,YES,1,1,YES,97,107,204,92.06,98.68,190.74,-14.5,220.5
1991,17-Mar,,Sun,Golden State,35,23,58,34,27,0,61,119,NO,0,1,YES,Houston,35,35,70,31,22,0,53,123,YES,1,1,YES,128,114,242,123.06,105.68,228.74,-10.5,224.5
1991,17-Mar,,Sun,San Antonio,23,29,52,24,15,0,39,91,NO,0,1,YES,LAL,26,23,49,24,25,0,49,98,NO,1,1,NO,101,88,189,96.06,79.68,175.74,-10,194
1991,18-Mar,,Mon,Orlando,25,19,44,21,26,0,47,91,NO,1,2,YES,Philadelphia,28,17,45,24,30,0,54,99,NO,1,0,YES,89,101,190,84.06,92.68,176.74,-9.5,214.5
1991,18-Mar,,Mon,Denver,28,26,54,19,35,0,54,108,YES,0,1,YES,Chicago,24,34,58,35,28,0,63,121,NO,1,1,YES,112,117,229,107.06,108.68,215.74,-19.5,248
1991,18-Mar,,Mon,Indiana,26,28,54,28,21,0,49,103,NO,0,1,YES,Phoenix,23,37,60,25,26,0,51,111,YES,1,1,NO,114,100,214,109.06,91.68,200.74,-12.5,240
1991,18-Mar,,Mon,Sacramento,16,15,31,25,30,0,55,86,YES,1,0,NO,Dallas,25,19,44,27,33,0,60,104,NO,1,1,NO,75,115,190,70.06,106.68,176.74,-8.5,0
1991,19-Mar,,Tue,Boston,26,22,48,26,18,0,44,92,YES,1,0,YES,Atlanta,30,24,54,25,25,0,50,104,YES,0,2,YES,102,94,196,97.06,85.68,182.74,-1,218.5
1991,19-Mar,,Tue,New York,21,27,48,22,27,0,49,97,NO,1,0,YES,New Orleans,17,20,37,25,17,0,42,79,YES,1,1,YES,85,91,176,80.06,82.68,162.74,4,203.5
1991,19-Mar,,Tue,Miami,21,22,43,21,24,0,45,88,NO,1,0,NO,Milwaukee,20,28,48,32,21,0,53,101,YES,2,1,NO,91,98,189,86.06,89.68,175.74,-9.5,203.5
1991,19-Mar,,Tue,Houston,30,19,49,19,30,0,49,98,YES,1,1,YES,Minnesota,20,25,45,21,19,0,40,85,YES,0,1,NO,94,89,183,89.06,80.68,169.74,5.5,194.5
1991,19-Mar,,Tue,Portland,29,29,58,35,33,0,68,126,YES,1,0,NO,Golden State,40,42,82,27,27,0,54,136,NO,1,1,YES,140,122,262,135.06,113.68,248.74,1.5,230
1991,19-Mar,,Tue,LAC,21,19,40,26,39,0,65,105,NO,1,0,YES,LAL,32,19,51,34,34,0,68,119,YES,0,1,NO,91,133,224,86.06,124.68,210.74,-12,205
1991,19-Mar,,Tue,Sacramento,16,29,45,28,28,0,56,101,NO,0,1,NO,San Antonio,31,19,50,27,27,0,54,104,YES,1,1,YES,95,110,205,90.06,101.68,191.74,-15.5,195
1991,20-Mar,,Wed,Washington,22,24,46,18,17,0,35,81,NO,3,1,YES,Boston,28,28,56,19,27,0,46,102,YES,1,0,YES,102,81,183,97.06,72.68,169.74,-16,213
1991,20-Mar,,Wed,Minnesota,24,30,54,27,21,9,48,102,YES,0,1,YES,Brooklyn,25,30,55,24,23,16,47,102,YES,1,2,NO,109,95,204,104.06,86.68,190.74,-7.5,208.5
1991,20-Mar,,Wed,Cleveland,22,21,43,29,25,0,54,97,YES,3,1,NO,New York,23,22,45,33,24,0,57,102,YES,1,0,YES,88,111,199,83.06,102.68,185.74,-5.5,193
1991,20-Mar,,Wed,Detroit,22,31,53,25,25,0,50,103,YES,3,1,YES,Philadelphia,31,25,56,26,25,0,51,107,NO,1,1,NO,109,101,210,104.06,92.68,196.74,-3.5,196.5
1991,20-Mar,,Wed,Atlanta,25,22,47,28,32,0,60,107,YES,0,1,NO,Chicago,31,29,60,30,39,0,69,129,YES,1,1,NO,107,129,236,102.06,120.68,222.74,-10,220
1991,20-Mar,,Wed,Miami,30,30,60,31,16,0,47,107,NO,0,1,YES,Indiana,26,35,61,29,27,0,56,117,NO,1,1,YES,121,103,224,116.06,94.68,210.74,-11.5,220.5
1991,20-Mar,,Wed,Utah,19,31,50,24,32,0,56,106,NO,3,0,YES,Denver,28,17,45,35,18,0,53,98,YES,0,1,YES,95,109,204,90.06,100.68,190.74,8,226
1991,20-Mar,,Wed,LAL,25,18,43,26,37,0,63,106,YES,0,1,YES,Oklahoma City,31,31,62,23,29,0,52,114,YES,1,3,NO,105,115,220,100.06,106.68,206.74,1.5,193.5
1991,20-Mar,,Wed,Portland,28,20,48,24,28,0,52,100,NO,0,3,YES,LAC,22,23,45,24,27,0,51,96,NO,1,0,YES,93,103,196,88.06,94.68,182.74,7,211
1991,20-Mar,,Wed,Phoenix,29,28,57,28,25,0,53,110,YES,1,1,YES,Dallas,32,21,53,29,14,0,43,96,NO,1,1,NO,110,96,206,105.06,87.68,192.74,7,214.5
1991,21-Mar,,Thu,San Antonio,30,17,47,33,22,0,55,102,YES,1,0,NO,Orlando,23,32,55,26,24,0,50,105,NO,1,2,YES,102,105,207,97.06,96.68,193.74,5,203
1991,21-Mar,,Thu,Denver,47,23,70,22,24,0,46,116,YES,0,1,YES,Golden State,37,32,69,36,31,0,67,136,NO,1,1,NO,139,113,252,134.06,104.68,238.74,-15.5,258
1991,21-Mar,,Thu,New Orleans,31,21,52,25,17,0,42,94,YES,1,0,NO,Utah,24,25,49,28,23,0,51,100,NO,1,0,YES,101,93,194,96.06,84.68,180.74,-13.5,209
1991,21-Mar,,Thu,Sacramento,24,18,42,24,21,0,45,87,NO,1,1,YES,Houston,21,25,46,27,25,0,52,98,NO,1,1,YES,88,97,185,83.06,88.68,171.74,-14.5,200.5
1991,22-Mar,,Fri,Boston,38,21,59,27,23,0,50,109,YES,1,5,NO,Indiana,34,24,58,29,34,0,63,121,YES,0,1,NO,117,113,230,112.06,104.68,216.74,1.5,222.5
1991,22-Mar,,Fri,Brooklyn,23,21,44,24,25,0,49,93,YES,1,0,NO,Detroit,30,26,56,25,28,0,53,109,YES,1,1,YES,100,102,202,95.06,93.68,188.74,-8.5,193.5
1991,22-Mar,,Fri,New York,12,23,35,32,25,10,57,92,YES,1,0,NO,Dallas,27,17,44,19,29,12,48,92,YES,0,1,NO,79,105,184,74.06,96.68,170.74,1.5,193
1991,22-Mar,,Fri,Chicago,31,19,50,26,14,0,40,90,YES,1,0,YES,Philadelphia,22,24,46,21,28,0,49,95,YES,0,1,NO,96,89,185,91.06,80.68,171.74,3,205.5
1991,22-Mar,,Fri,Cleveland,33,17,50,30,25,0,55,105,NO,1,0,YES,Minnesota,28,25,53,24,33,0,57,110,YES,0,1,YES,103,112,215,98.06,103.68,201.74,-1.5,192
1991,22-Mar,,Fri,Milwaukee,25,17,42,30,27,0,57,99,YES,2,0,NO,LAL,20,24,44,22,26,0,48,92,NO,1,1,YES,86,105,191,81.06,96.68,177.74,-8.5,196
1991,22-Mar,,Fri,Atlanta,28,28,56,29,31,0,60,116,NO,1,0,YES,Washington,25,29,54,28,39,0,67,121,NO,0,1,YES,110,127,237,105.06,118.68,223.74,5,208
1991,22-Mar,,Fri,San Antonio,26,27,53,17,27,0,44,97,NO,0,1,YES,Miami,16,25,41,23,26,0,49,90,YES,0,1,YES,94,93,187,89.06,84.68,173.74,6,196
1991,22-Mar,,Fri,Oklahoma City,13,27,40,33,38,0,71,111,YES,1,1,NO,Phoenix,23,28,51,28,26,0,54,105,YES,0,1,YES,91,125,216,86.06,116.68,202.74,-10,220.5
1991,22-Mar,,Fri,New Orleans,15,18,33,21,46,0,67,100,NO,0,1,NO,LAC,25,19,44,27,35,0,62,106,YES,0,1,NO,77,129,206,72.06,120.68,192.74,-7,0
1991,23-Mar,,Sat,Brooklyn,26,20,46,18,18,0,36,82,NO,0,1,NO,Cleveland,27,21,48,34,26,0,60,108,YES,2,0,YES,94,96,190,89.06,87.68,176.74,-6,201
1991,23-Mar,,Sat,New York,18,27,45,27,26,0,53,98,NO,0,2,NO,Houston,29,22,51,32,28,0,60,111,YES,1,1,NO,96,113,209,91.06,104.68,195.74,-9,200.5
1991,23-Mar,,Sat,Philadelphia,34,30,64,18,17,0,35,99,YES,0,2,NO,Washington,24,26,50,29,23,0,52,102,NO,1,0,NO,114,87,201,109.06,78.68,187.74,3,197
1991,23-Mar,,Sat,Indiana,31,32,63,30,26,0,56,119,YES,0,2,YES,Chicago,29,37,66,33,34,0,67,133,NO,1,0,YES,129,123,252,124.06,114.68,238.74,-13.5,228.5
1991,23-Mar,,Sat,Milwaukee,34,27,61,38,28,13,66,127,NO,0,1,NO,Denver,36,29,65,32,30,9,62,127,NO,1,1,YES,126,128,254,121.06,119.68,240.74,4.5,226.5
1991,23-Mar,,Sat,Miami,21,18,39,27,27,0,54,93,YES,0,2,YES,Atlanta,22,28,50,31,27,0,58,108,YES,2,0,YES,89,112,201,84.06,103.68,187.74,-14,213.5
1991,23-Mar,,Sat,Dallas,26,20,46,21,26,0,47,93,YES,0,3,YES,Orlando,21,31,52,30,23,0,53,105,NO,1,1,NO,98,100,198,93.06,91.68,184.74,-5,203
1991,23-Mar,,Sat,Minnesota,26,19,45,20,24,0,44,89,YES,0,2,NO,Utah,23,29,52,21,22,0,43,95,NO,1,1,NO,97,87,184,92.06,78.68,170.74,-14.5,201
1991,23-Mar,,Sat,LAC,28,29,57,30,20,0,50,107,YES,0,1,YES,Golden State,30,31,61,23,20,0,43,104,YES,1,1,NO,118,93,211,113.06,84.68,197.74,-10.5,230
1991,23-Mar,,Sat,Phoenix,25,24,49,29,22,0,51,100,YES,0,1,NO,Sacramento,20,25,45,23,27,0,50,95,NO,1,1,YES,94,101,195,89.06,92.68,181.74,9,202.5
1991,24-Mar,,Sun,Detroit,20,18,38,20,20,0,40,78,YES,1,0,NO,San Antonio,18,20,38,26,21,0,47,85,NO,1,1,YES,76,87,163,71.06,78.68,149.74,-6,200.5
1991,24-Mar,,Sun,Oklahoma City,21,25,46,24,26,0,50,96,NO,1,1,NO,LAL,28,26,54,35,24,0,59,113,YES,0,1,NO,100,109,209,95.06,100.68,195.74,-8,198.5
1991,24-Mar,,Sun,New Orleans,37,18,55,20,27,0,47,102,NO,1,1,YES,Portland,37,28,65,32,20,0,52,117,NO,1,3,YES,120,99,219,115.06,90.68,205.74,-15.5,218
1991,25-Mar,,Mon,Brooklyn,38,18,56,22,28,0,50,106,NO,1,0,YES,Washington,29,31,60,28,25,0,53,113,YES,2,1,NO,116,103,219,111.06,94.68,205.74,-5,201.5
1991,25-Mar,,Mon,Houston,22,29,51,22,27,0,49,100,YES,1,2,NO,Chicago,28,14,42,20,28,0,48,90,YES,2,1,NO,93,97,190,88.06,88.68,176.74,-7.5,209
1991,25-Mar,,Mon,Detroit,27,21,48,36,34,0,70,118,NO,0,1,YES,Denver,22,23,45,29,20,0,49,94,NO,3,1,NO,93,119,212,88.06,110.68,198.74,5.5,225
1991,25-Mar,,Mon,Milwaukee,22,21,43,25,30,0,55,98,NO,1,2,NO,Utah,28,23,51,25,33,0,58,109,YES,1,1,NO,94,113,207,89.06,104.68,193.74,-8,195
1991,25-Mar,,Mon,Golden State,24,26,50,26,30,0,56,106,YES,1,0,NO,Orlando,26,23,49,31,35,0,66,115,YES,1,1,NO,99,122,221,94.06,113.68,207.74,2,229
1991,25-Mar,,Mon,Phoenix,27,26,53,16,25,0,41,94,NO,1,0,YES,LAC,25,21,46,27,33,0,60,106,NO,1,1,YES,99,101,200,94.06,92.68,186.74,6,211
1991,25-Mar,,Mon,LAL,29,23,52,28,19,0,47,99,YES,0,3,YES,Sacramento,19,25,44,23,22,0,45,89,NO,2,1,NO,96,92,188,91.06,83.68,174.74,8,186
1991,26-Mar,,Tue,Philadelphia,26,21,47,18,25,5,43,90,NO,2,1,NO,Brooklyn,25,28,53,22,15,8,37,90,NO,1,0,YES,100,80,180,95.06,71.68,166.74,4,203.5
1991,26-Mar,,Tue,New York,34,28,62,27,22,8,49,111,NO,2,1,YES,San Antonio,27,31,58,24,29,18,53,111,NO,1,1,NO,120,102,222,115.06,93.68,208.74,-7,198.5
1991,26-Mar,,Tue,Cleveland,24,13,37,29,32,0,61,98,YES,2,1,YES,Miami,18,32,50,27,27,0,54,104,NO,1,2,YES,87,115,202,82.06,106.68,188.74,1.5,198.5
1991,26-Mar,,Tue,Atlanta,27,26,53,32,28,0,60,113,YES,2,1,YES,Indiana,29,29,58,31,34,0,65,123,YES,0,2,YES,111,125,236,106.06,116.68,222.74,-4,0
1991,26-Mar,,Tue,Minnesota,18,27,45,31,19,0,50,95,NO,2,2,NO,Phoenix,33,39,72,22,23,0,45,117,NO,1,0,YES,117,95,212,112.06,86.68,198.74,-13,211.5
1991,26-Mar,,Tue,Oklahoma City,21,26,47,33,33,0,66,113,NO,1,0,YES,Portland,28,36,64,35,27,0,62,126,YES,0,1,NO,111,128,239,106.06,119.68,225.74,-9.5,213.5
1991,26-Mar,,Tue,Golden State,31,27,58,25,11,0,36,94,NO,0,1,NO,New Orleans,24,29,53,17,27,0,44,97,NO,1,1,YES,111,80,191,106.06,71.68,177.74,2.5,221
1991,27-Mar,,Wed,Indiana,28,26,54,15,24,0,39,93,YES,0,3,YES,Detroit,24,20,44,26,32,0,58,102,NO,1,1,YES,98,97,195,93.06,88.68,181.74,-6,211
1991,27-Mar,,Wed,Orlando,22,22,44,27,26,0,53,97,YES,1,0,NO,Dallas,31,20,51,14,20,0,34,85,YES,1,3,YES,95,87,182,90.06,78.68,168.74,-7,209
1991,27-Mar,,Wed,Portland,25,17,42,34,36,0,70,112,YES,0,1,NO,Oklahoma City,27,34,61,23,23,0,46,107,NO,1,0,YES,103,116,219,98.06,107.68,205.74,0,215
1991,27-Mar,,Wed,Utah,24,22,46,22,21,0,43,89,YES,1,0,NO,LAC,32,19,51,21,23,0,44,95,NO,1,1,NO,97,87,184,92.06,78.68,170.74,3.5,190.5
1991,28-Mar,,Thu,Boston,23,23,46,25,17,0,42,88,NO,5,0,YES,Miami,22,18,40,24,26,0,50,90,NO,2,1,NO,86,92,178,81.06,83.68,164.74,8,206.5
1991,28-Mar,,Thu,Chicago,29,40,69,28,31,0,59,128,YES,2,0,NO,Brooklyn,26,30,56,23,15,0,38,94,NO,1,1,NO,125,97,222,120.06,88.68,208.74,7.5,206
1991,28-Mar,,Thu,Golden State,33,26,59,26,21,0,47,106,NO,1,0,NO,New York,31,26,57,21,26,0,47,104,YES,1,1,YES,116,94,210,111.06,85.68,196.74,-4.5,220
1991,28-Mar,,Thu,Philadelphia,32,24,56,18,16,0,34,90,NO,1,0,YES,New Orleans,22,30,52,24,18,0,42,94,YES,0,1,NO,108,76,184,103.06,67.68,170.74,1,193
1991,28-Mar,,Thu,Washington,25,24,49,19,27,0,46,95,YES,2,0,YES,Cleveland,17,33,50,25,27,0,52,102,YES,0,1,YES,99,98,197,94.06,89.68,183.74,-8,198.5
1991,28-Mar,,Thu,Milwaukee,26,20,46,12,30,0,42,88,NO,2,1,YES,Phoenix,18,29,47,29,26,0,55,102,NO,4,1,NO,93,97,190,88.06,88.68,176.74,-10,214.5
1991,28-Mar,,Thu,Houston,22,25,47,33,32,0,65,112,NO,2,1,NO,Atlanta,25,18,43,31,37,0,68,111,YES,1,1,YES,90,133,223,85.06,124.68,209.74,-1,210
1991,28-Mar,,Thu,Orlando,16,24,40,29,26,0,55,95,NO,0,1,YES,San Antonio,34,20,54,28,37,0,65,119,NO,1,1,NO,94,120,214,89.06,111.68,200.74,-12.5,216
1991,28-Mar,,Thu,Utah,20,24,44,21,31,0,52,96,NO,0,4,NO,Sacramento,30,19,49,21,46,0,67,116,YES,0,2,NO,93,119,212,88.06,110.68,198.74,4.5,183
1991,29-Mar,,Fri,Cleveland,28,21,49,29,30,0,59,108,YES,0,1,NO,Boston,30,16,46,27,37,0,64,110,NO,1,0,YES,95,123,218,90.06,114.68,204.74,-14.5,212
1991,29-Mar,,Fri,New Orleans,32,16,48,27,32,0,59,107,YES,0,1,NO,Philadelphia,40,24,64,33,27,0,60,124,NO,1,0,YES,112,119,231,107.06,110.68,217.74,-12.5,201.5
1991,29-Mar,,Fri,Chicago,28,33,61,24,27,0,51,112,NO,0,1,NO,Washington,17,33,50,23,21,0,44,94,NO,1,0,YES,111,95,206,106.06,86.68,192.74,9,203.5
1991,29-Mar,,Fri,Golden State,24,18,42,33,30,0,63,105,NO,0,1,NO,Detroit,36,28,64,23,24,0,47,111,YES,3,1,NO,106,110,216,101.06,101.68,202.74,-7.5,206.5
1991,29-Mar,,Fri,Sacramento,30,31,61,33,28,0,61,122,YES,0,1,NO,Denver,37,38,75,36,29,0,65,140,YES,0,3,NO,136,126,262,131.06,117.68,248.74,-4.5,219.5
1991,29-Mar,,Fri,Minnesota,24,25,49,33,25,0,58,107,NO,2,0,NO,Oklahoma City,31,35,66,21,30,0,51,117,NO,0,1,NO,115,109,224,110.06,100.68,210.74,-11,206
1991,29-Mar,,Fri,Portland,22,14,36,35,23,15,58,94,NO,1,0,YES,LAL,28,25,53,16,25,11,41,94,NO,1,3,YES,89,99,188,84.06,90.68,174.74,-4.5,211
1991,29-Mar,,Fri,Dallas,28,11,39,30,27,0,57,96,YES,1,0,NO,LAC,26,29,55,21,29,0,50,105,YES,4,1,NO,94,107,201,89.06,98.68,187.74,-6.5,190.5
1991,30-Mar,,Sat,New York,36,39,75,37,18,0,55,130,YES,1,3,NO,Brooklyn,25,34,59,22,36,0,58,117,NO,2,1,NO,134,113,247,129.06,104.68,233.74,0,203.5
1991,30-Mar,,Sat,Atlanta,28,28,56,20,20,0,40,96,YES,1,4,NO,Milwaukee,24,26,50,31,23,0,54,104,YES,2,1,YES,106,94,200,101.06,85.68,186.74,-6,212.5
1991,30-Mar,,Sat,Houston,12,25,37,23,22,0,45,82,NO,1,0,NO,Orlando,26,27,53,25,36,0,61,114,YES,2,1,YES,90,106,196,85.06,97.68,182.74,7,204.5
1991,30-Mar,,Sat,Denver,32,22,54,27,35,0,62,116,YES,0,2,NO,San Antonio,34,36,70,38,22,0,60,130,NO,2,1,NO,124,122,246,119.06,113.68,232.74,-17.5,243.5
1991,30-Mar,,Sat,Minnesota,22,24,46,20,25,0,45,91,NO,0,2,YES,Portland,32,34,66,28,27,0,55,121,YES,2,0,YES,112,100,212,107.06,91.68,198.74,-14,213
1991,30-Mar,,Sat,Dallas,26,21,47,27,28,0,55,102,NO,0,2,YES,Oklahoma City,26,26,52,32,31,0,63,115,NO,3,0,NO,99,118,217,94.06,109.68,203.74,-10.5,204
1991,31-Mar,,Sun,Chicago,28,19,47,31,32,22,63,110,NO,1,1,YES,Boston,28,25,53,33,24,25,57,110,YES,1,1,NO,100,120,220,95.06,111.68,206.74,-2.5,214.5
1991,31-Mar,,Sun,Cleveland,30,23,53,30,18,0,48,101,NO,1,1,NO,Philadelphia,25,32,57,26,27,0,53,110,NO,1,1,NO,110,101,211,105.06,92.68,197.74,-8.5,202
1991,31-Mar,,Sun,Golden State,22,20,42,27,35,16,62,104,NO,1,2,YES,Indiana,21,22,43,25,36,23,61,104,NO,2,3,YES,85,123,208,80.06,114.68,194.74,-6,245.5
1991,31-Mar,,Sun,Houston,36,21,57,41,25,0,66,123,NO,0,2,YES,Miami,21,29,50,19,34,0,53,103,YES,1,2,NO,107,119,226,102.06,110.68,212.74,7,197
1991,31-Mar,,Sun,New Orleans,24,19,43,29,30,0,59,102,NO,1,1,YES,Washington,20,21,41,26,25,0,51,92,NO,1,1,NO,84,110,194,79.06,101.68,180.74,-4.5,205
1991,31-Mar,,Sun,Sacramento,19,19,38,29,20,0,49,87,NO,1,1,YES,LAL,30,27,57,27,31,0,58,115,YES,1,1,NO,95,107,202,90.06,98.68,188.74,-16.5,195.5
1991,2-Apr,,Tue,Boston,26,25,51,21,22,0,43,94,YES,1,1,YES,Brooklyn,22,18,40,16,21,0,37,77,YES,1,2,NO,91,80,171,86.06,71.68,157.74,7.5,213
1991,2-Apr,,Tue,Milwaukee,32,28,60,33,28,0,61,121,YES,2,1,YES,Philadelphia,21,23,44,21,39,0,60,104,YES,0,1,NO,104,121,225,99.06,112.68,211.74,-1.5,196
1991,2-Apr,,Tue,Orlando,24,25,49,23,30,0,53,102,YES,2,2,YES,Chicago,34,22,56,24,26,0,50,106,YES,1,1,YES,105,103,208,100.06,94.68,194.74,-15,217
1991,2-Apr,,Tue,Cleveland,21,20,41,29,12,0,41,82,NO,1,0,YES,Washington,26,28,54,18,29,0,47,101,NO,1,1,NO,95,88,183,90.06,79.68,169.74,-2.5,199
1991,2-Apr,,Tue,Detroit,21,21,42,25,16,0,41,83,YES,3,2,YES,New Orleans,15,20,35,22,21,0,43,78,NO,1,1,YES,77,84,161,72.06,75.68,147.74,4.5,193
1991,2-Apr,,Tue,Miami,23,16,39,22,29,0,51,90,YES,1,0,NO,Sacramento,20,24,44,30,22,0,52,96,YES,0,1,YES,83,103,186,78.06,94.68,172.74,-4.5,192
1991,2-Apr,,Tue,Denver,24,29,53,29,44,0,73,126,NO,2,1,NO,Dallas,37,30,67,31,35,0,66,133,YES,0,2,YES,120,139,259,115.06,130.68,245.74,-8.5,237
1991,2-Apr,,Tue,Portland,26,20,46,33,25,0,58,104,YES,2,1,NO,Minnesota,22,24,46,20,27,0,47,93,NO,1,2,YES,92,105,197,87.06,96.68,183.74,8,207.5
1991,2-Apr,,Tue,Utah,24,30,54,31,32,0,63,117,NO,4,0,YES,Phoenix,31,26,57,41,33,0,74,131,NO,1,4,NO,111,137,248,106.06,128.68,234.74,-8.5,205.5
1991,2-Apr,,Tue,LAL,30,31,61,28,33,0,61,122,YES,1,1,NO,San Antonio,33,23,56,30,29,0,59,115,YES,1,2,NO,117,120,237,112.06,111.68,223.74,-2.5,196
1991,3-Apr,,Wed,New York,27,22,49,18,17,0,35,84,NO,3,0,YES,Cleveland,19,22,41,30,24,0,54,95,NO,1,0,YES,90,89,179,85.06,80.68,165.74,3,199.5
1991,3-Apr,,Wed,Philadelphia,26,36,62,19,26,0,45,107,YES,0,3,NO,Indiana,24,26,50,24,30,0,54,104,NO,1,2,NO,112,99,211,107.06,90.68,197.74,-10.5,221.5
1991,3-Apr,,Wed,Miami,24,23,47,34,33,0,67,114,NO,0,1,NO,Golden State,39,28,67,20,40,0,60,127,NO,1,2,YES,114,127,241,109.06,118.68,227.74,-12,223
1991,3-Apr,,Wed,Sacramento,22,26,48,22,21,0,43,91,YES,0,2,YES,Oklahoma City,25,25,50,26,30,0,56,106,YES,1,3,NO,98,99,197,93.06,90.68,183.74,-13,205
1991,3-Apr,,Wed,LAC,24,18,42,38,17,0,55,97,YES,4,1,YES,Utah,22,27,49,25,25,0,50,99,YES,1,0,YES,91,105,196,86.06,96.68,182.74,-10.5,204
1991,3-Apr,,Wed,Dallas,13,22,35,26,25,0,51,86,YES,0,1,YES,Houston,24,28,52,25,25,0,50,102,YES,1,2,YES,87,101,188,82.06,92.68,174.74,-13.5,201
1991,4-Apr,,Thu,Brooklyn,31,17,48,26,30,0,56,104,YES,1,1,NO,Boston,32,30,62,26,35,0,61,123,YES,1,1,YES,110,117,227,105.06,108.68,213.74,-14.5,220
1991,4-Apr,,Thu,Chicago,19,25,44,30,27,0,57,101,YES,1,0,YES,New York,26,36,62,12,17,0,29,91,NO,1,0,YES,106,86,192,101.06,77.68,178.74,6,202.5
1991,4-Apr,,Thu,San Antonio,25,21,46,26,33,0,59,105,YES,1,0,NO,Milwaukee,27,31,58,26,17,0,43,101,NO,1,1,YES,104,102,206,99.06,93.68,192.74,-1.5,200
1991,4-Apr,,Thu,Atlanta,26,21,47,27,17,0,44,91,NO,4,1,YES,New Orleans,26,26,52,26,20,0,46,98,YES,0,1,NO,99,90,189,94.06,81.68,175.74,4.5,210
1991,4-Apr,,Thu,Portland,27,23,50,30,25,0,55,105,NO,1,0,NO,Washington,25,23,48,29,19,0,48,96,YES,0,1,NO,98,103,201,93.06,94.68,187.74,9,206
1991,4-Apr,,Thu,Denver,35,28,63,31,28,0,59,122,NO,1,0,YES,Minnesota,36,37,73,31,30,0,61,134,YES,0,1,NO,136,120,256,131.06,111.68,242.74,-8.5,237.5
1991,4-Apr,,Thu,LAL,29,26,55,23,24,0,47,102,NO,1,0,YES,Phoenix,15,27,42,30,26,0,56,98,YES,0,1,NO,97,103,200,92.06,94.68,186.74,-4,211
1991,5-Apr,,Fri,San Antonio,22,31,53,30,27,0,57,110,NO,0,1,NO,Chicago,24,22,46,20,41,0,61,107,NO,1,0,YES,99,118,217,94.06,109.68,203.74,-8,205
1991,5-Apr,,Fri,New Orleans,19,24,43,30,28,0,58,101,YES,0,1,YES,Cleveland,26,28,54,25,25,0,50,104,YES,1,1,NO,97,108,205,92.06,99.68,191.74,-8,199
1991,5-Apr,,Fri,Minnesota,22,25,47,18,17,0,35,82,YES,0,1,YES,Detroit,22,23,45,27,29,0,56,101,YES,0,2,YES,92,91,183,87.06,82.68,169.74,-11,189.5
1991,5-Apr,,Fri,Washington,27,21,48,31,24,0,55,103,YES,0,2,NO,Indiana,28,19,47,37,33,0,70,117,YES,0,1,NO,95,125,220,90.06,116.68,206.74,-11.5,216.5
1991,5-Apr,,Fri,Miami,12,26,38,25,24,0,49,87,NO,1,4,YES,LAL,29,23,52,25,31,0,56,108,NO,1,0,YES,90,105,195,85.06,96.68,181.74,-14,205
1991,5-Apr,,Fri,Portland,30,19,49,36,30,0,66,115,NO,0,1,NO,Orlando,30,27,57,19,22,0,41,98,NO,0,2,YES,106,107,213,101.06,98.68,199.74,6,211
1991,5-Apr,,Fri,Houston,36,28,64,30,32,0,62,126,YES,1,0,YES,Denver,28,32,60,28,32,0,60,120,NO,1,0,YES,124,122,246,119.06,113.68,232.74,10.5,239.5
1991,5-Apr,,Fri,Oklahoma City,21,18,39,26,25,0,51,90,YES,1,1,NO,LAC,27,28,55,25,29,0,54,109,NO,1,1,YES,94,105,199,89.06,96.68,185.74,-3,200
1991,5-Apr,,Fri,Utah,27,25,52,18,23,0,41,93,YES,1,0,NO,Dallas,21,26,47,14,26,0,40,87,NO,1,1,YES,99,81,180,94.06,72.68,166.74,4,195.5
1991,5-Apr,,Fri,Phoenix,30,24,54,18,29,0,47,101,YES,0,1,NO,Golden State,30,28,58,26,34,0,60,118,YES,0,1,NO,112,107,219,107.06,98.68,205.74,-2,237
1991,6-Apr,,Sat,Boston,24,26,50,29,19,0,48,98,YES,1,4,NO,Orlando,24,24,48,25,29,0,54,102,YES,1,0,NO,98,102,200,93.06,93.68,186.74,6,207
1991,6-Apr,,Sat,Brooklyn,37,28,65,25,24,0,49,114,NO,1,2,NO,Milwaukee,40,28,68,33,32,0,65,133,NO,2,1,NO,133,114,247,128.06,105.68,233.74,-11,206.5
1991,6-Apr,,Sat,Detroit,12,24,36,30,22,0,52,88,YES,0,2,NO,New York,25,26,51,17,33,0,50,101,YES,2,1,NO,87,102,189,82.06,93.68,175.74,3.5,191
1991,6-Apr,,Sat,Indiana,27,38,65,25,20,0,45,110,YES,0,2,NO,Atlanta,37,28,65,33,39,0,72,137,NO,1,1,YES,130,117,247,125.06,108.68,233.74,-7,232.5
1991,6-Apr,,Sat,Utah,23,17,40,24,24,0,48,88,NO,0,1,YES,Houston,23,25,48,23,26,0,49,97,NO,2,0,YES,88,97,185,83.06,88.68,171.74,-8,195.5
1991,6-Apr,,Sat,Golden State,25,25,50,27,31,0,58,108,YES,0,1,NO,Sacramento,23,24,47,31,41,0,72,119,YES,0,2,YES,97,130,227,92.06,121.68,213.74,2,209
1991,7-Apr,,Sun,Philadelphia,22,25,47,29,27,11,56,103,NO,3,2,YES,Chicago,28,20,48,25,30,8,55,103,NO,1,1,NO,95,111,206,90.06,102.68,192.74,-14,208.5
1991,7-Apr,,Sun,Cleveland,31,18,49,32,21,0,53,102,YES,1,1,YES,New Orleans,24,26,50,26,24,0,50,100,NO,1,1,YES,99,103,202,94.06,94.68,188.74,-3,196
1991,7-Apr,,Sun,Oklahoma City,26,26,52,33,39,0,72,124,NO,1,0,YES,Denver,32,32,64,26,27,0,53,117,YES,0,1,NO,116,125,241,111.06,116.68,227.74,6,241.5
1991,7-Apr,,Sun,San Antonio,26,23,49,17,26,0,43,92,NO,1,0,YES,Minnesota,23,23,46,18,23,0,41,87,NO,1,1,YES,95,84,179,90.06,75.68,165.74,7,196.5
1991,7-Apr,,Sun,Portland,27,22,49,25,36,0,61,110,NO,1,1,NO,Dallas,25,19,44,26,22,0,48,92,YES,1,1,NO,93,109,202,88.06,100.68,188.74,8.5,205.5
1991,7-Apr,,Sun,Sacramento,30,24,54,24,31,0,55,109,YES,0,1,YES,LAC,32,25,57,37,25,0,62,119,NO,1,1,NO,111,117,228,106.06,108.68,214.74,-11.5,196
1991,7-Apr,,Sun,Phoenix,25,21,46,22,17,0,39,85,NO,1,1,YES,LAL,18,30,48,23,22,0,45,93,NO,3,1,NO,94,84,178,89.06,75.68,164.74,-11.5,202.5
1991,8-Apr,,Mon,Washington,20,24,44,23,27,0,50,94,NO,2,1,NO,Atlanta,31,24,55,25,25,0,50,105,YES,0,1,NO,99,100,199,94.06,91.68,185.74,-11.5,214
1991,8-Apr,,Mon,Orlando,19,27,46,27,22,0,49,95,YES,1,0,NO,Utah,25,29,54,24,33,0,57,111,NO,1,1,YES,100,106,206,95.06,97.68,192.74,-12,205.5
1991,8-Apr,,Mon,Denver,37,23,60,32,20,0,52,112,YES,0,3,NO,Oklahoma City,31,28,59,30,29,0,59,118,NO,1,0,YES,119,111,230,114.06,102.68,216.74,-15.5,245
1991,8-Apr,,Mon,Golden State,29,22,51,28,26,0,54,105,NO,1,0,NO,San Antonio,26,25,51,26,38,0,64,115,NO,1,0,YES,102,118,220,97.06,109.68,206.74,-8.5,223.5
1991,9-Apr,,Tue,Brooklyn,20,27,47,24,18,0,42,89,NO,2,2,YES,Minnesota,25,31,56,27,26,0,53,109,NO,1,1,NO,103,95,198,98.06,86.68,184.74,-7,202.5
1991,9-Apr,,Tue,New York,23,31,54,22,30,0,52,106,YES,2,0,NO,Chicago,33,24,57,27,24,0,51,108,YES,0,1,NO,111,103,214,106.06,94.68,200.74,-12,206.5
1991,9-Apr,,Tue,Atlanta,31,30,61,16,27,0,43,104,YES,0,1,NO,Cleveland,31,27,58,27,13,0,40,98,YES,0,1,YES,119,83,202,114.06,74.68,188.74,-1.5,208.5
1991,9-Apr,,Tue,Detroit,23,21,44,29,22,0,51,95,NO,2,0,YES,Milwaukee,27,22,49,28,28,0,56,105,NO,1,2,NO,93,107,200,88.06,98.68,186.74,-2,196
1991,9-Apr,,Tue,Indiana,27,27,54,33,35,0,68,122,NO,2,0,YES,New Orleans,23,37,60,37,23,0,60,120,NO,2,1,NO,114,128,242,109.06,119.68,228.74,3,215.5
1991,9-Apr,,Tue,Orlando,26,18,44,33,33,0,66,110,NO,0,1,NO,LAC,28,18,46,25,29,0,54,100,YES,0,1,NO,90,120,210,85.06,111.68,196.74,-9,209
1991,9-Apr,,Tue,Portland,27,20,47,36,20,0,56,103,NO,1,0,NO,Houston,25,23,48,27,18,0,45,93,YES,1,2,NO,95,101,196,90.06,92.68,182.74,-3,206.5
1991,9-Apr,,Tue,Golden State,17,32,49,28,29,0,57,106,NO,0,1,YES,Phoenix,28,33,61,28,31,0,59,120,NO,2,1,YES,110,116,226,105.06,107.68,212.74,-7,219
1991,9-Apr,,Tue,Dallas,22,21,43,28,33,0,61,104,YES,1,0,NO,Sacramento,24,23,47,35,31,0,66,113,NO,1,1,YES,90,127,217,85.06,118.68,203.74,-5,190
1991,10-Apr,,Wed,New York,16,24,40,18,26,0,44,84,NO,0,1,YES,Philadelphia,23,23,46,26,28,0,54,100,NO,1,2,YES,86,98,184,81.06,89.68,170.74,-4,201.5
1991,10-Apr,,Wed,Chicago,27,24,51,29,21,0,50,101,YES,0,1,NO,Indiana,27,30,57,16,23,0,39,96,YES,1,0,YES,108,89,197,103.06,80.68,183.74,2.5,227
1991,10-Apr,,Wed,Cleveland,26,25,51,21,22,0,43,94,YES,0,1,NO,Detroit,16,26,42,25,23,0,48,90,NO,1,0,YES,93,91,184,88.06,82.68,170.74,-9,191.5
1991,10-Apr,,Wed,Washington,25,24,49,33,24,0,57,106,NO,1,1,NO,Miami,25,23,48,35,29,0,64,112,YES,1,4,YES,97,121,218,92.06,112.68,204.74,-5,201
1991,10-Apr,,Wed,LAC,30,23,53,25,30,0,55,108,YES,0,1,YES,Oklahoma City,26,33,59,35,46,0,81,140,NO,1,1,NO,112,136,248,107.06,127.68,234.74,-8,212
1991,10-Apr,,Wed,Portland,26,27,53,26,26,0,52,105,NO,0,2,YES,San Antonio,24,24,48,25,27,0,52,100,YES,1,1,NO,101,104,205,96.06,95.68,191.74,-3,210
1991,10-Apr,,Wed,Dallas,29,24,53,19,19,0,38,91,NO,0,1,NO,Utah,23,18,41,24,32,0,56,97,YES,0,1,NO,94,94,188,89.06,85.68,174.74,-14.5,197
1991,11-Apr,,Thu,Boston,17,27,44,31,17,0,48,92,NO,4,0,YES,Milwaukee,25,30,55,31,25,0,56,111,YES,1,1,NO,99,104,203,94.06,95.68,189.74,-2,203.5
1991,11-Apr,,Thu,Atlanta,23,27,50,22,26,0,48,98,NO,1,1,YES,Minnesota,25,28,53,30,29,0,59,112,YES,0,1,NO,103,107,210,98.06,98.68,196.74,2.5,206
1991,11-Apr,,Thu,Orlando,23,26,49,28,19,0,47,96,NO,1,1,NO,Sacramento,24,24,48,33,23,0,56,104,NO,1,1,NO,97,103,200,92.06,94.68,186.74,-4,206.5
1991,11-Apr,,Thu,Utah,14,22,36,33,26,0,59,95,YES,0,1,YES,LAL,27,24,51,22,37,0,59,110,YES,1,3,NO,87,118,205,82.06,109.68,191.74,-10,193.5
1991,11-Apr,,Thu,Houston,16,30,46,21,32,0,53,99,YES,1,1,NO,Golden State,24,24,48,24,39,0,63,111,NO,1,1,YES,94,116,210,89.06,107.68,196.74,2.5,225.5
1991,12-Apr,,Fri,Miami,16,32,48,34,27,0,61,109,YES,1,1,NO,Boston,30,29,59,28,32,0,60,119,NO,1,0,YES,107,121,228,102.06,112.68,214.74,-13.5,216
1991,12-Apr,,Fri,Cleveland,18,31,49,25,29,0,54,103,NO,1,0,YES,Brooklyn,25,26,51,26,27,0,53,104,YES,0,2,YES,100,107,207,95.06,98.68,193.74,-1,0
1991,12-Apr,,Fri,Indiana,33,27,60,29,19,0,48,108,YES,1,1,YES,New York,16,31,47,36,29,0,65,112,YES,1,1,YES,107,113,220,102.06,104.68,206.74,-3.5,216.5
1991,12-Apr,,Fri,Washington,23,22,45,24,26,0,50,95,NO,1,1,YES,Philadelphia,18,14,32,27,26,0,53,85,NO,1,1,NO,77,103,180,72.06,94.68,166.74,-8.5,202.5
1991,12-Apr,,Fri,Chicago,20,29,49,24,18,0,42,91,NO,1,2,YES,Detroit,28,22,50,23,22,0,45,95,YES,1,1,NO,99,87,186,94.06,78.68,172.74,-1,190
1991,12-Apr,,Fri,Denver,34,40,74,28,28,0,56,130,NO,3,0,NO,LAC,42,32,74,34,38,0,72,146,YES,3,1,YES,148,128,276,143.06,119.68,262.74,-11,244.5
1991,12-Apr,,Fri,Minnesota,28,20,48,31,21,10,52,100,YES,0,1,NO,New Orleans,23,32,55,19,26,11,45,100,NO,3,2,NO,103,97,200,98.06,88.68,186.74,-4.5,197
1991,12-Apr,,Fri,San Antonio,30,20,50,23,26,0,49,99,YES,1,1,NO,Oklahoma City,23,27,50,23,27,0,50,100,NO,0,1,NO,100,99,199,95.06,90.68,185.74,-1,207
1991,12-Apr,,Fri,Dallas,16,22,38,29,24,0,53,91,NO,1,0,NO,Phoenix,24,28,52,19,32,0,51,103,NO,1,2,NO,90,104,194,85.06,95.68,180.74,-10.5,204.5
1991,13-Apr,,Sat,Brooklyn,25,27,52,18,28,0,46,98,YES,0,2,YES,Cleveland,20,31,51,29,22,0,51,102,NO,3,0,YES,103,97,200,98.06,88.68,186.74,-9.5,205
1991,13-Apr,,Sat,Milwaukee,20,21,41,26,24,0,50,91,YES,1,1,NO,Atlanta,18,23,41,27,29,0,56,97,YES,2,1,YES,82,106,188,77.06,97.68,174.74,-5,211
1991,13-Apr,,Sat,Orlando,25,20,45,22,29,0,51,96,NO,1,0,NO,Oklahoma City,22,24,46,32,27,0,59,105,NO,1,0,NO,91,110,201,86.06,101.68,187.74,-10,213.5
1991,13-Apr,,Sat,Denver,30,28,58,25,27,0,52,110,NO,0,2,YES,Utah,36,25,61,31,29,0,60,121,NO,2,1,YES,119,112,231,114.06,103.68,217.74,-17,239.5
1991,13-Apr,,Sat,LAL,29,20,49,39,25,0,64,113,YES,1,1,YES,Portland,30,35,65,26,27,0,53,118,NO,0,2,YES,114,117,231,109.06,108.68,217.74,-4.5,206
1991,13-Apr,,Sat,Dallas,18,26,44,39,31,0,70,114,NO,0,1,NO,Golden State,26,40,66,30,36,0,66,132,NO,3,1,NO,110,136,246,105.06,127.68,232.74,-12.5,214.5
1991,13-Apr,,Sat,Houston,25,25,50,29,16,0,45,95,NO,1,1,NO,Sacramento,22,23,45,26,23,0,49,94,YES,1,1,NO,95,94,189,90.06,85.68,175.74,6,197
1991,14-Apr,,Sun,New York,29,26,55,23,24,0,47,102,YES,1,1,YES,Boston,37,26,63,31,21,0,52,115,YES,1,1,NO,118,99,217,113.06,90.68,203.74,-8.5,213
1991,14-Apr,,Sun,Minnesota,22,34,56,21,19,0,40,96,NO,1,0,YES,Philadelphia,20,19,39,29,20,0,49,88,YES,1,1,NO,95,89,184,90.06,80.68,170.74,-7.5,201.5
1991,14-Apr,,Sun,Detroit,20,33,53,24,30,0,54,107,YES,1,1,YES,Indiana,28,23,51,36,38,0,74,125,YES,1,1,YES,104,128,232,99.06,119.68,218.74,-1,211
1991,14-Apr,,Sun,Miami,18,27,45,27,24,0,51,96,NO,1,1,NO,Washington,25,18,43,26,32,0,58,101,NO,1,1,YES,88,109,197,83.06,100.68,183.74,-5,202.5
1991,14-Apr,,Sun,Orlando,26,31,57,31,31,0,62,119,NO,0,1,YES,Portland,38,35,73,38,28,0,66,139,NO,1,0,NO,130,128,258,125.06,119.68,244.74,-14,219
1991,14-Apr,,Sun,San Antonio,22,29,51,27,31,0,58,109,NO,1,1,YES,Phoenix,18,25,43,27,31,0,58,101,YES,1,1,NO,94,116,210,89.06,107.68,196.74,-3,205.5
1991,15-Apr,,Mon,Milwaukee,25,24,49,17,28,0,45,94,NO,1,0,NO,Chicago,21,23,44,32,27,0,59,103,YES,1,2,YES,93,104,197,88.06,95.68,183.74,-9.5,206
1991,15-Apr,,Mon,Sacramento,22,25,47,21,26,0,47,94,YES,1,0,NO,Minnesota,21,24,45,33,34,0,67,112,YES,1,0,YES,92,114,206,87.06,105.68,192.74,-6,192.5
1991,15-Apr,,Mon,Houston,33,18,51,26,20,0,46,97,NO,1,0,NO,Oklahoma City,21,29,50,29,14,0,43,93,YES,2,1,NO,101,89,190,96.06,80.68,176.74,-1,203.5
1991,15-Apr,,Mon,Dallas,18,23,41,24,41,0,65,106,NO,1,1,YES,LAL,29,24,53,26,33,0,59,112,YES,1,1,YES,94,124,218,89.06,115.68,204.74,-15.5,201
1991,16-Apr,,Tue,Boston,24,26,50,23,17,0,40,90,YES,1,1,NO,Detroit,37,36,73,19,26,0,45,118,YES,2,1,YES,123,85,208,118.06,76.68,194.74,-3,193
1991,16-Apr,,Tue,Indiana,36,42,78,32,22,0,54,132,YES,1,2,YES,Brooklyn,33,35,68,28,30,0,58,126,YES,1,2,YES,146,112,258,141.06,103.68,244.74,3,228.5
1991,16-Apr,,Tue,Philadelphia,28,24,52,26,17,4,43,95,YES,1,1,YES,New York,33,34,67,16,12,13,28,95,YES,2,1,YES,119,71,190,114.06,62.68,176.74,-5.5,197.5
1991,16-Apr,,Tue,Milwaukee,20,34,54,19,25,8,44,98,NO,0,2,NO,Washington,20,25,45,35,18,14,53,98,NO,1,1,NO,99,97,196,94.06,88.68,182.74,2.5,197.5
1991,16-Apr,,Tue,Atlanta,30,25,55,25,26,0,51,106,YES,2,0,YES,Orlando,30,29,59,31,23,0,54,113,YES,0,1,YES,114,105,219,109.06,96.68,205.74,2.5,217
1991,16-Apr,,Tue,Miami,27,17,44,24,19,0,43,87,NO,1,0,YES,New Orleans,20,22,42,23,27,0,50,92,YES,0,3,NO,86,93,179,81.06,84.68,165.74,-4,200
1991,16-Apr,,Tue,Phoenix,40,37,77,31,45,0,76,153,YES,1,0,YES,Denver,36,25,61,28,29,0,57,118,YES,1,2,YES,138,133,271,133.06,124.68,257.74,6,246
1991,16-Apr,,Tue,Houston,22,17,39,22,35,0,57,96,NO,0,1,YES,Portland,21,29,50,38,27,0,65,115,NO,2,1,NO,89,122,211,84.06,113.68,197.74,-6.5,209.5
1991,16-Apr,,Tue,Sacramento,26,20,46,28,27,0,55,101,NO,0,1,YES,Utah,25,27,52,31,28,0,59,111,NO,1,2,NO,98,114,212,93.06,105.68,198.74,-16.5,200
1991,16-Apr,,Tue,LAC,20,18,38,20,40,0,60,98,YES,3,0,NO,San Antonio,38,28,66,29,33,0,62,128,YES,1,1,YES,104,122,226,99.06,113.68,212.74,-10.5,210.5
1991,17-Apr,,Wed,Chicago,38,26,64,24,23,0,47,111,YES,1,1,NO,Miami,25,30,55,31,15,0,46,101,NO,1,0,YES,119,93,212,114.06,84.68,198.74,9.5,203
1991,17-Apr,,Wed,Orlando,24,26,50,27,25,0,52,102,YES,0,1,YES,Cleveland,28,27,55,24,33,0,57,112,NO,1,3,NO,105,109,214,100.06,100.68,200.74,-8.5,206.5
1991,17-Apr,,Wed,New Orleans,31,31,62,23,38,0,61,123,YES,0,1,YES,Atlanta,26,29,55,31,25,0,56,111,NO,1,0,YES,117,117,234,112.06,108.68,220.74,-10.5,217
1991,17-Apr,,Wed,Minnesota,26,26,52,21,27,0,48,100,YES,1,1,YES,Dallas,23,26,49,29,24,0,53,102,NO,1,1,YES,101,101,202,96.06,92.68,188.74,-3,197.5
1991,17-Apr,,Wed,LAL,27,34,61,28,22,0,50,111,YES,1,2,NO,Golden State,30,39,69,26,23,0,49,118,YES,1,3,NO,130,99,229,125.06,90.68,215.74,-1,223
1991,17-Apr,,Wed,LAC,28,23,51,25,24,0,49,100,NO,0,1,YES,Phoenix,24,26,50,25,30,0,55,105,YES,1,0,YES,101,104,205,96.06,95.68,191.74,-11.5,222
1991,18-Apr,,Thu,Boston,24,24,48,32,17,0,49,97,NO,1,0,NO,Philadelphia,25,35,60,34,28,0,62,122,YES,0,1,YES,108,111,219,103.06,102.68,205.74,1,202
1991,18-Apr,,Thu,Brooklyn,27,35,62,19,27,0,46,108,YES,1,1,YES,Washington,36,22,58,23,22,0,45,103,YES,0,1,NO,120,91,211,115.06,82.68,197.74,-6.5,210
1991,18-Apr,,Thu,Denver,27,25,52,21,31,0,52,104,YES,1,0,YES,Sacramento,34,34,68,26,29,0,55,123,YES,0,1,YES,120,107,227,115.06,98.68,213.74,-10.5,235
1991,18-Apr,,Thu,Oklahoma City,27,20,47,18,38,0,56,103,YES,2,0,YES,Utah,24,31,55,42,33,0,75,130,NO,1,1,NO,102,131,233,97.06,122.68,219.74,-8,204.5
1991,18-Apr,,Thu,San Antonio,29,28,57,19,26,0,45,102,YES,1,0,NO,Houston,22,25,47,21,27,0,48,95,YES,0,1,YES,104,93,197,99.06,84.68,183.74,-4,195
1991,19-Apr,,Fri,Boston,32,26,58,28,25,6,53,111,NO,0,1,YES,Cleveland,40,32,72,22,17,13,39,111,NO,1,1,NO,130,92,222,125.06,83.68,208.74,-1.5,205.5
1991,19-Apr,,Fri,New York,26,27,53,33,32,0,65,118,YES,2,0,YES,Indiana,29,34,63,31,36,0,67,130,YES,0,2,YES,116,132,248,111.06,123.68,234.74,-5.5,227
1991,19-Apr,,Fri,Philadelphia,30,21,51,29,20,0,49,100,YES,0,1,NO,Miami,28,34,62,22,30,0,52,114,YES,0,1,NO,113,101,214,108.06,92.68,200.74,0,202.5
1991,19-Apr,,Fri,Chicago,37,24,61,25,29,0,54,115,NO,1,1,YES,New Orleans,21,25,46,26,27,0,53,99,YES,0,1,YES,107,107,214,102.06,98.68,200.74,7.5,206
1991,19-Apr,,Fri,Detroit,25,29,54,34,38,0,72,126,YES,2,1,NO,Atlanta,22,23,45,32,43,0,75,120,YES,1,1,NO,99,147,246,94.06,138.68,232.74,-2.5,207.5
1991,19-Apr,,Fri,Milwaukee,23,15,38,34,19,0,53,91,NO,2,0,YES,Minnesota,20,22,42,36,31,0,67,109,YES,1,1,YES,80,120,200,75.06,111.68,186.74,1,199
1991,19-Apr,,Fri,Washington,28,27,55,26,26,0,52,107,YES,0,1,YES,Orlando,24,25,49,26,37,0,63,112,NO,1,1,YES,104,115,219,99.06,106.68,205.74,-8,210
1991,19-Apr,,Fri,San Antonio,32,26,58,43,21,0,64,122,NO,0,1,YES,Denver,34,32,66,24,35,0,59,125,YES,1,0,YES,124,123,247,119.06,114.68,233.74,11,238.5
1991,19-Apr,,Fri,Phoenix,21,22,43,26,24,0,50,93,YES,1,1,YES,Oklahoma City,32,30,62,16,26,0,42,104,YES,1,0,YES,105,92,197,100.06,83.68,183.74,0,219.5
1991,19-Apr,,Fri,Sacramento,22,24,46,25,34,0,59,105,YES,0,1,YES,Portland,34,31,65,30,32,0,62,127,YES,1,2,NO,111,121,232,106.06,112.68,218.74,-16,215
1991,19-Apr,,Fri,Golden State,20,34,54,33,27,0,60,114,YES,1,1,YES,LAC,28,26,54,29,30,0,59,113,YES,1,1,YES,108,119,227,103.06,110.68,213.74,-2.5,228
1991,19-Apr,,Fri,Houston,18,29,47,25,35,0,60,107,YES,0,1,YES,Dallas,21,27,48,34,31,0,65,113,YES,1,1,NO,95,125,220,90.06,116.68,206.74,5.5,202
1991,20-Apr,,Sat,Miami,25,33,58,22,23,0,45,103,YES,0,195,YES,Brooklyn,33,22,55,30,33,0,63,118,YES,0,1,YES,113,108,221,108.06,99.68,207.74,-7,220
1991,20-Apr,,Sat,New Orleans,17,31,48,28,26,0,54,102,YES,0,194,NO,New York,28,22,50,25,33,0,58,108,YES,194,0,YES,98,112,210,93.06,103.68,196.74,-7,212.5
1991,20-Apr,,Sat,Indiana,26,30,56,21,23,0,44,100,YES,0,194,YES,Milwaukee,37,35,72,29,32,0,61,133,YES,194,0,YES,128,105,233,123.06,96.68,219.74,-5.5,232.5
1991,20-Apr,,Sat,LAL,18,31,49,23,21,0,44,93,NO,2,0,YES,Utah,30,37,67,15,25,0,40,107,YES,0,1,NO,116,84,200,111.06,75.68,186.74,-6,203
1991,21-Apr,,Sun,Atlanta,30,34,64,29,24,0,53,117,YES,1,194,YES,Boston,28,22,50,25,30,0,55,105,NO,193,1,YES,114,108,222,109.06,99.68,208.74,-8.5,234.5
1991,21-Apr,,Sun,Brooklyn,38,22,60,25,25,0,50,110,YES,0,194,NO,Orlando,30,29,59,35,26,0,61,120,NO,193,1,NO,119,111,230,114.06,102.68,216.74,-9,224
1991,21-Apr,,Sun,Philadelphia,36,17,53,24,33,0,57,110,NO,1,193,NO,Cleveland,30,30,60,36,27,0,63,123,YES,193,1,NO,113,120,233,108.06,111.68,219.74,-3.5,211
1991,21-Apr,,Sun,Detroit,18,21,39,34,27,0,61,100,NO,1,193,YES,Chicago,28,23,51,26,31,0,57,108,NO,193,1,YES,90,118,208,85.06,109.68,194.74,-6.5,209.5
1991,21-Apr,,Sun,Minnesota,18,28,46,19,24,0,43,89,YES,1,193,YES,Washington,36,17,53,16,18,0,34,87,YES,193,1,YES,99,77,176,94.06,68.68,162.74,-2,212.5
1991,21-Apr,,Sun,Denver,28,47,75,27,23,0,50,125,YES,1,193,YES,Houston,40,29,69,35,27,0,62,131,NO,193,1,YES,144,112,256,139.06,103.68,242.74,-14,251
1991,21-Apr,,Sun,Oklahoma City,27,22,49,24,27,0,51,100,YES,1,193,YES,LAL,20,20,40,29,34,0,63,103,YES,193,0,YES,89,114,203,84.06,105.68,189.74,-8,216.5
1991,21-Apr,,Sun,Portland,35,21,56,32,30,0,62,118,YES,1,193,YES,Phoenix,30,33,63,47,25,0,72,135,YES,193,1,YES,119,134,253,114.06,125.68,239.74,-5,231.5
1991,21-Apr,,Sun,Utah,23,26,49,29,28,0,57,106,YES,0,193,NO,Golden State,31,33,64,31,30,0,61,125,YES,193,1,YES,113,118,231,108.06,109.68,217.74,2,222
1991,21-Apr,,Sun,LAC,23,28,51,20,30,0,50,101,YES,1,193,NO,Sacramento,30,25,55,21,29,0,50,105,NO,193,1,YES,106,100,206,101.06,91.68,192.74,-4,213.5
1991,21-Apr,,Sun,Dallas,16,25,41,21,39,0,60,101,YES,1,193,NO,San Antonio,35,26,61,33,41,0,74,135,NO,193,1,YES,102,134,236,97.06,125.68,222.74,-14,213.5
1991,1-Nov,,Fri,New Orleans,32,19,51,28,29,0,57,108,NO,194,0,YES,Boston,40,27,67,24,20,0,44,111,YES,0,193,NO,118,101,219,113.06,92.68,205.74,-11,225
1991,1-Nov,,Fri,New York,25,26,51,19,26,0,45,96,YES,194,0,NO,Orlando,32,22,54,28,24,0,52,106,YES,0,193,NO,105,97,202,100.06,88.68,188.74,4.5,209
1991,1-Nov,,Fri,Philadelphia,25,14,39,22,29,0,51,90,NO,193,0,YES,Chicago,31,32,63,23,24,0,47,110,YES,0,193,NO,102,98,200,97.06,89.68,186.74,-10,217.5
1991,1-Nov,,Fri,Cleveland,28,20,48,31,27,0,58,106,YES,193,0,NO,Portland,33,27,60,31,26,0,57,117,NO,0,193,YES,108,115,223,103.06,106.68,209.74,-12,216
1991,1-Nov,,Fri,Milwaukee,21,29,50,27,32,0,59,109,YES,194,0,YES,Detroit,25,23,48,20,31,0,51,99,YES,0,193,YES,98,110,208,93.06,101.68,194.74,-5.5,198
1991,1-Nov,,Fri,Washington,31,21,52,35,22,0,57,109,YES,193,0,YES,Indiana,30,30,60,21,22,0,43,103,NO,0,194,YES,112,100,212,107.06,91.68,198.74,-13,224
1991,1-Nov,,Fri,Golden State,33,31,64,12,32,0,44,108,YES,193,0,YES,Denver,30,18,48,30,27,0,57,105,NO,0,193,YES,112,101,213,107.06,92.68,199.74,5.5,240
1991,1-Nov,,Fri,Utah,28,25,53,38,21,0,59,112,NO,193,0,NO,Minnesota,24,25,49,23,25,0,48,97,NO,4,193,YES,102,107,209,97.06,98.68,195.74,3.5,200.5
1991,1-Nov,,Fri,Phoenix,21,31,52,23,24,0,47,99,YES,193,0,NO,Oklahoma City,21,32,53,24,18,0,42,95,NO,1,193,YES,105,89,194,100.06,80.68,180.74,-2,215
1991,1-Nov,,Fri,LAC,14,24,38,22,30,0,52,90,NO,193,0,YES,Sacramento,22,15,37,34,23,0,57,94,YES,0,193,NO,75,109,184,70.06,100.68,170.74,-2.5,206
1991,1-Nov,,Fri,LAL,20,26,46,30,21,24,51,97,YES,193,0,NO,Houston,32,19,51,18,28,29,46,97,YES,0,193,NO,97,97,194,92.06,88.68,180.74,-6.5,199.5
1991,1-Nov,,Fri,Dallas,20,25,45,28,26,0,54,99,NO,193,0,YES,San Antonio,34,39,73,32,35,0,67,140,YES,1,193,NO,118,121,239,113.06,112.68,225.74,-11,206
1991,2-Nov,,Sat,Boston,28,30,58,34,20,6,54,112,YES,0,2,NO,Washington,35,31,66,27,19,14,46,112,NO,2,0,YES,124,100,224,119.06,91.68,210.74,3,206.5
1991,2-Nov,,Sat,Brooklyn,29,25,54,27,35,0,62,116,NO,194,3,NO,New Orleans,29,27,56,30,22,0,52,108,YES,2,0,YES,110,114,224,105.06,105.68,210.74,-4.5,212
1991,2-Nov,,Sat,New York,20,22,42,20,31,0,51,93,NO,0,2,YES,Miami,22,20,42,33,32,0,65,107,NO,2,195,YES,84,116,200,79.06,107.68,186.74,2.5,202.5
1991,2-Nov,,Sat,Orlando,24,24,48,47,27,0,74,122,YES,0,3,YES,Philadelphia,34,25,59,31,25,0,56,115,YES,2,0,YES,107,130,237,102.06,121.68,223.74,-10,214
1991,2-Nov,,Sat,Chicago,30,30,60,27,20,0,47,107,YES,0,2,YES,Milwaukee,29,26,55,33,21,0,54,109,YES,2,0,YES,115,101,216,110.06,92.68,202.74,1.5,206.5
1991,2-Nov,,Sat,Cleveland,31,22,53,27,25,0,52,105,NO,0,2,NO,LAC,30,27,57,29,20,0,49,106,YES,2,0,YES,110,101,211,105.06,92.68,197.74,-2.5,203.5
1991,2-Nov,,Sat,Detroit,23,21,44,20,25,0,45,89,YES,0,2,YES,Atlanta,16,26,42,22,23,0,45,87,NO,2,194,YES,86,90,176,81.06,81.68,162.74,-1,207.5
1991,2-Nov,,Sat,Utah,18,30,48,31,33,0,64,112,NO,0,2,NO,Indiana,25,28,53,41,33,0,74,127,YES,2,0,NO,101,138,239,96.06,129.68,225.74,-4.5,218
1991,2-Nov,,Sat,Houston,22,26,48,26,23,4,49,97,YES,0,2,YES,Denver,37,20,57,17,23,12,40,97,NO,2,0,NO,105,89,194,100.06,80.68,180.74,4.5,212.5
1991,2-Nov,,Sat,Phoenix,28,21,49,29,22,0,51,100,NO,0,2,YES,Portland,25,9,34,21,21,0,42,76,YES,2,0,NO,83,93,176,78.06,84.68,162.74,-7,224.5
1991,2-Nov,,Sat,Sacramento,18,23,41,31,19,0,50,91,YES,0,2,NO,Golden State,48,40,88,31,34,0,65,153,YES,2,0,YES,129,115,244,124.06,106.68,230.74,-10.5,218
1991,2-Nov,,Sat,LAL,20,28,48,26,25,15,51,99,NO,0,2,YES,Dallas,30,28,58,22,19,14,41,99,NO,2,0,YES,106,92,198,101.06,83.68,184.74,-1.5,195
1991,3-Nov,,Sun,San Antonio,29,27,56,20,30,0,50,106,YES,1,1,NO,Oklahoma City,23,28,51,22,25,0,47,98,NO,1,1,NO,107,97,204,102.06,88.68,190.74,1.5,206.5
1991,5-Nov,,Tue,Boston,27,16,43,18,32,0,50,93,NO,2,0,YES,Miami,28,17,45,19,25,0,44,89,YES,1,2,NO,88,94,182,83.06,85.68,168.74,3,207
1991,5-Nov,,Tue,Milwaukee,19,22,41,13,31,0,44,85,YES,2,0,YES,New York,18,24,42,40,31,0,71,113,NO,1,2,YES,83,115,198,78.06,106.68,184.74,-2,205
1991,5-Nov,,Tue,Philadelphia,29,31,60,25,22,0,47,107,YES,2,0,YES,Washington,33,20,53,29,24,0,53,106,YES,0,2,NO,113,100,213,108.06,91.68,199.74,-1.5,214.5
1991,5-Nov,,Tue,Golden State,33,29,62,25,31,0,56,118,YES,2,0,NO,Chicago,33,33,66,26,18,0,44,110,YES,0,2,YES,128,100,228,123.06,91.68,214.74,-12,232
1991,5-Nov,,Tue,Cleveland,27,23,50,29,33,0,62,112,NO,2,1,NO,Dallas,24,21,45,20,36,0,56,101,YES,0,2,NO,95,118,213,90.06,109.68,199.74,-1.5,201.5
1991,5-Nov,,Tue,New Orleans,24,24,48,23,22,0,45,93,YES,2,0,YES,Detroit,23,29,52,29,36,0,65,117,YES,3,2,YES,100,110,210,95.06,101.68,196.74,-10,209.5
1991,5-Nov,,Tue,Indiana,16,32,48,30,33,0,63,111,YES,2,0,NO,Phoenix,23,32,55,26,24,0,50,105,YES,0,2,YES,103,113,216,98.06,104.68,202.74,-9,232.5
1991,5-Nov,,Tue,Utah,28,26,54,30,10,0,40,94,NO,2,1,YES,Atlanta,20,27,47,24,27,0,51,98,YES,0,2,NO,101,91,192,96.06,82.68,178.74,-1.5,206.5
1991,5-Nov,,Tue,San Antonio,27,26,53,21,22,0,43,96,NO,1,0,YES,Denver,29,22,51,18,28,0,46,97,NO,1,2,NO,104,89,193,99.06,80.68,179.74,7.5,210.5
1991,5-Nov,,Tue,Sacramento,20,24,44,15,28,0,43,87,NO,2,0,YES,Oklahoma City,24,25,49,25,24,0,49,98,YES,1,1,NO,93,92,185,88.06,83.68,171.74,-12,198
1991,5-Nov,,Tue,Portland,32,24,56,24,19,0,43,99,YES,2,0,NO,Houston,25,24,49,28,29,0,57,106,NO,1,2,YES,105,100,205,100.06,91.68,191.74,-2,208
1991,5-Nov,,Tue,LAC,20,25,45,30,27,12,57,102,YES,2,0,YES,LAL,24,21,45,28,29,7,57,102,YES,2,2,YES,90,114,204,85.06,105.68,190.74,-9,209.5
1991,6-Nov,,Wed,Chicago,29,34,63,35,34,0,69,132,YES,0,1,YES,Boston,38,20,58,31,24,0,55,113,NO,1,0,YES,121,124,245,116.06,115.68,231.74,2,214.5
1991,6-Nov,,Wed,Brooklyn,33,23,56,29,20,0,49,105,NO,3,0,YES,Philadelphia,27,29,56,31,20,0,51,107,NO,1,0,YES,112,100,212,107.06,91.68,198.74,-7,215.5
1991,6-Nov,,Wed,Indiana,28,21,49,25,28,0,53,102,NO,0,1,NO,Sacramento,33,32,65,21,26,0,47,112,NO,2,0,YES,114,100,214,109.06,91.68,200.74,3,208
1991,6-Nov,,Wed,Golden State,32,24,56,30,34,0,64,120,NO,0,1,NO,Milwaukee,30,30,60,27,27,0,54,114,YES,1,0,YES,116,118,234,111.06,109.68,220.74,-6.5,226
1991,6-Nov,,Wed,Atlanta,24,31,55,31,18,0,49,104,YES,0,1,NO,New Orleans,34,29,63,30,21,0,51,114,NO,1,0,YES,118,100,218,113.06,91.68,204.74,-2,215.5
1991,6-Nov,,Wed,Washington,18,29,47,13,28,0,41,88,YES,0,2,YES,Orlando,26,28,54,33,18,0,51,105,YES,0,3,YES,101,92,193,96.06,83.68,179.74,-6.5,216
1991,6-Nov,,Wed,Dallas,34,15,49,29,19,0,48,97,YES,0,1,NO,Minnesota,18,21,39,30,25,0,55,94,YES,0,4,NO,88,103,191,83.06,94.68,177.74,-6,204
1991,6-Nov,,Wed,Portland,28,23,51,23,19,0,42,93,NO,0,1,YES,San Antonio,30,26,56,27,36,0,63,119,NO,1,0,YES,107,105,212,102.06,96.68,198.74,-4,215.5
1991,6-Nov,,Wed,Phoenix,16,19,35,20,32,0,52,87,YES,0,1,YES,LAC,38,25,63,29,19,0,48,111,NO,1,0,YES,98,100,198,93.06,91.68,184.74,4.5,209
1991,7-Nov,,Thu,Miami,26,31,57,28,26,0,54,111,YES,1,1,NO,Brooklyn,20,18,38,26,25,0,51,89,NO,1,0,YES,95,105,200,90.06,96.68,186.74,-5,206
1991,7-Nov,,Thu,Orlando,23,24,47,21,32,0,53,100,YES,0,1,NO,New York,28,37,65,24,39,0,63,128,NO,1,1,NO,112,116,228,107.06,107.68,214.74,-9,209
1991,7-Nov,,Thu,Cleveland,25,18,43,22,21,0,43,86,NO,1,0,NO,Houston,22,30,52,26,27,0,53,105,NO,1,1,NO,95,96,191,90.06,87.68,177.74,-7,206
1991,7-Nov,,Thu,Minnesota,18,15,33,17,27,0,44,77,YES,0,1,NO,Denver,15,24,39,24,25,0,49,88,YES,0,1,NO,72,93,165,67.06,84.68,151.74,-7,205
1991,7-Nov,,Thu,Oklahoma City,21,31,52,28,23,0,51,103,YES,1,1,YES,Utah,29,17,46,22,27,0,49,95,NO,1,1,YES,98,100,198,93.06,91.68,184.74,-9.5,201.5
1991,8-Nov,,Fri,Atlanta,24,30,54,20,26,0,46,100,NO,1,0,YES,Boston,36,24,60,20,15,0,35,95,YES,1,1,NO,114,81,195,109.06,72.68,181.74,-7.5,217.5
1991,8-Nov,,Fri,Golden State,28,33,61,39,16,0,55,116,NO,1,0,NO,Philadelphia,37,31,68,26,32,0,58,126,NO,2,1,NO,129,113,242,124.06,104.68,228.74,-2.5,233.5
1991,8-Nov,,Fri,Dallas,16,26,42,23,27,0,50,92,NO,1,0,NO,Chicago,31,22,53,31,24,0,55,108,NO,0,1,YES,95,105,200,90.06,96.68,186.74,-16,208
1991,8-Nov,,Fri,Cleveland,24,27,51,27,19,4,46,97,NO,0,3,YES,San Antonio,27,21,48,18,31,10,49,97,NO,4,1,NO,99,95,194,94.06,86.68,180.74,-12,212.5
1991,8-Nov,,Fri,Indiana,28,24,52,22,22,0,44,96,NO,1,0,NO,Portland,29,32,61,30,30,0,60,121,NO,1,1,YES,113,104,217,108.06,95.68,203.74,-9.5,229.5
1991,8-Nov,,Fri,Milwaukee,23,25,48,30,33,14,63,111,YES,1,0,YES,New Orleans,31,27,58,32,21,11,53,111,YES,0,1,NO,106,116,222,101.06,107.68,208.74,3.5,215
1991,8-Nov,,Fri,Denver,15,17,32,27,23,0,50,82,YES,0,3,NO,LAC,30,19,49,25,32,0,57,106,YES,0,1,NO,81,107,188,76.06,98.68,174.74,-11.5,200
1991,8-Nov,,Fri,LAL,21,25,46,20,19,0,39,85,YES,2,1,YES,Phoenix,27,33,60,27,26,0,53,113,YES,0,1,YES,106,92,198,101.06,83.68,184.74,-10,205
1991,9-Nov,,Sat,Detroit,34,27,61,24,25,0,49,110,YES,3,0,YES,Brooklyn,19,33,52,26,22,0,48,100,YES,2,1,NO,113,97,210,108.06,88.68,196.74,5.5,200
1991,9-Nov,,Sat,New Orleans,28,35,63,32,18,0,50,113,YES,0,2,NO,New York,32,37,69,25,24,0,49,118,NO,2,1,NO,132,99,231,127.06,90.68,217.74,-12,219.5
1991,9-Nov,,Sat,Orlando,23,21,44,12,20,0,32,76,NO,1,2,NO,Chicago,24,24,48,28,31,0,59,107,NO,2,0,NO,92,91,183,87.06,82.68,169.74,-13,215.5
1991,9-Nov,,Sat,Indiana,30,28,58,24,29,0,53,111,NO,0,1,NO,Oklahoma City,29,34,63,23,32,0,55,118,YES,4,1,YES,121,108,229,116.06,99.68,215.74,-7,213
1991,9-Nov,,Sat,Dallas,22,25,47,19,29,0,48,95,NO,0,2,YES,Milwaukee,22,21,43,30,38,0,68,111,YES,1,0,YES,90,116,206,85.06,107.68,192.74,-10,204.5
1991,9-Nov,,Sat,Miami,15,18,33,34,26,0,60,93,NO,1,3,YES,Atlanta,27,25,52,21,24,0,45,97,NO,2,0,YES,85,105,190,80.06,96.68,176.74,-4,204
1991,9-Nov,,Sat,Golden State,33,29,62,29,36,0,65,127,NO,0,2,YES,Washington,39,28,67,26,26,0,52,119,YES,0,2,YES,129,117,246,124.06,108.68,232.74,2,230.5
1991,9-Nov,,Sat,Minnesota,25,17,42,27,15,0,42,84,NO,1,0,NO,Sacramento,25,20,45,19,16,0,35,80,YES,1,2,NO,87,77,164,82.06,68.68,150.74,-6,192
1991,9-Nov,,Sat,LAC,18,26,44,16,24,0,40,84,YES,0,1,YES,Utah,22,26,48,31,22,0,53,101,NO,1,1,NO,92,93,185,87.06,84.68,171.74,-10.5,203
1991,9-Nov,,Sat,Phoenix,24,22,46,24,25,0,49,95,YES,0,2,NO,Houston,27,27,54,22,20,0,42,96,YES,2,1,NO,100,91,191,95.06,82.68,177.74,-6,204.5
1991,10-Nov,,Sun,Boston,26,24,50,18,22,0,40,90,YES,1,1,NO,Portland,35,22,57,29,30,0,59,116,NO,1,1,NO,107,99,206,102.06,90.68,192.74,-12,214.5
1991,10-Nov,,Sun,Washington,20,21,41,25,13,0,38,79,YES,0,1,YES,Detroit,23,17,40,17,28,0,45,85,YES,1,0,YES,81,83,164,76.06,74.68,150.74,-12,206.5
1991,10-Nov,,Sun,Minnesota,21,20,41,25,20,0,45,86,NO,0,2,YES,LAL,24,27,51,29,16,0,45,96,YES,3,1,YES,92,90,182,87.06,81.68,168.74,-11.5,196.5
1991,11-Nov,,Mon,Milwaukee,21,22,43,23,33,0,56,99,YES,1,0,NO,Philadelphia,34,27,61,13,28,0,41,102,YES,1,2,NO,104,97,201,99.06,88.68,187.74,-4.5,214
1991,11-Nov,,Mon,Indiana,26,24,50,24,23,0,47,97,NO,1,1,YES,LAC,27,21,48,22,36,0,58,106,YES,1,1,YES,98,105,203,93.06,96.68,189.74,-3.5,220
1991,11-Nov,,Mon,Sacramento,20,24,44,21,25,0,46,90,YES,1,0,YES,Utah,32,28,60,30,16,0,46,106,YES,1,1,NO,104,92,196,99.06,83.68,182.74,-15,194.5
1991,12-Nov,,Tue,Boston,29,34,63,28,35,0,63,126,NO,1,0,NO,Sacramento,28,22,50,20,33,0,53,103,NO,1,0,YES,113,116,229,108.06,107.68,215.74,2.5,194.5
1991,12-Nov,,Tue,Brooklyn,19,29,48,27,21,0,48,96,YES,2,0,YES,New York,23,36,59,24,15,0,39,98,YES,0,2,NO,107,87,194,102.06,78.68,180.74,-9.5,212
1991,12-Nov,,Tue,Detroit,22,19,41,18,34,0,52,93,YES,1,0,NO,Chicago,23,21,44,37,29,0,66,110,YES,0,2,NO,85,118,203,80.06,109.68,189.74,-8,200.5
1991,12-Nov,,Tue,Milwaukee,20,20,40,20,53,0,73,113,NO,0,2,NO,Cleveland,28,25,53,29,37,0,66,119,NO,1,3,YES,93,139,232,88.06,130.68,218.74,-6,201
1991,12-Nov,,Tue,New Orleans,24,26,50,17,33,0,50,100,NO,2,0,YES,Atlanta,33,23,56,22,40,0,62,118,YES,1,2,NO,106,112,218,101.06,103.68,204.74,-7,223
1991,12-Nov,,Tue,Orlando,22,19,41,27,27,0,54,95,NO,2,0,YES,Washington,16,16,32,23,27,0,50,82,YES,0,1,YES,73,104,177,68.06,95.68,163.74,-2.5,206
1991,12-Nov,,Tue,Denver,16,10,26,27,29,0,56,82,NO,3,3,YES,Portland,30,33,63,26,31,0,57,120,YES,2,1,NO,89,113,202,84.06,104.68,188.74,-18,205
1991,12-Nov,,Tue,Phoenix,26,24,50,34,32,0,66,116,NO,2,0,YES,Golden State,34,35,69,23,27,0,50,119,NO,1,2,YES,119,116,235,114.06,107.68,221.74,-3.5,0
1991,12-Nov,,Tue,Houston,22,18,40,25,33,0,58,98,YES,2,2,NO,Dallas,18,20,38,23,31,0,54,92,NO,1,2,YES,78,112,190,73.06,103.68,176.74,5.5,197
1991,13-Nov,,Wed,Boston,29,26,55,34,28,0,62,117,NO,0,1,YES,Phoenix,30,21,51,24,36,0,60,111,NO,1,0,YES,106,122,228,101.06,113.68,214.74,-10,214.5
1991,13-Nov,,Wed,Utah,25,29,54,25,19,0,44,98,YES,1,1,NO,Brooklyn,17,20,37,38,17,0,55,92,NO,1,0,YES,91,99,190,86.06,90.68,176.74,4,201
1991,13-Nov,,Wed,New York,28,30,58,24,25,0,49,107,YES,0,2,NO,Indiana,32,30,62,19,29,0,48,110,NO,1,1,YES,120,97,217,115.06,88.68,203.74,-5.5,224.5
1991,13-Nov,,Wed,Philadelphia,27,26,53,34,34,0,68,121,YES,1,1,NO,Orlando,24,19,43,21,36,0,57,100,NO,2,0,YES,96,125,221,91.06,116.68,207.74,3,206.5
1991,13-Nov,,Wed,Chicago,25,34,59,25,33,0,58,117,YES,0,1,YES,New Orleans,20,32,52,25,18,0,43,95,YES,1,0,YES,111,101,212,106.06,92.68,198.74,9.5,220
1991,13-Nov,,Wed,Detroit,33,17,50,29,23,0,52,102,NO,0,1,YES,Miami,28,29,57,24,26,0,50,107,NO,1,3,YES,107,102,209,102.06,93.68,195.74,1.5,193.5
1991,13-Nov,,Wed,Washington,29,27,56,27,23,13,50,106,YES,0,1,NO,Minnesota,27,31,58,26,22,8,48,106,NO,1,2,YES,114,98,212,109.06,89.68,198.74,-9,188.5
1991,13-Nov,,Wed,LAC,26,24,50,18,25,0,43,93,YES,1,0,NO,San Antonio,28,17,45,29,33,0,62,107,NO,2,4,NO,95,105,200,90.06,96.68,186.74,-12,207.5
1991,14-Nov,,Thu,Oklahoma City,27,21,48,26,27,8,53,101,YES,4,0,NO,Cleveland,26,22,48,35,18,14,53,101,NO,1,1,NO,96,106,202,91.06,97.68,188.74,-6,204.5
1991,14-Nov,,Thu,Atlanta,28,23,51,22,23,0,45,96,YES,1,0,NO,Sacramento,27,26,53,22,23,0,45,98,NO,1,1,NO,104,90,194,99.06,81.68,180.74,-3,198
1991,14-Nov,,Thu,LAL,32,23,55,31,29,0,60,115,YES,3,0,YES,Golden State,28,31,59,32,21,0,53,112,YES,1,1,NO,114,113,227,109.06,104.68,213.74,-9,226.5
1991,14-Nov,,Thu,LAC,23,20,43,20,25,0,45,88,NO,0,1,YES,Dallas,22,22,44,23,28,0,51,95,NO,1,1,NO,87,96,183,82.06,87.68,169.74,-3.5,193.5
1991,15-Nov,,Fri,Philadelphia,28,20,48,25,24,0,49,97,NO,1,0,NO,Boston,36,20,56,33,33,0,66,122,YES,0,1,YES,104,115,219,99.06,106.68,205.74,-3.5,217.5
1991,15-Nov,,Fri,Washington,20,30,50,28,23,15,51,101,NO,1,0,YES,Brooklyn,33,24,57,25,19,10,44,101,YES,0,1,NO,107,95,202,102.06,86.68,188.74,-8,203.5
1991,15-Nov,,Fri,Milwaukee,24,21,45,27,29,0,56,101,NO,2,0,YES,Chicago,30,27,57,23,34,0,57,114,YES,4,1,YES,102,113,215,97.06,104.68,201.74,-12.5,210
1991,15-Nov,,Fri,Utah,20,23,43,39,33,0,72,115,NO,1,0,NO,Detroit,25,24,49,38,36,0,74,123,NO,0,1,YES,92,146,238,87.06,137.68,224.74,-5.5,192
1991,15-Nov,,Fri,Oklahoma City,30,32,62,23,39,0,62,124,NO,0,1,NO,Indiana,25,30,55,31,22,0,53,108,YES,0,1,NO,117,115,232,112.06,106.68,218.74,-7,217
1991,15-Nov,,Fri,Atlanta,40,31,71,26,22,0,48,119,NO,0,1,NO,Phoenix,34,24,58,35,22,0,57,115,YES,0,1,NO,129,105,234,124.06,96.68,220.74,-13,215
1991,15-Nov,,Fri,New Orleans,26,33,59,21,25,0,46,105,YES,1,0,YES,Miami,32,31,63,28,29,0,57,120,YES,0,1,NO,122,103,225,117.06,94.68,211.74,-8,212.5
1991,15-Nov,,Fri,Portland,26,20,46,25,36,0,61,107,YES,2,0,NO,Minnesota,30,22,52,35,15,0,50,102,NO,1,1,NO,98,111,209,93.06,102.68,195.74,9.5,205.5
1991,15-Nov,,Fri,Houston,21,27,48,19,7,0,26,74,NO,2,0,NO,LAL,23,22,45,18,23,0,41,86,NO,1,0,YES,93,67,160,88.06,58.68,146.74,-1.5,196.5
1991,16-Nov,,Sat,Boston,31,27,58,23,28,0,51,109,YES,0,3,YES,New Orleans,27,26,53,34,31,0,65,118,YES,2,0,YES,111,116,227,106.06,107.68,213.74,5.5,221
1991,16-Nov,,Sat,Brooklyn,28,24,52,25,23,0,48,100,YES,0,2,YES,Orlando,31,21,52,29,21,0,50,102,NO,3,2,NO,104,98,202,99.06,89.68,188.74,-5.5,204.5
1991,16-Nov,,Sat,New York,29,23,52,18,19,0,37,89,NO,2,2,NO,San Antonio,31,14,45,26,35,0,61,106,NO,3,2,NO,97,98,195,92.06,89.68,181.74,-8,209
1991,16-Nov,,Sat,Philadelphia,18,27,45,13,31,0,44,89,NO,0,3,YES,Detroit,22,23,45,18,23,0,41,86,YES,1,0,NO,90,85,175,85.06,76.68,161.74,-5,203.5
1991,16-Nov,,Sat,Indiana,30,33,63,28,26,0,54,117,YES,0,1,YES,Cleveland,27,28,55,40,32,0,72,127,YES,3,1,NO,118,126,244,113.06,117.68,230.74,-8,220
1991,16-Nov,,Sat,Miami,28,22,50,26,34,10,60,110,YES,0,2,YES,Milwaukee,29,34,63,24,23,6,47,110,NO,2,0,YES,113,107,220,108.06,98.68,206.74,-9,208
1991,16-Nov,,Sat,Utah,23,29,52,31,24,0,55,107,NO,0,2,NO,Washington,25,19,44,32,22,0,54,98,NO,2,0,YES,96,109,205,91.06,100.68,191.74,6,200
1991,16-Nov,,Sat,Portland,25,36,61,22,28,0,50,111,NO,0,2,YES,Denver,28,28,56,37,29,0,66,122,NO,2,3,YES,117,116,233,112.06,107.68,219.74,7.5,204
1991,16-Nov,,Sat,Golden State,25,33,58,33,32,0,65,123,YES,1,3,YES,LAC,27,19,46,26,33,0,59,105,YES,2,1,YES,104,124,228,99.06,115.68,214.74,2,223
1991,16-Nov,,Sat,Phoenix,21,27,48,16,24,0,40,88,YES,0,2,NO,Dallas,27,25,52,23,16,0,39,91,YES,2,1,NO,100,79,179,95.06,70.68,165.74,3.5,203.5
1991,16-Nov,,Sat,Houston,28,18,46,32,24,0,56,102,NO,0,2,YES,Sacramento,31,13,44,24,25,0,49,93,YES,2,1,NO,90,105,195,85.06,96.68,181.74,2.5,192
1991,17-Nov,,Sun,Atlanta,27,18,45,23,21,0,44,89,NO,1,2,YES,LAL,19,33,52,25,34,0,59,111,NO,1,1,NO,97,103,200,92.06,94.68,186.74,-7,198.5
1991,17-Nov,,Sun,Oklahoma City,31,25,56,24,21,0,45,101,NO,1,1,NO,Minnesota,22,25,47,18,26,0,44,91,YES,2,1,NO,103,89,192,98.06,80.68,178.74,4,199
1991,18-Nov,,Mon,Detroit,28,27,55,20,26,0,46,101,YES,1,1,YES,Indiana,25,27,52,35,31,0,66,118,YES,1,1,YES,107,112,219,102.06,103.68,205.74,-2.5,216
1991,19-Nov,,Tue,Sacramento,33,21,54,31,33,0,64,118,YES,2,0,NO,Brooklyn,27,33,60,33,29,0,62,122,YES,1,2,YES,114,126,240,109.06,117.68,226.74,-6,194
1991,19-Nov,,Tue,New York,17,22,39,21,19,0,40,79,NO,2,0,NO,Houston,22,25,47,18,25,0,43,90,NO,1,2,YES,86,83,169,81.06,74.68,155.74,-7,197.5
1991,19-Nov,,Tue,New Orleans,26,25,51,20,33,0,53,104,YES,2,0,YES,Milwaukee,34,31,65,41,21,0,62,127,NO,1,2,NO,116,115,231,111.06,106.68,217.74,-10.5,226.5
1991,19-Nov,,Tue,Utah,22,22,44,20,27,0,47,91,NO,2,0,NO,Miami,32,28,60,29,22,0,51,111,YES,0,2,YES,104,98,202,99.06,89.68,188.74,1,200
1991,19-Nov,,Tue,Oklahoma City,35,24,59,26,28,0,54,113,NO,1,0,NO,Washington,35,27,62,18,26,0,44,106,YES,1,2,NO,121,98,219,116.06,89.68,205.74,4,202.5
1991,19-Nov,,Tue,Dallas,26,19,45,21,30,0,51,96,YES,2,0,YES,Denver,20,27,47,19,27,0,46,93,YES,0,2,NO,92,97,189,87.06,88.68,175.74,-5,193.5
1991,19-Nov,,Tue,LAC,28,32,60,23,29,0,52,112,YES,2,1,YES,Portland,34,26,60,31,41,0,72,132,YES,1,2,YES,120,124,244,115.06,115.68,230.74,-14,208.5
1991,19-Nov,,Tue,Phoenix,20,27,47,24,24,0,48,95,NO,2,0,YES,LAL,22,25,47,25,31,0,56,103,NO,2,1,NO,94,104,198,89.06,95.68,184.74,-5,200.5
1991,20-Nov,,Wed,Indiana,25,28,53,24,24,0,48,101,YES,1,1,NO,Boston,30,26,56,32,28,0,60,116,YES,2,3,YES,109,108,217,104.06,99.68,203.74,-5.5,238
1991,20-Nov,,Wed,New York,30,24,54,16,22,0,38,92,NO,0,1,NO,Dallas,29,27,56,19,14,0,33,89,NO,2,0,YES,110,71,181,105.06,62.68,167.74,2,192
1991,20-Nov,,Wed,Miami,25,27,52,26,29,0,55,107,YES,0,1,YES,Philadelphia,40,28,68,23,23,0,46,114,NO,1,3,YES,120,101,221,115.06,92.68,207.74,-7.5,210.5
1991,20-Nov,,Wed,Chicago,28,26,54,27,31,0,58,112,YES,4,1,NO,Golden State,16,29,45,33,30,0,63,108,YES,1,3,YES,99,121,220,94.06,112.68,206.74,1.5,234.5
1991,20-Nov,,Wed,Cleveland,26,27,53,34,21,0,55,108,YES,3,0,YES,New Orleans,31,29,60,25,24,0,49,109,NO,1,0,YES,113,104,217,108.06,95.68,203.74,6,227
1991,20-Nov,,Wed,Oklahoma City,18,30,48,18,25,0,43,91,NO,0,1,YES,Detroit,22,13,35,29,22,0,51,86,NO,1,1,YES,83,94,177,78.06,85.68,163.74,-6.5,196.5
1991,20-Nov,,Wed,Sacramento,27,19,46,29,29,0,58,104,NO,0,1,NO,Atlanta,26,31,57,30,29,0,59,116,YES,1,2,YES,103,117,220,98.06,108.68,206.74,-10,207
1991,20-Nov,,Wed,Utah,26,33,59,28,20,0,48,107,NO,0,1,YES,Orlando,23,24,47,30,25,0,55,102,NO,2,3,NO,106,103,209,101.06,94.68,195.74,1.5,202
1991,20-Nov,,Wed,Denver,28,16,44,24,29,0,53,97,YES,0,1,NO,Phoenix,29,27,56,27,30,0,57,113,NO,1,0,YES,100,110,210,95.06,101.68,196.74,-15,205.5
1991,20-Nov,,Wed,Minnesota,28,24,52,33,21,0,54,106,YES,2,0,NO,San Antonio,30,31,61,29,23,0,52,113,YES,1,3,NO,113,106,219,108.06,97.68,205.74,-14.5,202
1991,21-Nov,,Thu,Brooklyn,35,36,71,20,21,0,41,112,YES,1,1,YES,Cleveland,34,20,54,31,31,0,62,116,NO,1,0,YES,125,103,228,120.06,94.68,214.74,-11,214
1991,21-Nov,,Thu,Washington,22,24,46,13,28,0,41,87,YES,1,1,YES,Milwaukee,27,29,56,24,32,0,56,112,YES,1,1,NO,102,97,199,97.06,88.68,185.74,-13,212
1991,21-Nov,,Thu,Minnesota,27,23,50,20,32,0,52,102,NO,0,1,YES,Houston,33,30,63,16,27,0,43,106,YES,1,1,NO,113,95,208,108.06,86.68,194.74,-10,192
1991,21-Nov,,Thu,Portland,25,25,50,31,25,0,56,106,YES,1,0,YES,LAC,29,22,51,18,22,0,40,91,YES,0,1,YES,101,96,197,96.06,87.68,183.74,4.5,211.5
1991,22-Nov,,Fri,New York,23,30,53,23,23,0,46,99,NO,1,0,YES,Detroit,29,22,51,20,19,0,39,90,YES,0,1,NO,104,85,189,99.06,76.68,175.74,-5.5,192.5
1991,22-Nov,,Fri,Atlanta,26,30,56,24,19,0,43,99,YES,1,0,NO,Philadelphia,27,20,47,28,17,0,45,92,YES,0,1,NO,103,88,191,98.06,79.68,177.74,-7,215
1991,22-Nov,,Fri,Chicago,28,31,59,21,17,15,38,97,NO,1,0,NO,Oklahoma City,26,25,51,22,24,12,46,97,YES,1,1,YES,110,84,194,105.06,75.68,180.74,4,208.5
1991,22-Nov,,Fri,Indiana,27,26,53,34,23,0,57,110,NO,1,0,YES,New Orleans,32,30,62,23,27,0,50,112,YES,3,1,NO,115,107,222,110.06,98.68,208.74,3,232.5
1991,22-Nov,,Fri,Sacramento,27,22,49,24,39,0,63,112,NO,1,0,NO,Miami,29,27,56,30,32,0,62,118,YES,0,1,YES,105,125,230,100.06,116.68,216.74,-9,207.5
1991,22-Nov,,Fri,Denver,27,19,46,29,21,0,50,96,NO,1,0,YES,Utah,30,29,59,32,30,0,62,121,YES,0,1,YES,105,112,217,100.06,103.68,203.74,-15,199.5
1991,22-Nov,,Fri,Golden State,35,27,62,25,29,0,54,116,YES,1,0,YES,Portland,33,41,74,20,18,0,38,112,NO,1,0,YES,136,92,228,131.06,83.68,214.74,-8.5,239.5
1991,22-Nov,,Fri,LAC,21,23,44,28,25,0,53,97,YES,0,1,YES,Phoenix,22,31,53,26,26,0,52,105,YES,3,1,NO,97,105,202,92.06,96.68,188.74,-13.5,213.5
1991,22-Nov,,Fri,San Antonio,28,22,50,13,33,0,46,96,YES,1,1,NO,LAL,23,29,52,24,22,0,46,98,NO,1,2,NO,102,92,194,97.06,83.68,180.74,-2.5,193.5
1991,23-Nov,,Sat,Boston,36,31,67,27,31,0,58,125,YES,2,1,YES,Brooklyn,26,21,47,27,33,0,60,107,YES,2,1,YES,114,118,232,109.06,109.68,218.74,3,215
1991,23-Nov,,Sat,Philadelphia,19,29,48,17,27,0,44,92,YES,0,2,YES,New York,30,20,50,28,22,0,50,100,NO,2,0,YES,98,94,192,93.06,85.68,178.74,-4.5,201.5
1991,23-Nov,,Sat,Chicago,28,23,51,32,24,0,56,107,NO,0,2,NO,Denver,20,30,50,25,25,0,50,100,NO,2,0,YES,101,106,207,96.06,97.68,193.74,9,203
1991,23-Nov,,Sat,Detroit,27,23,50,23,16,0,39,89,YES,0,2,NO,Cleveland,23,24,47,29,20,0,49,96,YES,2,1,NO,97,88,185,92.06,79.68,171.74,-6.5,203.5
1991,23-Nov,,Sat,Miami,25,17,42,22,19,0,41,83,YES,0,2,NO,Indiana,28,25,53,28,38,0,66,119,YES,3,0,YES,95,107,202,90.06,98.68,188.74,-6,224.5
1991,23-Nov,,Sat,Milwaukee,27,33,60,27,28,0,55,115,YES,1,0,NO,Golden State,27,28,55,31,34,0,65,120,YES,2,0,YES,115,120,235,110.06,111.68,221.74,-5,234
1991,23-Nov,,Sat,Atlanta,28,30,58,24,33,0,57,115,NO,0,2,YES,Washington,25,28,53,37,36,0,73,126,YES,1,1,YES,111,130,241,106.06,121.68,227.74,2,201
1991,23-Nov,,Sat,Sacramento,25,29,54,18,23,0,41,95,NO,0,2,YES,Orlando,22,25,47,26,20,0,46,93,NO,2,2,NO,101,87,188,96.06,78.68,174.74,-8,210
1991,23-Nov,,Sat,Houston,25,23,48,23,18,0,41,89,YES,1,2,YES,Minnesota,27,26,53,14,35,0,49,102,NO,3,1,YES,101,90,191,96.06,81.68,177.74,2.5,196
1991,23-Nov,,Sat,Utah,24,25,49,17,36,7,53,102,YES,0,3,YES,Dallas,29,24,53,30,19,19,49,102,NO,3,2,NO,102,102,204,97.06,93.68,190.74,2,193
1991,24-Nov,,Sun,Milwaukee,26,23,49,35,13,0,48,97,NO,0,1,NO,LAL,26,28,54,22,26,0,48,102,YES,1,1,NO,103,96,199,98.06,87.68,185.74,-6.5,200
1991,24-Nov,,Sun,Oklahoma City,18,24,42,22,22,0,44,86,YES,1,1,YES,LAC,25,27,52,15,22,0,37,89,NO,1,1,YES,94,81,175,89.06,72.68,161.74,1.5,199
1991,24-Nov,,Sun,San Antonio,25,28,53,24,34,0,58,111,NO,1,2,YES,Portland,33,30,63,30,23,0,53,116,NO,1,1,NO,116,111,227,111.06,102.68,213.74,-6.5,215
1991,25-Nov,,Mon,Washington,21,33,54,24,30,0,54,108,YES,1,3,NO,Boston,29,36,65,29,27,0,56,121,NO,1,1,YES,119,110,229,114.06,101.68,215.74,-10.5,225.5
1991,26-Nov,,Tue,Brooklyn,20,26,46,31,32,0,63,109,YES,2,0,NO,Houston,32,30,62,20,36,0,56,118,YES,2,2,YES,108,119,227,103.06,110.68,213.74,-8,203
1991,26-Nov,,Tue,Miami,28,20,48,22,11,0,33,81,NO,2,0,YES,New York,28,26,54,21,23,0,44,98,NO,3,2,NO,102,77,179,97.06,68.68,165.74,-8,204
1991,26-Nov,,Tue,Cleveland,24,17,41,29,25,0,54,95,YES,2,0,YES,Philadelphia,26,21,47,28,16,0,44,91,YES,0,2,YES,88,98,186,83.06,89.68,172.74,-4,211.5
1991,26-Nov,,Tue,Chicago,29,15,44,41,31,0,72,116,NO,2,2,NO,LAC,19,26,45,19,15,0,34,79,NO,2,1,NO,89,106,195,84.06,97.68,181.74,7.5,201.5
1991,26-Nov,,Tue,Detroit,22,28,50,25,28,0,53,103,NO,2,0,YES,Atlanta,18,20,38,27,28,0,55,93,YES,0,2,YES,88,108,196,83.06,99.68,182.74,-4,200.5
1991,26-Nov,,Tue,Milwaukee,31,23,54,19,21,4,40,94,NO,1,3,YES,Portland,21,22,43,21,30,13,51,94,NO,2,1,NO,97,91,188,92.06,82.68,174.74,-10,224
1991,26-Nov,,Tue,LAL,23,21,44,33,21,0,54,98,YES,1,0,NO,Orlando,16,24,40,23,24,0,47,87,YES,0,2,NO,84,101,185,79.06,92.68,171.74,2,196.5
1991,26-Nov,,Tue,New Orleans,17,27,44,27,26,0,53,97,YES,3,0,NO,Denver,20,31,51,29,23,0,52,103,YES,0,2,NO,95,105,200,90.06,96.68,186.74,-5.5,217
1991,26-Nov,,Tue,Golden State,26,38,64,33,28,5,61,125,YES,2,2,NO,Oklahoma City,20,44,64,32,29,11,61,125,YES,2,1,YES,128,122,250,123.06,113.68,236.74,-4,226.5
1991,26-Nov,,Tue,Phoenix,25,23,48,25,16,0,41,89,YES,3,0,YES,Sacramento,24,30,54,27,23,0,50,104,YES,0,2,YES,102,91,193,97.06,82.68,179.74,3.5,205.5
1991,27-Nov,,Wed,Orlando,23,22,45,14,33,0,47,92,YES,0,1,NO,Boston,32,16,48,26,27,0,53,101,NO,1,1,NO,93,100,193,88.06,91.68,179.74,-12,221.5
1991,27-Nov,,Wed,Brooklyn,23,22,45,33,22,0,55,100,NO,0,1,NO,San Antonio,29,17,46,26,34,0,60,106,YES,1,2,YES,91,115,206,86.06,106.68,192.74,-15,218.5
1991,27-Nov,,Wed,Philadelphia,24,26,50,26,21,0,47,97,YES,0,1,NO,Cleveland,30,26,56,21,30,0,51,107,NO,1,0,YES,106,98,204,101.06,89.68,190.74,-5.5,205.5
1991,27-Nov,,Wed,Atlanta,24,25,49,28,14,0,42,91,YES,0,1,YES,Detroit,26,16,42,33,25,0,58,100,YES,2,0,YES,91,100,191,86.06,91.68,177.74,-5,195
1991,27-Nov,,Wed,Indiana,29,29,58,30,18,0,48,106,YES,3,1,YES,Dallas,41,24,65,23,25,0,48,113,NO,1,3,NO,123,96,219,118.06,87.68,205.74,-2,210.5
1991,27-Nov,,Wed,LAL,21,21,42,20,27,0,47,89,NO,0,1,NO,Miami,27,24,51,16,20,0,36,87,NO,1,0,YES,93,83,176,88.06,74.68,162.74,1,194.5
1991,27-Nov,,Wed,Denver,16,23,39,30,23,0,53,92,YES,0,1,YES,Minnesota,28,21,49,31,21,0,52,101,YES,2,3,NO,88,105,193,83.06,96.68,179.74,-9,195.5
1991,27-Nov,,Wed,New Orleans,40,25,65,21,21,0,42,107,NO,0,1,NO,Utah,37,24,61,25,27,0,52,113,NO,1,3,YES,126,94,220,121.06,85.68,206.74,-15,219.5
1991,27-Nov,,Wed,Sacramento,16,25,41,24,35,0,59,100,YES,0,2,YES,Phoenix,30,41,71,39,31,0,70,141,NO,1,0,YES,112,129,241,107.06,120.68,227.74,-14,210.5
1991,29-Nov,,Fri,LAL,28,20,48,22,21,0,43,91,NO,1,0,NO,Boston,26,28,54,23,37,0,60,114,YES,0,1,NO,102,103,205,97.06,94.68,191.74,-5.5,0
1991,29-Nov,,Fri,Brooklyn,30,23,53,23,21,0,44,97,NO,1,0,NO,Dallas,22,20,42,25,24,0,49,91,NO,0,1,NO,95,93,188,90.06,84.68,174.74,-5.5,207.5
1991,29-Nov,,Fri,Philadelphia,22,21,43,22,27,0,49,92,NO,1,0,YES,Miami,26,32,58,18,19,0,37,95,YES,0,1,NO,101,86,187,96.06,77.68,173.74,-5,201.5
1991,29-Nov,,Fri,Chicago,24,32,56,21,22,17,43,99,NO,2,0,NO,Portland,23,24,47,29,23,15,52,99,NO,1,2,NO,103,95,198,98.06,86.68,184.74,-2.5,215
1991,29-Nov,,Fri,Orlando,27,20,47,30,27,0,57,104,NO,1,0,YES,Cleveland,35,24,59,31,25,0,56,115,YES,4,1,NO,106,113,219,101.06,104.68,205.74,-11.5,208
1991,29-Nov,,Fri,Houston,29,21,50,37,34,0,71,121,YES,2,1,NO,Indiana,37,28,65,38,38,0,76,141,YES,0,1,YES,115,147,262,110.06,138.68,248.74,-7,215
1991,29-Nov,,Fri,San Antonio,26,25,51,20,17,0,37,88,YES,1,0,YES,Atlanta,30,23,53,12,20,0,32,85,NO,0,1,YES,104,69,173,99.06,60.68,159.74,1.5,204
1991,29-Nov,,Fri,Washington,17,29,46,23,32,0,55,101,NO,3,1,NO,LAC,26,19,45,27,22,0,49,94,NO,0,2,NO,91,104,195,86.06,95.68,181.74,-9,197
1991,29-Nov,,Fri,Oklahoma City,22,26,48,22,20,0,42,90,YES,2,0,NO,Denver,17,26,43,33,25,0,58,101,NO,0,1,YES,91,100,191,86.06,91.68,177.74,5,195
1991,29-Nov,,Fri,Golden State,39,26,65,19,24,0,43,108,NO,2,3,YES,Utah,29,33,62,39,34,0,73,135,YES,0,1,NO,127,116,243,122.06,107.68,229.74,-5,232
1991,29-Nov,,Fri,New Orleans,22,36,58,22,31,0,53,111,NO,1,0,NO,Phoenix,31,31,62,36,33,0,69,131,NO,0,1,NO,120,122,242,115.06,113.68,228.74,-13.5,229
1991,30-Nov,,Sat,Boston,30,22,52,26,24,0,50,102,YES,0,3,YES,Atlanta,30,37,67,22,40,0,62,129,YES,2,0,NO,119,112,231,114.06,103.68,217.74,1,210.5
1991,30-Nov,,Sat,Brooklyn,24,22,46,18,33,0,51,97,NO,0,2,YES,Denver,27,28,55,29,23,0,52,107,YES,2,0,NO,101,103,204,96.06,94.68,190.74,-6,198.5
1991,30-Nov,,Sat,Detroit,35,21,56,19,21,0,40,96,YES,2,0,YES,New York,30,18,48,27,28,0,55,103,YES,1,3,NO,104,95,199,99.06,86.68,185.74,-4.5,190
1991,30-Nov,,Sat,LAL,22,29,51,23,19,0,42,93,NO,0,2,NO,Philadelphia,22,26,48,17,26,0,43,91,YES,2,0,YES,99,85,184,94.06,76.68,170.74,-2,190.5
1991,30-Nov,,Sat,Chicago,26,29,55,36,27,0,63,118,NO,0,3,YES,Sacramento,22,27,49,28,25,0,53,102,NO,2,2,YES,104,116,220,99.06,107.68,206.74,3,196.5
1991,30-Nov,,Sat,Indiana,28,29,57,28,34,0,62,119,YES,0,2,NO,Milwaukee,33,39,72,35,30,0,65,137,NO,2,3,YES,129,127,256,124.06,118.68,242.74,-6,228
1991,30-Nov,,Sat,Miami,24,26,50,29,20,0,49,99,YES,0,2,YES,Orlando,22,20,42,28,35,0,63,105,NO,3,0,YES,92,112,204,87.06,103.68,190.74,-2.5,199
1991,30-Nov,,Sat,Minnesota,21,15,36,29,13,0,42,78,YES,2,2,YES,Dallas,16,20,36,21,22,0,43,79,NO,2,0,NO,72,85,157,67.06,76.68,143.74,-4,193.5
1991,30-Nov,,Sat,Oklahoma City,28,15,43,24,34,0,58,101,NO,0,2,YES,San Antonio,33,25,58,40,21,0,61,119,YES,2,0,YES,101,119,220,96.06,110.68,206.74,-9.5,195.5
1991,30-Nov,,Sat,Utah,32,27,59,24,36,6,60,119,YES,0,2,NO,Phoenix,23,30,53,35,31,15,66,119,YES,2,0,NO,112,126,238,107.06,117.68,224.74,-7.5,217
1991,30-Nov,,Sat,New Orleans,20,26,46,32,34,0,66,112,NO,0,1,YES,LAC,32,33,65,29,36,0,65,130,NO,3,0,NO,111,131,242,106.06,122.68,228.74,-7.5,212.5
1991,1-Dec,,Sun,Houston,25,19,44,20,23,0,43,87,NO,1,1,YES,Detroit,26,25,51,23,20,0,43,94,NO,1,0,YES,95,86,181,90.06,77.68,167.74,-6.5,192
1991,1-Dec,,Sun,Washington,30,17,47,15,25,0,40,87,NO,1,1,NO,Portland,23,23,46,18,27,0,45,91,YES,1,1,NO,93,85,178,88.06,76.68,164.74,-17,215
1991,2-Dec,,Mon,New York,23,26,49,22,28,0,50,99,YES,1,3,NO,New Orleans,29,27,56,21,20,0,41,97,NO,1,1,YES,105,91,196,100.06,82.68,182.74,4.5,212
1991,3-Dec,,Tue,Philadelphia,32,19,51,16,19,0,35,86,YES,2,2,YES,Brooklyn,27,30,57,20,11,0,31,88,YES,1,2,YES,108,66,174,103.06,57.68,160.74,-4,204
1991,3-Dec,,Tue,Indiana,32,29,61,20,27,0,47,108,NO,2,0,YES,Detroit,22,34,56,29,14,0,43,99,NO,1,1,NO,117,90,207,112.06,81.68,193.74,-7,211.5
1991,3-Dec,,Tue,LAL,21,25,46,19,29,0,48,94,NO,2,0,NO,Milwaukee,28,34,62,26,38,0,64,126,NO,1,2,NO,108,112,220,103.06,103.68,206.74,-6,201
1991,3-Dec,,Tue,Atlanta,28,22,50,22,31,0,53,103,YES,2,1,NO,Dallas,28,21,49,22,28,0,50,99,YES,1,2,NO,99,103,202,94.06,94.68,188.74,-1.5,197.5
1991,3-Dec,,Tue,Portland,33,27,60,29,35,0,64,124,YES,1,0,NO,Miami,31,19,50,20,24,0,44,94,YES,0,2,YES,110,108,218,105.06,99.68,204.74,6,207.5
1991,3-Dec,,Tue,Washington,23,28,51,22,17,0,39,90,NO,1,0,NO,Oklahoma City,21,22,43,25,23,0,48,91,NO,2,2,YES,94,87,181,89.06,78.68,167.74,-11.5,197
1991,3-Dec,,Tue,Denver,25,29,54,28,28,0,56,110,YES,2,2,YES,Houston,32,22,54,26,20,0,46,100,NO,1,1,YES,108,102,210,103.06,93.68,196.74,-10,197
1991,3-Dec,,Tue,Phoenix,29,17,46,26,29,0,55,101,YES,2,0,NO,Minnesota,19,28,47,24,24,0,48,95,YES,2,2,YES,93,103,196,88.06,94.68,182.74,4.5,205
1991,3-Dec,,Tue,Utah,26,26,52,25,26,0,51,103,NO,2,0,YES,Golden State,32,25,57,22,29,0,51,108,NO,1,3,YES,109,102,211,104.06,93.68,197.74,-7,238
1991,3-Dec,,Tue,San Antonio,20,23,43,26,25,0,51,94,YES,2,0,NO,Sacramento,28,26,54,21,24,0,45,99,YES,3,2,NO,97,96,193,92.06,87.68,179.74,5,201
1991,4-Dec,,Wed,Miami,26,28,54,23,20,0,43,97,YES,0,2,YES,Boston,28,30,58,27,39,0,66,124,NO,1,3,YES,112,109,221,107.06,100.68,207.74,-11,214
1991,4-Dec,,Wed,Cleveland,26,22,48,32,22,0,54,102,YES,4,0,NO,Chicago,29,23,52,30,26,0,56,108,NO,1,3,YES,100,110,210,95.06,101.68,196.74,-10.5,210.5
1991,4-Dec,,Wed,Phoenix,21,28,49,33,32,0,65,114,NO,0,1,NO,Indiana,29,28,57,27,24,0,51,108,NO,1,0,YES,106,116,222,101.06,107.68,208.74,-3,228
1991,4-Dec,,Wed,Portland,28,30,58,36,30,0,66,124,NO,0,1,NO,Orlando,29,28,57,29,29,0,58,115,NO,1,3,NO,115,124,239,110.06,115.68,225.74,6.5,211
1991,4-Dec,,Wed,Washington,21,16,37,19,18,0,37,74,NO,0,1,YES,Utah,29,25,54,29,18,0,47,101,YES,1,0,YES,91,84,175,86.06,75.68,161.74,-15,198.5
1991,4-Dec,,Wed,San Antonio,17,19,36,27,18,0,45,81,NO,0,1,YES,LAC,29,12,41,20,31,0,51,92,YES,1,3,NO,77,96,173,72.06,87.68,159.74,2,197
1991,4-Dec,,Wed,LAL,25,25,50,27,29,0,56,106,NO,0,1,NO,New Orleans,22,31,53,24,47,0,71,124,YES,1,1,NO,103,127,230,98.06,118.68,216.74,2,204
1991,5-Dec,,Thu,Brooklyn,34,23,57,27,25,0,52,109,YES,1,0,YES,Milwaukee,28,29,57,23,21,0,44,101,YES,0,1,NO,114,96,210,109.06,87.68,196.74,-12.5,223
1991,5-Dec,,Thu,Cleveland,34,27,61,23,26,0,49,110,NO,0,1,YES,Detroit,27,20,47,25,29,0,54,101,YES,0,1,NO,108,103,211,103.06,94.68,197.74,-5.5,189
1991,5-Dec,,Thu,Atlanta,33,28,61,22,26,0,48,109,NO,1,1,YES,Houston,27,27,54,28,15,0,43,97,NO,1,1,NO,115,91,206,110.06,82.68,192.74,-4,207.5
1991,5-Dec,,Thu,Dallas,32,24,56,18,33,0,51,107,YES,1,1,NO,Golden State,32,30,62,23,32,0,55,117,NO,1,1,NO,118,106,224,113.06,97.68,210.74,-12,223.5
1991,6-Dec,,Fri,New York,26,25,51,22,19,0,41,92,NO,3,0,NO,Boston,25,26,51,17,35,0,52,103,NO,2,1,NO,102,93,195,97.06,84.68,181.74,-6,207.5
1991,6-Dec,,Fri,LAL,17,27,44,28,26,0,54,98,NO,1,1,YES,Brooklyn,23,17,40,24,25,0,49,89,NO,3,0,YES,84,103,187,79.06,94.68,173.74,3.5,197
1991,6-Dec,,Fri,Portland,24,7,31,28,28,15,56,87,NO,1,0,NO,Philadelphia,24,17,41,28,18,18,46,87,NO,0,2,YES,72,102,174,67.06,93.68,160.74,5,208
1991,6-Dec,,Fri,New Orleans,15,13,28,38,30,0,68,96,YES,1,0,NO,Chicago,27,29,56,31,27,0,58,114,YES,0,1,NO,84,126,210,79.06,117.68,196.74,-16,223.5
1991,6-Dec,,Fri,Detroit,27,22,49,30,26,0,56,105,YES,0,3,NO,Washington,25,21,46,25,23,0,48,94,YES,0,1,YES,95,104,199,90.06,95.68,185.74,2.5,194.5
1991,6-Dec,,Fri,Milwaukee,21,17,38,26,42,0,68,106,YES,0,1,YES,Indiana,27,30,57,36,33,0,69,126,NO,0,1,NO,95,137,232,90.06,128.68,218.74,-7,228.5
1991,6-Dec,,Fri,Phoenix,29,31,60,25,37,0,62,122,NO,1,0,NO,Orlando,32,24,56,25,24,0,49,105,NO,0,1,NO,116,111,227,111.06,102.68,213.74,6,211
1991,6-Dec,,Fri,LAC,27,22,49,21,23,9,44,93,YES,1,0,YES,Denver,22,33,55,19,19,7,38,93,YES,2,2,YES,104,82,186,99.06,73.68,172.74,-4.5,197.5
1991,6-Dec,,Fri,Minnesota,30,22,52,18,24,0,42,94,YES,2,0,NO,Oklahoma City,24,20,44,19,33,0,52,96,NO,0,2,NO,96,94,190,91.06,85.68,176.74,-8.5,194.5
1991,6-Dec,,Fri,Utah,28,22,50,27,16,0,43,93,YES,1,0,NO,San Antonio,26,23,49,26,17,0,43,92,YES,1,1,YES,99,86,185,94.06,77.68,171.74,-6.5,204
1991,7-Dec,,Sat,New York,34,22,56,24,33,24,57,113,NO,0,2,NO,Atlanta,29,27,56,24,33,15,57,113,NO,2,1,YES,112,114,226,107.06,105.68,212.74,-4.5,195
1991,7-Dec,,Sat,Chicago,32,20,52,24,24,0,48,100,YES,0,2,YES,Philadelphia,24,28,52,24,27,0,51,103,NO,3,0,NO,104,99,203,99.06,90.68,189.74,8,199.5
1991,7-Dec,,Sat,Washington,24,30,54,19,24,0,43,97,YES,0,4,YES,Cleveland,26,29,55,24,20,0,44,99,YES,3,1,YES,109,87,196,104.06,78.68,182.74,-14,209
1991,7-Dec,,Sat,Portland,32,33,65,29,21,0,50,115,NO,0,2,YES,Indiana,24,36,60,31,21,0,52,112,NO,2,0,NO,125,102,227,120.06,93.68,213.74,-2,227.5
1991,7-Dec,,Sat,Phoenix,35,19,54,18,37,0,55,109,NO,0,2,YES,Miami,23,32,55,20,33,0,53,108,YES,2,2,YES,109,108,217,104.06,99.68,203.74,3.5,209.5
1991,7-Dec,,Sat,New Orleans,30,23,53,30,26,0,56,109,NO,0,3,YES,Orlando,36,18,54,23,18,0,41,95,YES,2,0,NO,107,97,204,102.06,88.68,190.74,-5,218.5
1991,7-Dec,,Sat,Minnesota,27,20,47,23,17,0,40,87,NO,0,3,YES,LAC,30,23,53,23,25,0,48,101,YES,2,0,YES,100,88,188,95.06,79.68,174.74,-6,188.5
1991,7-Dec,,Sat,Dallas,29,19,48,25,28,0,53,101,NO,1,0,NO,Oklahoma City,27,29,56,27,21,0,48,104,YES,2,0,NO,104,101,205,99.06,92.68,191.74,-7,196
1991,7-Dec,,Sat,Utah,25,22,47,28,21,0,49,96,NO,0,2,YES,Houston,26,22,48,28,15,0,43,91,YES,2,1,NO,95,92,187,90.06,83.68,173.74,-3,201
1991,7-Dec,,Sat,Sacramento,30,19,49,35,36,0,71,120,YES,3,2,YES,Golden State,35,27,62,32,30,0,62,124,NO,2,1,NO,111,133,244,106.06,124.68,230.74,-11.5,234
1991,8-Dec,,Sun,San Antonio,20,25,45,17,21,0,38,83,YES,1,1,NO,Milwaukee,23,27,50,24,28,0,52,102,YES,1,1,YES,95,90,185,90.06,81.68,171.74,-4,208
1991,8-Dec,,Sun,Dallas,14,14,28,28,32,0,60,88,NO,0,1,YES,LAL,28,22,50,24,29,0,53,103,YES,1,1,YES,78,113,191,73.06,104.68,177.74,-9,193
1991,9-Dec,,Mon,Denver,24,30,54,18,22,0,40,94,YES,2,1,NO,Boston,32,33,65,30,37,0,67,132,NO,3,2,NO,119,107,226,114.06,98.68,212.74,-14,213.5
1991,10-Dec,,Tue,New York,25,34,59,28,27,0,55,114,NO,2,0,YES,Brooklyn,19,21,40,22,26,0,48,88,NO,1,3,NO,99,103,202,94.06,94.68,188.74,4.5,198
1991,10-Dec,,Tue,Oklahoma City,18,28,46,28,29,0,57,103,YES,2,0,NO,Chicago,28,23,51,31,26,0,57,108,NO,2,2,YES,97,114,211,92.06,105.68,197.74,-13,205
1991,10-Dec,,Tue,Detroit,19,26,45,29,19,0,48,93,NO,3,0,NO,Phoenix,20,26,46,31,25,0,56,102,YES,2,2,YES,91,104,195,86.06,95.68,181.74,-7.5,211.5
1991,10-Dec,,Tue,San Antonio,31,27,58,19,25,0,44,102,NO,1,0,NO,Indiana,22,27,49,29,31,0,60,109,NO,2,2,NO,107,104,211,102.06,95.68,197.74,-4,215.5
1991,10-Dec,,Tue,Milwaukee,26,17,43,30,31,0,61,104,YES,1,1,NO,Atlanta,32,25,57,31,30,0,61,118,YES,1,2,NO,100,122,222,95.06,113.68,208.74,-4.5,210
1991,10-Dec,,Tue,Miami,26,26,52,29,21,8,50,102,YES,2,0,YES,Dallas,22,30,52,27,23,12,50,102,YES,0,1,YES,104,100,204,99.06,91.68,190.74,-3,194
1991,10-Dec,,Tue,Orlando,21,31,52,25,26,0,51,103,YES,2,1,NO,Utah,36,31,67,30,25,0,55,122,YES,0,2,YES,119,106,225,114.06,97.68,211.74,-15,205.5
1991,10-Dec,,Tue,Houston,26,17,43,24,41,0,65,108,YES,2,1,NO,Portland,24,22,46,30,30,0,60,106,NO,2,2,YES,89,125,214,84.06,116.68,200.74,-5,200
1991,10-Dec,,Tue,LAC,23,35,58,33,36,0,69,127,YES,2,0,YES,Golden State,31,34,65,28,24,0,52,117,NO,1,2,NO,123,121,244,118.06,112.68,230.74,-7.5,230
1991,10-Dec,,Tue,LAL,31,23,54,21,17,0,38,92,YES,1,0,YES,Sacramento,34,27,61,12,17,0,29,90,NO,1,2,YES,115,67,182,110.06,58.68,168.74,1.5,193
1991,11-Dec,,Wed,Oklahoma City,21,19,40,22,25,0,47,87,NO,0,1,NO,New York,25,19,44,24,28,0,52,96,YES,1,0,YES,84,99,183,79.06,90.68,169.74,-8,196.5
1991,11-Dec,,Wed,Denver,28,22,50,27,21,0,48,98,NO,1,0,NO,Philadelphia,28,20,48,28,12,0,40,88,YES,1,3,NO,98,88,186,93.06,79.68,172.74,-10.5,202
1991,11-Dec,,Wed,Cleveland,18,23,41,26,36,0,62,103,YES,3,0,YES,Miami,26,29,55,25,25,0,50,105,YES,1,0,YES,96,112,208,91.06,103.68,194.74,4,0
1991,11-Dec,,Wed,Detroit,20,15,35,32,29,0,61,96,NO,0,1,NO,LAC,21,23,44,30,27,0,57,101,NO,1,0,YES,79,118,197,74.06,109.68,183.74,-4,190.5
1991,11-Dec,,Wed,San Antonio,23,27,50,27,21,0,48,98,NO,0,1,YES,Minnesota,18,22,40,24,21,0,45,85,NO,1,3,YES,90,93,183,85.06,84.68,169.74,3,189
1991,11-Dec,,Wed,Utah,28,23,51,27,23,0,50,101,YES,0,1,NO,LAL,24,20,44,33,18,0,51,95,NO,3,0,YES,95,101,196,90.06,92.68,182.74,-3.5,192
1991,11-Dec,,Wed,Dallas,24,33,57,28,21,0,49,106,YES,0,1,NO,New Orleans,27,35,62,21,20,0,41,103,NO,1,3,YES,119,90,209,114.06,81.68,195.74,-8,212
1991,12-Dec,,Thu,Denver,12,14,26,24,31,0,55,81,NO,0,1,NO,Brooklyn,27,30,57,31,33,0,64,121,NO,1,1,NO,83,119,202,78.06,110.68,188.74,-7,203.5
1991,12-Dec,,Thu,Atlanta,20,31,51,28,28,0,56,107,YES,1,1,NO,Cleveland,35,27,62,35,37,0,72,134,NO,1,0,YES,113,128,241,108.06,119.68,227.74,-5.5,211
1991,12-Dec,,Thu,Milwaukee,24,25,49,29,31,0,60,109,NO,1,1,YES,Washington,21,23,44,20,33,0,53,97,NO,1,4,YES,93,113,206,88.06,104.68,192.74,0,213
1991,12-Dec,,Thu,Orlando,26,21,47,24,29,0,53,100,NO,1,1,NO,Sacramento,30,24,54,28,24,0,52,106,YES,1,1,NO,101,105,206,96.06,96.68,192.74,-7,206.5
1991,12-Dec,,Thu,Houston,25,26,51,29,19,0,48,99,NO,1,1,YES,Golden State,21,34,55,19,22,0,41,96,NO,1,1,NO,106,89,195,101.06,80.68,181.74,-5,230.5
1991,13-Dec,,Fri,Oklahoma City,23,23,46,23,28,0,51,97,NO,1,0,NO,Boston,26,29,55,28,34,0,62,117,YES,0,3,NO,101,113,214,96.06,104.68,200.74,-12.5,213
1991,13-Dec,,Fri,New York,20,26,46,19,24,0,43,89,YES,1,0,YES,Chicago,34,17,51,29,19,0,48,99,YES,0,2,NO,97,91,188,92.06,82.68,174.74,-9,202
1991,13-Dec,,Fri,Philadelphia,36,19,55,24,25,0,49,104,YES,1,0,YES,Minnesota,23,16,39,24,32,0,56,95,YES,0,1,NO,94,105,199,89.06,96.68,185.74,3.5,188
1991,13-Dec,,Fri,Detroit,27,20,47,35,31,0,66,113,NO,1,0,NO,Portland,28,18,46,32,25,0,57,103,NO,0,2,NO,93,123,216,88.06,114.68,202.74,-7.5,204.5
1991,13-Dec,,Fri,Dallas,33,25,58,25,25,0,50,108,NO,1,0,NO,Indiana,33,31,64,34,26,0,60,124,NO,0,2,NO,122,110,232,117.06,101.68,218.74,-10.5,221
1991,13-Dec,,Fri,Miami,33,24,57,33,22,0,55,112,YES,1,0,YES,New Orleans,28,30,58,29,21,0,50,108,YES,0,1,NO,115,105,220,110.06,96.68,206.74,-4,213.5
1991,13-Dec,,Fri,Utah,35,28,63,13,18,7,31,94,NO,1,0,YES,LAC,20,24,44,30,20,8,50,94,NO,1,1,NO,107,81,188,102.06,72.68,174.74,-3,198
1991,13-Dec,,Fri,Phoenix,30,37,67,28,17,0,45,112,YES,2,4,NO,San Antonio,29,24,53,26,28,0,54,107,YES,0,1,YES,120,99,219,115.06,90.68,205.74,-4,205
1991,14-Dec,,Sat,Boston,20,34,54,24,23,0,47,101,YES,0,2,NO,New York,33,28,61,23,27,0,50,111,NO,2,0,YES,115,97,212,110.06,88.68,198.74,-6.5,206.5
1991,14-Dec,,Sat,New Orleans,27,24,51,23,35,0,58,109,YES,0,2,YES,Brooklyn,28,21,49,36,17,0,53,102,YES,2,1,NO,100,111,211,95.06,102.68,197.74,-7.5,221.5
1991,14-Dec,,Sat,Oklahoma City,26,24,50,25,20,0,45,95,NO,0,2,YES,Philadelphia,25,28,53,18,33,0,51,104,NO,3,0,YES,103,96,199,98.06,87.68,185.74,-7,195
1991,14-Dec,,Sat,Chicago,22,31,53,29,31,0,60,113,YES,0,2,YES,Washington,27,24,51,17,32,0,49,100,YES,2,1,NO,104,109,213,99.06,100.68,199.74,9.5,208
1991,14-Dec,,Sat,Dallas,21,23,44,22,33,0,55,99,NO,0,2,YES,Cleveland,33,25,58,20,19,0,39,97,NO,2,1,NO,102,94,196,97.06,85.68,182.74,-13,209
1991,14-Dec,,Sat,Detroit,21,21,42,30,28,0,58,100,NO,0,1,YES,Utah,19,26,45,25,32,0,57,102,YES,2,0,YES,87,115,202,82.06,106.68,188.74,-8.5,199.5
1991,14-Dec,,Sat,Denver,23,27,50,31,27,0,58,108,NO,1,1,NO,Indiana,36,35,71,28,30,0,58,129,YES,2,0,NO,121,116,237,116.06,107.68,223.74,-12.5,221.5
1991,14-Dec,,Sat,Minnesota,18,22,40,29,23,0,52,92,YES,0,1,NO,Milwaukee,31,28,59,26,18,0,44,103,YES,3,1,YES,99,96,195,94.06,87.68,181.74,-12.5,204.5
1991,14-Dec,,Sat,Atlanta,29,30,59,19,23,0,42,101,NO,1,2,YES,Miami,28,28,56,32,33,0,65,121,YES,2,0,YES,115,107,222,110.06,98.68,208.74,1.5,209
1991,14-Dec,,Sat,Orlando,29,29,58,30,19,0,49,107,NO,1,0,NO,Golden State,31,34,65,33,30,0,63,128,NO,2,1,NO,123,112,235,118.06,103.68,221.74,-12.5,233
1991,14-Dec,,Sat,Sacramento,27,23,50,22,38,0,60,110,YES,1,0,NO,Portland,31,26,57,26,32,0,58,115,NO,1,0,NO,107,118,225,102.06,109.68,211.74,-12,215
1991,14-Dec,,Sat,San Antonio,25,23,48,27,32,0,59,107,YES,0,2,NO,Houston,25,14,39,40,21,0,61,100,NO,2,1,YES,87,120,207,82.06,111.68,193.74,-5.5,190.5
1991,15-Dec,,Sun,Orlando,24,29,53,23,28,0,51,104,NO,0,1,YES,LAC,29,25,54,35,30,0,65,119,YES,1,1,NO,107,116,223,102.06,107.68,209.74,-11,205
1991,15-Dec,,Sun,Sacramento,35,22,57,19,18,0,37,94,NO,0,3,NO,LAL,24,26,50,33,27,0,60,110,YES,1,3,NO,107,97,204,102.06,88.68,190.74,-10,200
1991,16-Dec,,Mon,Denver,28,18,46,18,25,0,43,89,NO,1,1,YES,Detroit,27,25,52,24,27,0,51,103,NO,1,1,YES,98,94,192,93.06,85.68,178.74,-11,198.5
1991,16-Dec,,Mon,Minnesota,23,26,49,23,32,0,55,104,NO,1,0,NO,Portland,28,32,60,35,24,0,59,119,YES,3,1,NO,109,114,223,104.06,105.68,209.74,-12.5,203.5
1991,17-Dec,,Tue,Boston,29,32,61,20,24,0,44,105,NO,2,0,YES,Orlando,25,23,48,21,29,0,50,98,NO,1,1,YES,109,94,203,104.06,85.68,189.74,7,217
1991,17-Dec,,Tue,Brooklyn,23,27,50,26,18,0,44,94,YES,2,0,YES,New York,24,27,51,19,32,0,51,102,NO,3,2,NO,101,95,196,96.06,86.68,182.74,-9.5,199
1991,17-Dec,,Tue,LAL,19,22,41,32,29,0,61,102,YES,1,1,NO,Chicago,25,20,45,25,19,0,44,89,YES,2,2,YES,86,105,191,81.06,96.68,177.74,-11.5,199
1991,17-Dec,,Tue,Miami,24,29,53,14,13,0,27,80,YES,2,0,YES,Cleveland,34,39,73,33,42,0,75,148,YES,0,2,NO,126,102,228,121.06,93.68,214.74,-11,213.5
1991,17-Dec,,Tue,Indiana,30,26,56,26,31,0,57,113,YES,2,0,NO,Atlanta,30,32,62,31,24,0,55,117,NO,2,2,YES,118,112,230,113.06,103.68,216.74,-3.5,233
1991,17-Dec,,Tue,Washington,23,31,54,25,18,0,43,97,YES,2,0,NO,Houston,27,29,56,18,26,0,44,100,NO,1,2,NO,110,87,197,105.06,78.68,183.74,-10,205
1991,17-Dec,,Tue,Minnesota,31,30,61,23,21,0,44,105,NO,0,1,YES,Golden State,24,31,55,30,34,0,64,119,YES,0,2,NO,116,108,224,111.06,99.68,210.74,-13.5,225.5
1991,17-Dec,,Tue,LAC,21,21,42,28,29,0,57,99,YES,1,0,YES,Oklahoma City,33,31,64,24,28,0,52,116,NO,1,2,YES,106,109,215,101.06,100.68,201.74,-4,198
1991,17-Dec,,Tue,Utah,21,37,58,32,32,0,64,122,YES,2,0,NO,New Orleans,20,30,50,29,23,0,52,102,YES,0,2,YES,108,116,224,103.06,107.68,210.74,1,211
1991,17-Dec,,Tue,San Antonio,27,24,51,19,28,0,47,98,NO,2,0,YES,Dallas,22,28,50,22,15,0,37,87,NO,2,2,YES,101,84,185,96.06,75.68,171.74,3.5,192
1991,18-Dec,,Wed,Milwaukee,23,23,46,32,39,0,71,117,YES,3,0,NO,Boston,25,33,58,35,38,0,73,131,NO,1,0,YES,104,144,248,99.06,135.68,234.74,-9,221
1991,18-Dec,,Wed,Cleveland,22,18,40,22,31,0,53,93,YES,0,1,NO,Brooklyn,21,25,46,35,21,0,56,102,NO,1,0,YES,86,109,195,81.06,100.68,181.74,5.5,211
1991,18-Dec,,Wed,Utah,18,39,57,21,29,0,50,107,NO,0,1,NO,Philadelphia,25,25,50,31,24,0,55,105,NO,1,3,NO,107,105,212,102.06,96.68,198.74,-3.5,201
1991,18-Dec,,Wed,New Orleans,19,31,50,19,28,0,47,97,YES,0,1,YES,Detroit,37,31,68,31,18,0,49,117,NO,1,1,NO,118,96,214,113.06,87.68,200.74,-10.5,207.5
1991,18-Dec,,Wed,Indiana,33,27,60,17,26,9,43,103,NO,0,2,YES,Miami,25,33,58,26,19,15,45,103,YES,1,0,YES,118,88,206,113.06,79.68,192.74,-2,226
1991,18-Dec,,Wed,Washington,31,24,55,27,14,0,41,96,NO,0,1,NO,San Antonio,20,26,46,24,23,0,47,93,YES,1,0,YES,101,88,189,96.06,79.68,175.74,-10.5,203
1991,18-Dec,,Wed,Phoenix,28,29,57,25,27,0,52,109,NO,4,1,YES,Denver,32,33,65,34,24,0,58,123,YES,0,1,YES,122,110,232,117.06,101.68,218.74,5.5,206.5
1991,18-Dec,,Wed,Golden State,24,35,59,23,22,0,45,104,YES,0,1,YES,LAC,25,29,54,22,24,0,46,100,YES,2,0,YES,113,91,204,108.06,82.68,190.74,-5,229
1991,19-Dec,,Thu,Milwaukee,25,24,49,20,26,0,46,95,NO,0,1,YES,Orlando,21,22,43,22,22,0,44,87,NO,2,1,NO,92,90,182,87.06,81.68,168.74,3,215
1991,19-Dec,,Thu,Denver,17,29,46,18,42,0,60,106,YES,0,1,YES,Oklahoma City,28,33,61,30,28,0,58,119,NO,1,1,NO,107,118,225,102.06,109.68,211.74,-15.5,208
1991,19-Dec,,Thu,LAL,22,17,39,26,20,0,46,85,NO,1,0,NO,Minnesota,27,28,55,19,19,0,38,93,NO,1,1,YES,94,84,178,89.06,75.68,164.74,5,187.5
1991,19-Dec,,Thu,Sacramento,23,22,45,24,33,0,57,102,NO,3,1,NO,Houston,26,29,55,35,19,0,54,109,YES,0,1,NO,100,111,211,95.06,102.68,197.74,-10,207
1991,20-Dec,,Fri,Utah,21,27,48,24,29,0,53,101,NO,1,0,NO,Boston,22,26,48,31,33,0,64,112,YES,0,1,NO,96,117,213,91.06,108.68,199.74,-7,218
1991,20-Dec,,Fri,Chicago,28,22,50,38,27,0,65,115,YES,2,0,YES,Brooklyn,27,20,47,21,30,0,51,98,YES,0,1,NO,97,116,213,92.06,107.68,199.74,10,205
1991,20-Dec,,Fri,Miami,28,23,51,26,22,0,48,99,YES,1,0,YES,Philadelphia,32,26,58,36,33,0,69,127,YES,0,1,NO,109,117,226,104.06,108.68,212.74,-8,208.5
1991,20-Dec,,Fri,Cleveland,30,28,58,28,36,0,64,122,NO,1,0,YES,Atlanta,29,26,55,22,22,0,44,99,YES,0,2,NO,113,108,221,108.06,99.68,207.74,-2.5,215.5
1991,20-Dec,,Fri,LAL,28,26,54,17,22,0,39,93,NO,0,1,YES,Detroit,27,29,56,24,32,0,56,112,YES,5,1,NO,110,95,205,105.06,86.68,191.74,-5,184.5
1991,20-Dec,,Fri,Washington,30,22,52,25,30,0,55,107,NO,1,0,NO,Dallas,28,35,63,18,18,0,36,99,NO,0,2,NO,115,91,206,110.06,82.68,192.74,-5.5,193
1991,20-Dec,,Fri,Portland,28,26,54,26,38,0,64,118,YES,3,1,YES,Golden State,26,29,55,36,32,0,68,123,YES,0,1,YES,109,132,241,104.06,123.68,227.74,-1,237
1991,20-Dec,,Fri,San Antonio,24,17,41,29,21,0,50,91,YES,1,2,YES,Phoenix,21,35,56,27,33,0,60,116,YES,1,1,YES,97,110,207,92.06,101.68,193.74,-5.5,208
1991,20-Dec,,Fri,Houston,24,17,41,35,23,0,58,99,YES,0,1,NO,New Orleans,25,18,43,29,23,0,52,95,YES,0,1,YES,84,110,194,79.06,101.68,180.74,4,212
1991,21-Dec,,Sat,Boston,31,24,55,26,20,0,46,101,YES,0,3,NO,Miami,29,27,56,29,27,0,56,112,NO,1,0,YES,111,102,213,106.06,93.68,199.74,3.5,216.5
1991,21-Dec,,Sat,Brooklyn,26,35,61,26,16,6,42,103,YES,0,1,YES,Indiana,29,30,59,23,21,15,44,103,NO,4,2,YES,120,86,206,115.06,77.68,192.74,-12.5,226
1991,21-Dec,,Sat,Utah,21,30,51,21,25,0,46,97,NO,0,1,NO,New York,29,23,52,33,21,0,54,106,YES,1,3,NO,103,100,203,98.06,91.68,189.74,-7.5,200.5
1991,21-Dec,,Sat,Philadelphia,25,17,42,32,23,0,55,97,YES,0,1,YES,Milwaukee,33,29,62,29,19,0,48,110,NO,4,1,YES,104,103,207,99.06,94.68,193.74,-7,210
1991,21-Dec,,Sat,Atlanta,37,28,65,19,19,0,38,103,YES,0,1,NO,Chicago,34,26,60,27,30,0,57,117,NO,3,0,YES,125,95,220,120.06,86.68,206.74,-13,215.5
1991,21-Dec,,Sat,New Orleans,22,22,44,30,37,0,67,111,YES,0,1,NO,Cleveland,28,36,64,28,28,0,56,120,NO,1,0,YES,108,123,231,103.06,114.68,217.74,-15,225
1991,21-Dec,,Sat,Washington,23,37,60,26,31,0,57,117,NO,0,5,YES,Denver,25,26,51,25,26,0,51,102,NO,4,1,YES,111,108,219,106.06,99.68,205.74,-5,202
1991,21-Dec,,Sat,LAC,22,25,47,24,29,0,53,100,YES,2,3,YES,Minnesota,24,17,41,27,19,0,46,87,NO,1,1,NO,88,99,187,83.06,90.68,173.74,2,192.5
1991,21-Dec,,Sat,Golden State,27,23,50,39,23,0,62,112,YES,0,4,NO,Oklahoma City,29,30,59,26,35,0,61,120,YES,0,1,NO,109,123,232,104.06,114.68,218.74,-7,233
1991,21-Dec,,Sat,Sacramento,24,26,50,17,18,0,35,85,NO,1,1,NO,Dallas,37,21,58,22,29,0,51,109,YES,1,0,NO,108,86,194,103.06,77.68,180.74,-4,204.5
1991,22-Dec,,Sun,Houston,20,25,45,31,23,0,54,99,NO,1,0,YES,Orlando,24,24,48,21,25,0,46,94,YES,0,2,NO,93,100,193,88.06,91.68,179.74,4,198.5
1991,22-Dec,,Sun,Oklahoma City,23,26,49,18,20,0,38,87,YES,0,3,NO,Portland,21,21,42,27,27,0,54,96,NO,3,1,YES,91,92,183,86.06,83.68,169.74,-10.5,220.5
1991,22-Dec,,Sun,Phoenix,27,24,51,26,23,0,49,100,YES,1,3,YES,LAL,19,29,48,19,21,0,40,88,YES,2,1,YES,99,89,188,94.06,80.68,174.74,0,200.5
1991,23-Dec,,Mon,Atlanta,21,23,44,29,20,0,49,93,NO,1,2,YES,Brooklyn,41,20,61,23,21,0,44,105,NO,2,1,YES,105,93,198,100.06,84.68,184.74,0,213.5
1991,23-Dec,,Mon,New York,25,30,55,27,15,0,42,97,YES,1,2,YES,Minnesota,21,17,38,27,26,0,53,91,NO,3,1,NO,93,95,188,88.06,86.68,174.74,5.5,0
1991,23-Dec,,Mon,New Orleans,28,25,53,29,32,0,61,114,NO,1,3,YES,Philadelphia,22,29,51,22,33,0,55,106,YES,2,1,YES,104,116,220,99.06,107.68,206.74,-11,219
1991,23-Dec,,Mon,Utah,29,26,55,26,31,0,57,112,NO,1,2,YES,Cleveland,26,30,56,28,29,0,57,113,YES,2,1,NO,111,114,225,106.06,105.68,211.74,-6,213
1991,23-Dec,,Mon,Orlando,25,15,40,26,36,0,62,102,YES,0,2,YES,Miami,27,22,49,33,31,0,64,113,YES,2,1,NO,89,126,215,84.06,117.68,201.74,-9,213
1991,23-Dec,,Mon,Sacramento,26,33,59,17,14,0,31,90,NO,1,2,YES,San Antonio,23,23,46,23,32,0,55,101,YES,2,2,YES,105,86,191,100.06,77.68,177.74,-12,209.5
1991,23-Dec,,Mon,Dallas,30,30,60,23,22,0,45,105,YES,1,2,NO,Houston,29,21,50,25,10,0,35,85,YES,2,0,YES,110,80,190,105.06,71.68,176.74,-7.5,195.5
1991,25-Dec,,Wed,Boston,22,24,46,26,27,0,53,99,NO,3,1,NO,Chicago,23,32,55,37,29,0,66,121,YES,0,3,NO,101,119,220,96.06,110.68,206.74,-9,216.5
1991,25-Dec,,Wed,LAL,28,22,50,18,17,0,35,85,YES,2,2,YES,LAC,21,18,39,14,22,0,36,75,YES,0,3,YES,89,71,160,84.06,62.68,146.74,-4,192
1991,26-Dec,,Thu,Houston,27,20,47,24,22,0,46,93,YES,2,0,NO,Brooklyn,30,16,46,31,22,0,53,99,YES,0,2,NO,93,99,192,88.06,90.68,178.74,3,195
1991,26-Dec,,Thu,San Antonio,20,35,55,30,33,0,63,118,YES,2,0,NO,New York,24,15,39,25,25,0,50,89,NO,1,2,YES,94,113,207,89.06,104.68,193.74,-5.5,192.5
1991,26-Dec,,Thu,Philadelphia,29,24,53,35,25,0,60,113,YES,2,1,NO,Indiana,32,26,58,30,22,0,52,110,YES,1,4,NO,111,112,223,106.06,103.68,209.74,-6,223.5
1991,26-Dec,,Thu,Chicago,32,35,67,29,26,0,55,122,YES,0,1,YES,Atlanta,34,23,57,24,30,0,54,111,NO,1,2,YES,124,109,233,119.06,100.68,219.74,5.5,215
1991,26-Dec,,Thu,Cleveland,31,28,59,25,27,0,52,111,YES,2,0,YES,Milwaukee,25,23,48,24,22,0,46,94,NO,2,4,NO,107,98,205,102.06,89.68,191.74,-4,215
1991,26-Dec,,Thu,Detroit,29,23,52,30,30,0,60,112,YES,5,0,YES,Orlando,22,19,41,31,28,0,59,100,YES,0,2,YES,93,119,212,88.06,110.68,198.74,6,197.5
1991,26-Dec,,Thu,Miami,28,25,53,26,25,0,51,104,YES,2,1,NO,Phoenix,38,26,64,28,40,0,68,132,NO,1,3,YES,117,119,236,112.06,110.68,222.74,-13.5,221.5
1991,26-Dec,,Thu,Golden State,26,24,50,29,31,0,60,110,NO,4,0,NO,Denver,31,24,55,25,20,0,45,100,NO,1,4,NO,105,105,210,100.06,96.68,196.74,3.5,228.5
1991,26-Dec,,Thu,Oklahoma City,24,27,51,26,21,17,47,98,NO,3,0,YES,Sacramento,24,18,42,27,29,8,56,98,YES,1,2,YES,93,103,196,88.06,94.68,182.74,0,201.5
1991,26-Dec,,Thu,Dallas,25,20,45,20,23,0,43,88,NO,2,1,NO,Portland,26,30,56,27,30,0,57,113,YES,1,3,NO,101,100,201,96.06,91.68,187.74,-12,211.5
1991,26-Dec,,Thu,LAC,20,20,40,35,40,0,75,115,YES,0,1,YES,Utah,28,25,53,27,43,0,70,123,NO,1,2,YES,93,145,238,88.06,136.68,224.74,-13,203.5
1991,27-Dec,,Fri,Boston,30,28,58,31,21,0,52,110,NO,1,0,NO,Oklahoma City,29,22,51,22,14,0,36,87,NO,5,0,YES,109,88,197,104.06,79.68,183.74,-1.5,214
1991,27-Dec,,Fri,Brooklyn,36,30,66,44,26,0,70,136,YES,0,2,YES,New Orleans,27,28,55,31,34,0,65,120,YES,0,3,YES,121,135,256,116.06,126.68,242.74,-3,215
1991,27-Dec,,Fri,San Antonio,22,27,49,28,20,0,48,97,NO,0,1,NO,Cleveland,27,27,54,17,32,0,49,103,NO,2,0,YES,103,97,200,98.06,88.68,186.74,-4,209
1991,27-Dec,,Fri,Orlando,20,29,49,19,26,0,45,94,YES,0,1,YES,Detroit,31,20,51,28,27,0,55,106,NO,2,0,YES,100,100,200,95.06,91.68,186.74,-12.5,208
1991,27-Dec,,Fri,Houston,28,22,50,30,27,0,57,107,NO,0,1,NO,Washington,24,24,48,25,27,0,52,100,NO,0,5,YES,98,109,207,93.06,100.68,193.74,-1,203.5
1991,27-Dec,,Fri,Golden State,26,33,59,19,15,13,34,93,NO,0,2,NO,Minnesota,22,26,48,33,12,9,45,93,YES,0,3,NO,107,79,186,102.06,70.68,172.74,4,214.5
1991,28-Dec,,Sat,Boston,19,21,40,22,28,0,50,90,NO,0,1,NO,Denver,25,17,42,29,26,0,55,97,NO,1,1,NO,82,105,187,77.06,96.68,173.74,4.5,212
1991,28-Dec,,Sat,Indiana,18,28,46,21,34,5,55,101,YES,1,1,YES,New York,31,27,58,28,15,14,43,101,NO,4,1,NO,104,98,202,99.06,89.68,188.74,-7.5,215.5
1991,28-Dec,,Sat,Philadelphia,29,26,55,24,16,0,40,95,NO,1,1,NO,LAC,20,26,46,28,28,0,56,102,NO,1,1,YES,101,96,197,96.06,87.68,183.74,-3.5,198.5
1991,28-Dec,,Sat,Sacramento,38,29,67,30,21,0,51,118,YES,1,1,NO,Chicago,28,37,65,35,27,0,62,127,YES,1,1,YES,132,113,245,127.06,104.68,231.74,-17,215
1991,28-Dec,,Sat,Minnesota,32,32,64,18,26,14,44,108,YES,0,1,YES,Atlanta,36,31,67,21,20,17,41,108,NO,4,1,NO,131,85,216,126.06,76.68,202.74,-11,207.5
1991,28-Dec,,Sat,Miami,22,30,52,23,28,0,51,103,NO,1,0,NO,Utah,36,34,70,22,36,0,58,128,NO,4,1,NO,122,109,231,117.06,100.68,217.74,-13.5,215.5
1991,28-Dec,,Sat,New Orleans,34,29,63,26,35,0,61,124,YES,0,4,YES,Washington,27,41,68,27,34,0,61,129,NO,1,0,NO,131,122,253,126.06,113.68,239.74,-8,222.5
1991,28-Dec,,Sat,Portland,28,20,48,24,26,0,50,98,YES,1,0,YES,LAL,25,16,41,26,21,0,47,88,NO,1,2,YES,89,97,186,84.06,88.68,172.74,-1,200.5
1991,28-Dec,,Sat,Dallas,26,27,53,21,29,0,50,103,NO,1,5,YES,Phoenix,32,22,54,32,35,0,67,121,YES,1,1,NO,107,117,224,102.06,108.68,210.74,-14,215.5
1991,29-Dec,,Sun,Houston,32,27,59,21,20,0,41,100,NO,1,0,NO,Milwaukee,26,23,49,30,31,0,61,110,YES,3,2,NO,108,102,210,103.06,93.68,196.74,-5.5,202.5
1991,29-Dec,,Sun,Miami,20,29,49,23,24,0,47,96,NO,0,3,NO,Portland,26,32,58,39,32,0,71,129,YES,3,0,YES,107,118,225,102.06,109.68,211.74,-14,222
1991,29-Dec,,Sun,San Antonio,26,19,45,14,37,0,51,96,NO,1,0,NO,Orlando,22,22,44,23,20,0,43,87,YES,0,1,YES,89,94,183,84.06,85.68,169.74,8,197
1991,30-Dec,,Mon,Boston,23,24,47,27,23,0,50,97,NO,1,3,YES,LAC,21,23,44,21,21,0,42,86,YES,2,1,NO,91,92,183,86.06,83.68,169.74,0,205.5
1991,30-Dec,,Mon,Orlando,23,29,52,24,36,0,60,112,YES,0,4,NO,Brooklyn,38,31,69,29,24,0,53,122,NO,3,2,YES,121,113,234,116.06,104.68,220.74,-10.5,210.5
1991,30-Dec,,Mon,Philadelphia,19,26,45,20,28,0,48,93,NO,1,2,NO,Denver,25,30,55,26,28,0,54,109,YES,2,1,NO,100,102,202,95.06,93.68,188.74,3,198.5
1991,30-Dec,,Mon,Chicago,30,23,53,35,21,0,56,109,YES,1,3,NO,Indiana,22,26,48,21,35,0,56,104,YES,3,1,YES,101,112,213,96.06,103.68,199.74,5.5,229
1991,30-Dec,,Mon,Houston,14,23,37,27,25,0,52,89,NO,0,2,YES,Cleveland,29,29,58,37,26,0,63,121,YES,2,2,NO,95,115,210,90.06,106.68,196.74,-9,209
1991,30-Dec,,Mon,Phoenix,29,25,54,19,37,0,56,110,YES,1,2,NO,Detroit,28,28,56,31,16,0,47,103,YES,2,2,NO,110,103,213,105.06,94.68,199.74,-2.5,206.5
1991,30-Dec,,Mon,San Antonio,20,26,46,17,21,0,38,84,NO,0,4,YES,Washington,27,17,44,27,23,0,50,94,YES,3,1,NO,90,88,178,85.06,79.68,164.74,3.5,201.5
1991,30-Dec,,Mon,Sacramento,32,29,61,31,25,0,56,117,NO,1,2,YES,Minnesota,32,24,56,23,30,0,53,109,NO,2,1,YES,117,109,226,112.06,100.68,212.74,-3,198.5
1991,30-Dec,,Mon,Golden State,24,37,61,28,25,0,53,114,NO,2,2,YES,LAL,26,26,52,27,20,0,47,99,NO,3,1,NO,113,100,213,108.06,91.68,199.74,-2.5,211
1992,2-Jan,,Thu,Cleveland,29,26,55,30,25,0,55,110,YES,2,0,NO,New York,25,23,48,27,28,0,55,103,YES,1,4,NO,103,110,213,97.32,101.91,199.23,-3,203
1992,2-Jan,,Thu,Philadelphia,29,16,45,36,29,0,65,110,NO,2,1,NO,Sacramento,31,31,62,27,25,0,52,114,NO,1,2,YES,107,117,224,101.32,108.91,210.23,0,208.5
1992,2-Jan,,Thu,Detroit,26,24,50,30,26,0,56,106,YES,2,0,NO,Houston,25,11,36,24,23,0,47,83,YES,1,2,YES,86,103,189,80.32,94.91,175.23,-2,195.5
1992,2-Jan,,Thu,Milwaukee,31,18,49,22,21,0,43,92,YES,3,0,YES,Minnesota,19,24,43,28,20,0,48,91,NO,1,2,NO,92,91,183,86.32,82.91,169.23,3.5,200
1992,2-Jan,,Thu,Phoenix,22,25,47,34,24,0,58,105,NO,2,1,NO,Atlanta,27,34,61,34,28,0,62,123,NO,1,4,NO,108,120,228,102.32,111.91,214.23,4.5,226
1992,2-Jan,,Thu,Miami,20,30,50,24,24,11,48,98,NO,3,1,NO,Oklahoma City,30,23,53,22,23,15,45,98,NO,1,5,NO,103,93,196,97.32,84.91,182.23,-12.5,217
1992,2-Jan,,Thu,Denver,27,27,54,31,26,0,57,111,YES,2,1,YES,Golden State,28,28,56,35,34,0,69,125,NO,1,2,YES,110,126,236,104.32,117.91,222.23,-13,228
1992,2-Jan,,Thu,Portland,21,29,50,29,24,0,53,103,YES,3,2,YES,Utah,24,26,50,27,30,0,57,107,NO,1,4,NO,100,110,210,94.32,101.91,196.23,-5,217
1992,2-Jan,,Thu,LAC,20,22,42,25,28,14,53,95,YES,2,1,NO,New Orleans,21,32,53,21,21,7,42,95,NO,1,4,YES,95,95,190,89.32,86.91,176.23,2.5,217
1992,3-Jan,,Fri,Cleveland,20,24,44,37,30,0,67,111,NO,0,3,NO,Boston,24,21,45,33,22,0,55,100,YES,0,3,YES,89,122,211,83.32,113.91,197.23,-4.5,217
1992,3-Jan,,Fri,Washington,30,25,55,33,24,0,57,112,YES,3,0,YES,Brooklyn,30,24,54,24,30,0,54,108,YES,0,3,NO,109,111,220,103.32,102.91,206.23,-4.5,211.5
1992,3-Jan,,Fri,Chicago,29,30,59,24,25,0,49,108,NO,3,0,YES,Milwaukee,29,24,53,31,29,0,60,113,NO,4,0,YES,112,109,221,106.32,100.91,207.23,6,213.5
1992,3-Jan,,Fri,Detroit,28,22,50,24,32,0,56,106,NO,0,2,NO,Dallas,30,19,49,28,19,0,47,96,YES,0,5,YES,99,103,202,93.32,94.91,188.23,4,192.5
1992,3-Jan,,Fri,Indiana,34,25,59,28,27,0,55,114,YES,3,0,NO,LAL,20,23,43,21,23,0,44,87,NO,1,3,NO,102,99,201,96.32,90.91,187.23,-5,210
1992,4-Jan,,Sat,Boston,27,24,51,25,20,0,45,96,YES,0,1,YES,Minnesota,24,26,50,28,22,0,50,100,NO,2,1,NO,101,95,196,95.32,86.91,182.23,3,192
1992,4-Jan,,Sat,Brooklyn,28,26,54,18,24,0,42,96,YES,0,1,YES,Chicago,36,30,66,34,40,0,74,140,NO,2,0,YES,120,116,236,114.32,107.91,222.23,-14.5,218
1992,4-Jan,,Sat,New York,33,30,63,29,21,0,50,113,YES,1,0,YES,Washington,23,23,46,29,24,0,53,99,YES,2,0,YES,109,103,212,103.32,94.91,198.23,3.5,203.5
1992,4-Jan,,Sat,Philadelphia,30,28,58,28,26,0,54,112,NO,1,0,NO,Oklahoma City,28,19,47,26,20,0,46,93,YES,2,1,NO,105,100,205,99.32,91.91,191.23,-6.5,205.5
1992,4-Jan,,Sat,Indiana,28,25,53,40,28,0,68,121,NO,0,1,NO,Golden State,36,35,71,34,35,0,69,140,NO,5,1,NO,124,137,261,118.32,128.91,247.23,-8.5,243
1992,4-Jan,,Sat,LAC,30,18,48,24,23,0,47,95,NO,1,1,NO,Atlanta,25,29,54,21,22,0,43,97,NO,1,1,NO,102,90,192,96.32,81.91,178.23,-4,214.5
1992,4-Jan,,Sat,Miami,25,29,54,29,27,0,56,110,NO,1,0,NO,Sacramento,26,31,57,16,24,0,40,97,YES,1,1,NO,111,96,207,105.32,87.91,193.23,-6.5,219
1992,4-Jan,,Sat,Orlando,19,26,45,22,24,0,46,91,NO,4,2,NO,Denver,13,25,38,25,30,0,55,93,NO,2,1,YES,83,101,184,77.32,92.91,170.23,-9,207.5
1992,4-Jan,,Sat,Dallas,19,15,34,19,25,0,44,78,YES,0,2,YES,Utah,20,29,49,29,35,0,64,113,NO,1,1,NO,83,108,191,77.32,99.91,177.23,-15,211.5
1992,4-Jan,,Sat,Phoenix,27,26,53,25,30,0,55,108,NO,1,0,NO,New Orleans,24,36,60,21,32,0,53,113,NO,4,1,NO,113,108,221,107.32,99.91,207.23,9,226.5
1992,4-Jan,,Sat,Houston,24,19,43,23,19,27,42,85,YES,1,1,NO,San Antonio,20,26,46,17,22,25,39,85,NO,1,4,YES,89,81,170,83.32,72.91,156.23,-8.5,195.5
1992,5-Jan,,Sun,Phoenix,26,16,42,35,23,4,58,100,NO,0,2,YES,New York,28,17,45,30,25,8,55,100,NO,1,0,YES,87,113,200,81.32,104.91,186.23,-3,211.5
1992,5-Jan,,Sun,Philadelphia,21,23,44,28,30,0,58,102,NO,0,2,YES,Portland,35,31,66,31,18,0,49,115,NO,1,2,YES,110,107,217,104.32,98.91,203.23,-12,215
1992,5-Jan,,Sun,Miami,27,26,53,33,25,0,58,111,NO,0,2,YES,LAL,35,31,66,29,28,0,57,123,YES,1,1,NO,119,115,234,113.32,106.91,220.23,-9.5,199
1992,6-Jan,,Mon,Sacramento,28,34,62,26,20,0,46,108,YES,1,1,NO,Boston,35,20,55,25,30,0,55,110,NO,1,1,YES,117,101,218,111.32,92.91,204.23,-8.5,218.5
1992,6-Jan,,Mon,LAC,20,30,50,21,19,0,40,90,NO,1,1,NO,Brooklyn,27,27,54,28,23,0,51,105,NO,1,1,YES,104,91,195,98.32,82.91,181.23,2,205.5
1992,6-Jan,,Mon,Detroit,22,22,44,22,24,0,46,90,NO,2,1,YES,San Antonio,24,21,45,27,28,0,55,100,NO,1,1,NO,89,101,190,83.32,92.91,176.23,-4,197
1992,6-Jan,,Mon,Indiana,26,31,57,29,22,0,51,108,NO,1,1,YES,Utah,28,29,57,39,28,0,67,124,YES,1,1,NO,114,118,232,108.32,109.91,218.23,-10,228
1992,6-Jan,,Mon,Houston,25,26,51,19,27,0,46,97,NO,1,1,NO,Atlanta,24,25,49,27,33,0,60,109,YES,0,1,NO,100,106,206,94.32,97.91,192.23,-2.5,205
1992,7-Jan,,Tue,Atlanta,25,27,52,31,26,0,57,109,YES,0,1,YES,New York,19,19,38,33,23,0,56,94,YES,0,1,NO,90,113,203,84.32,104.91,189.23,-10,207.5
1992,7-Jan,,Tue,Washington,17,26,43,20,26,0,46,89,YES,2,1,YES,Chicago,28,26,54,20,28,0,48,102,YES,0,2,NO,97,94,191,91.32,85.91,177.23,-15,221.5
1992,7-Jan,,Tue,Cleveland,27,23,50,32,31,0,63,113,NO,3,1,NO,Minnesota,25,21,46,27,25,0,52,98,YES,0,2,NO,96,115,211,90.32,106.91,197.23,8,197.5
1992,7-Jan,,Tue,Orlando,16,20,36,25,28,0,53,89,NO,2,0,NO,Portland,28,26,54,27,23,0,50,104,YES,2,1,NO,90,103,193,84.32,94.91,179.23,-19,218
1992,7-Jan,,Tue,Oklahoma City,26,31,57,21,28,0,49,106,YES,2,0,YES,Denver,29,18,47,32,20,0,52,99,YES,0,2,NO,104,101,205,98.32,92.91,191.23,1,197
1992,7-Jan,,Tue,LAL,24,25,49,29,26,0,55,104,YES,1,0,NO,Dallas,24,12,36,19,25,0,44,80,YES,1,2,YES,85,99,184,79.32,90.91,170.23,1.5,191.5
1992,8-Jan,,Wed,New York,35,23,58,24,13,0,37,95,YES,0,2,YES,Boston,26,23,49,25,25,0,50,99,NO,1,1,NO,107,87,194,101.32,78.91,180.23,-2.5,201.5
1992,8-Jan,,Wed,Minnesota,26,23,49,20,28,0,48,97,YES,0,1,NO,Brooklyn,27,25,52,27,24,0,51,103,NO,1,1,NO,101,99,200,95.32,90.91,186.23,-7,202
1992,8-Jan,,Wed,Houston,34,21,55,26,23,0,49,104,NO,1,1,NO,Philadelphia,28,21,49,36,29,0,65,114,NO,1,2,YES,104,114,218,98.32,105.91,204.23,-4.5,199
1992,8-Jan,,Wed,Chicago,30,31,61,24,23,0,47,108,YES,0,1,YES,Miami,38,26,64,24,18,0,42,106,NO,1,2,YES,125,89,214,119.32,80.91,200.23,7.5,215
1992,8-Jan,,Wed,Sacramento,26,22,48,23,24,0,47,95,NO,1,0,NO,Detroit,33,25,58,30,26,0,56,114,NO,1,1,YES,106,103,209,100.32,94.91,195.23,-10.5,212
1992,8-Jan,,Wed,LAC,23,26,49,26,29,0,55,104,NO,1,1,NO,Indiana,23,27,50,33,19,0,52,102,NO,2,1,YES,99,107,206,93.32,98.91,192.23,-7,220.5
1992,8-Jan,,Wed,Utah,20,21,41,28,29,0,57,98,YES,1,1,NO,Milwaukee,18,19,37,30,32,0,62,99,YES,1,4,NO,78,119,197,72.32,110.91,183.23,-3.5,213.5
1992,8-Jan,,Wed,Orlando,22,32,54,25,25,0,50,104,NO,0,1,NO,Oklahoma City,29,24,53,27,23,0,50,103,YES,1,0,YES,107,100,207,101.32,91.91,193.23,-14,204
1992,8-Jan,,Wed,Denver,18,28,46,36,32,0,68,114,YES,0,1,NO,Phoenix,37,31,68,31,36,0,67,135,NO,1,2,YES,114,135,249,108.32,126.91,235.23,-18,220.5
1992,8-Jan,,Wed,LAL,27,18,45,19,23,0,42,87,NO,0,1,YES,San Antonio,29,24,53,23,27,0,50,103,YES,1,1,NO,98,92,190,92.32,83.91,176.23,-8.5,192
1992,9-Jan,,Thu,Cleveland,23,23,46,32,21,0,53,99,NO,1,1,YES,Washington,31,19,50,18,24,0,42,92,NO,1,1,YES,96,95,191,90.32,86.91,177.23,6.5,211.5
1992,9-Jan,,Thu,Dallas,19,22,41,35,32,0,67,108,YES,1,0,YES,Atlanta,38,23,61,36,27,0,63,124,YES,1,1,YES,102,130,232,96.32,121.91,218.23,-10,210
1992,9-Jan,,Thu,Sacramento,21,24,45,30,21,0,51,96,NO,0,1,NO,New Orleans,26,25,51,31,27,0,58,109,NO,1,4,NO,96,109,205,90.32,100.91,191.23,-5.5,222.5
1992,10-Jan,,Fri,Minnesota,17,31,48,31,25,0,56,104,NO,1,0,YES,Boston,29,24,53,23,18,0,41,94,YES,0,1,NO,101,97,198,95.32,88.91,184.23,-11.5,204
1992,10-Jan,,Fri,Milwaukee,20,30,50,24,23,0,47,97,YES,1,0,YES,Brooklyn,24,22,46,29,29,0,58,104,YES,0,1,NO,96,105,201,90.32,96.91,187.23,2.5,207.5
1992,10-Jan,,Fri,LAC,25,17,42,27,21,0,48,90,NO,1,0,NO,Philadelphia,27,30,57,19,26,0,45,102,YES,0,1,NO,99,93,192,93.32,84.91,178.23,-5.5,201
1992,10-Jan,,Fri,Utah,26,24,50,23,17,0,40,90,NO,1,0,NO,Chicago,25,23,48,30,27,0,57,105,NO,0,1,YES,98,97,195,92.32,88.91,181.23,-8.5,211
1992,10-Jan,,Fri,Portland,23,8,31,26,24,0,50,81,YES,2,0,NO,Detroit,22,24,46,20,20,0,40,86,NO,0,1,NO,77,90,167,71.32,81.91,153.23,-1.5,207
1992,10-Jan,,Fri,Houston,28,25,53,22,26,10,48,101,NO,1,0,YES,Miami,30,21,51,20,30,6,50,101,YES,0,1,NO,104,98,202,98.32,89.91,188.23,-2,203
1992,10-Jan,,Fri,Orlando,22,28,50,24,33,0,57,107,NO,1,1,NO,Phoenix,27,31,58,35,25,0,60,118,NO,0,1,NO,108,117,225,102.32,108.91,211.23,-19,224
1992,10-Jan,,Fri,Denver,19,22,41,26,21,0,47,88,NO,1,0,YES,LAL,32,28,60,20,22,0,42,102,NO,1,1,YES,101,89,190,95.32,80.91,176.23,-10.5,200.5
1992,10-Jan,,Fri,Oklahoma City,17,27,44,28,22,0,50,94,YES,1,0,NO,Dallas,18,21,39,26,17,0,43,82,YES,2,0,YES,83,93,176,77.32,84.91,162.23,4,194.5
1992,10-Jan,,Fri,San Antonio,26,36,62,39,27,0,66,128,YES,1,0,NO,Golden State,27,24,51,42,27,0,69,120,YES,0,5,NO,113,135,248,107.32,126.91,234.23,-4.5,219
1992,11-Jan,,Sat,Boston,32,27,59,25,12,0,37,96,YES,0,3,YES,New York,31,22,53,30,17,0,47,100,YES,2,2,YES,112,84,196,106.32,75.91,182.23,-12.5,197.5
1992,11-Jan,,Sat,Brooklyn,28,19,47,24,17,0,41,88,YES,0,2,YES,Detroit,26,25,51,24,15,0,39,90,NO,1,0,NO,98,80,178,92.32,71.91,164.23,-9,205.5
1992,11-Jan,,Sat,Philadelphia,32,23,55,26,21,0,47,102,YES,0,2,NO,Cleveland,35,24,59,33,16,0,49,108,NO,2,1,YES,114,96,210,108.32,87.91,196.23,-12,216
1992,11-Jan,,Sat,Miami,32,21,53,17,29,0,46,99,YES,0,3,YES,Chicago,24,32,56,27,25,0,52,108,NO,2,0,NO,109,98,207,103.32,89.91,193.23,-17.5,219
1992,11-Jan,,Sat,Atlanta,22,27,49,30,36,0,66,115,YES,1,2,YES,Indiana,23,38,61,36,41,0,77,138,YES,2,2,NO,110,143,253,104.32,134.91,239.23,-5.5,229
1992,11-Jan,,Sat,Sacramento,26,18,44,30,23,9,53,97,NO,1,1,NO,Milwaukee,22,35,57,21,19,8,40,97,YES,2,0,YES,101,93,194,95.32,84.91,180.23,-10.5,217.5
1992,11-Jan,,Sat,LAC,22,23,45,19,32,0,51,96,NO,0,1,YES,Washington,22,25,47,22,38,0,60,107,NO,2,1,NO,92,111,203,86.32,102.91,189.23,-6,200
1992,11-Jan,,Sat,San Antonio,33,20,53,14,29,0,43,96,NO,0,2,YES,Denver,22,17,39,24,22,0,46,85,NO,1,0,YES,92,89,181,86.32,80.91,167.23,5.5,195.5
1992,11-Jan,,Sat,Utah,23,22,45,23,28,0,51,96,NO,0,2,YES,Minnesota,23,32,55,20,26,0,46,101,YES,1,0,YES,100,97,197,94.32,88.91,183.23,6.5,195.5
1992,11-Jan,,Sat,Oklahoma City,28,27,55,25,35,0,60,115,NO,0,1,NO,Houston,33,34,67,24,28,0,52,119,NO,2,0,YES,122,112,234,116.32,103.91,220.23,-4.5,190.5
1992,11-Jan,,Sat,Portland,27,39,66,19,30,0,49,115,NO,0,2,NO,New Orleans,24,20,44,22,27,0,49,93,YES,2,1,NO,110,98,208,104.32,89.91,194.23,7.5,220
1992,11-Jan,,Sat,Golden State,27,38,65,30,23,0,53,118,YES,0,2,NO,Phoenix,38,33,71,33,26,0,59,130,NO,1,0,NO,136,112,248,130.32,103.91,234.23,-9,242.5
1992,12-Jan,,Sun,Orlando,28,28,56,18,25,0,43,99,NO,1,1,YES,LAL,28,18,46,28,38,0,66,112,NO,2,1,NO,102,109,211,96.32,100.91,197.23,-12,198.5
1992,13-Jan,,Mon,Dallas,17,23,40,23,18,0,41,81,YES,2,0,NO,Detroit,24,17,41,20,23,0,43,84,YES,1,1,NO,81,84,165,75.32,75.91,151.23,-12.5,194.5
1992,13-Jan,,Mon,Sacramento,27,27,54,26,29,0,55,109,NO,1,1,YES,Denver,30,27,57,30,24,0,54,111,YES,0,1,NO,111,109,220,105.32,100.91,206.23,-5.5,206.5
1992,13-Jan,,Mon,Minnesota,21,23,44,23,44,0,67,111,YES,1,0,NO,Phoenix,29,28,57,40,34,0,74,131,YES,1,1,NO,101,141,242,95.32,132.91,228.23,-15,218
1992,13-Jan,,Mon,Oklahoma City,22,28,50,26,18,0,44,94,NO,1,0,YES,LAC,21,23,44,28,26,0,54,98,YES,2,1,YES,94,98,192,88.32,89.91,178.23,-3,0
1992,14-Jan,,Tue,Dallas,28,18,46,16,26,0,42,88,NO,0,1,YES,Brooklyn,26,21,47,24,26,0,50,97,YES,0,2,YES,93,92,185,87.32,83.91,171.23,-8,197.5
1992,14-Jan,,Tue,New York,22,32,54,32,29,0,61,115,YES,2,0,YES,Orlando,25,26,51,26,34,0,60,111,YES,2,1,YES,105,121,226,99.32,112.91,212.23,8,195
1992,14-Jan,,Tue,Philadelphia,21,25,46,19,15,0,34,80,NO,2,2,NO,Chicago,32,24,56,19,28,0,47,103,YES,1,2,NO,102,81,183,96.32,72.91,169.23,-12,211
1992,14-Jan,,Tue,Portland,31,26,57,33,31,0,64,121,NO,2,0,NO,Cleveland,29,26,55,24,35,0,59,114,NO,1,2,NO,112,123,235,106.32,114.91,221.23,-5.5,215.5
1992,14-Jan,,Tue,Indiana,25,34,59,20,26,13,46,105,YES,2,0,YES,Washington,21,28,49,30,26,22,56,105,NO,1,2,NO,108,102,210,102.32,93.91,196.23,-1.5,225
1992,14-Jan,,Tue,Milwaukee,16,24,40,22,26,0,48,88,YES,2,0,NO,Atlanta,23,25,48,22,23,0,45,93,YES,1,2,YES,88,93,181,82.32,84.91,167.23,-3.5,217
1992,14-Jan,,Tue,Denver,18,21,39,24,31,0,55,94,YES,0,1,NO,Houston,26,29,55,25,31,0,56,111,NO,1,2,NO,94,111,205,88.32,102.91,191.23,-14,202.5
1992,14-Jan,,Tue,Minnesota,29,28,57,23,30,0,53,110,NO,0,1,YES,Utah,28,31,59,26,31,0,57,116,NO,1,2,YES,116,110,226,110.32,101.91,212.23,-17.5,209.5
1992,14-Jan,,Tue,New Orleans,41,28,69,19,20,9,39,108,YES,2,0,NO,Oklahoma City,27,27,54,30,24,8,54,108,NO,1,0,YES,123,93,216,117.32,84.91,202.23,-8.5,217.5
1992,14-Jan,,Tue,Golden State,39,23,62,41,21,0,62,124,NO,2,1,NO,San Antonio,25,36,61,29,33,0,62,123,YES,1,2,YES,123,124,247,117.32,115.91,233.23,-6.5,224.5
1992,15-Jan,,Wed,Brooklyn,32,29,61,25,44,0,69,130,YES,0,2,NO,Boston,30,32,62,33,25,0,58,120,NO,1,3,YES,123,127,250,117.32,118.91,236.23,-5,206.5
1992,15-Jan,,Wed,Portland,22,21,43,27,26,0,53,96,NO,0,1,YES,New York,33,20,53,22,16,0,38,91,YES,1,0,YES,96,91,187,90.32,82.91,173.23,-2,206.5
1992,15-Jan,,Wed,Detroit,32,19,51,36,31,0,67,118,YES,1,3,YES,Indiana,20,22,42,30,32,0,62,104,NO,1,0,YES,93,129,222,87.32,120.91,208.23,0,215
1992,15-Jan,,Wed,Milwaukee,29,25,54,28,33,0,61,115,NO,0,1,YES,Miami,28,30,58,33,43,0,76,134,YES,0,3,YES,112,137,249,106.32,128.91,235.23,-1.5,208
1992,15-Jan,,Wed,New Orleans,14,31,45,18,30,0,48,93,NO,0,1,NO,LAL,27,28,55,16,24,0,40,95,YES,2,2,NO,100,88,188,94.32,79.91,174.23,-12.5,211
1992,15-Jan,,Wed,Phoenix,28,26,54,36,38,0,74,128,YES,1,1,YES,Sacramento,23,31,54,28,29,0,57,111,YES,1,1,YES,108,131,239,102.32,122.91,225.23,5.5,223
1992,16-Jan,,Thu,Chicago,27,20,47,28,25,0,53,100,YES,1,0,YES,Cleveland,19,24,43,26,16,0,42,85,NO,1,1,NO,90,95,185,84.32,86.91,171.23,1,215.5
1992,16-Jan,,Thu,Atlanta,33,31,64,23,24,0,47,111,YES,1,0,NO,Utah,28,32,60,31,25,0,56,116,NO,1,1,NO,124,103,227,118.32,94.91,213.23,-10.5,220.5
1992,16-Jan,,Thu,Miami,21,26,47,26,29,0,55,102,YES,0,1,NO,Washington,19,27,46,22,26,0,48,94,NO,1,1,NO,93,103,196,87.32,94.91,182.23,-6,214
1992,16-Jan,,Thu,Denver,25,19,44,24,33,0,57,101,NO,1,2,YES,Dallas,19,18,37,29,24,0,53,90,NO,1,1,YES,81,110,191,75.32,101.91,177.23,-5,191.5
1992,16-Jan,,Thu,San Antonio,38,17,55,33,37,0,70,125,YES,1,0,NO,Minnesota,24,31,55,18,38,0,56,111,NO,1,1,YES,110,126,236,104.32,117.91,222.23,6,194
1992,16-Jan,,Thu,LAC,21,36,57,23,18,0,41,98,YES,2,0,YES,Oklahoma City,30,20,50,22,29,0,51,101,NO,1,1,NO,107,92,199,101.32,83.91,185.23,-6.5,197
1992,16-Jan,,Thu,Golden State,16,32,48,22,28,0,50,98,NO,1,1,NO,Houston,29,26,55,19,17,0,36,91,YES,1,1,NO,103,86,189,97.32,77.91,175.23,-2,228.5
1992,17-Jan,,Fri,Philadelphia,25,24,49,21,25,0,46,95,NO,2,0,NO,Boston,26,23,49,24,25,0,49,98,NO,1,1,NO,98,95,193,92.32,86.91,179.23,-2.5,211
1992,17-Jan,,Fri,New York,25,16,41,19,25,0,44,85,YES,1,0,NO,Milwaukee,23,23,46,19,25,0,44,90,NO,1,1,YES,87,88,175,81.32,79.91,161.23,-3,203
1992,17-Jan,,Fri,San Antonio,27,27,54,19,23,0,42,96,NO,0,1,NO,Chicago,22,23,45,34,23,0,57,102,YES,1,0,YES,99,99,198,93.32,90.91,184.23,-9,203
1992,17-Jan,,Fri,Orlando,31,21,52,31,44,0,75,127,YES,2,1,NO,Indiana,32,34,66,20,34,0,54,120,NO,0,1,NO,118,129,247,112.32,120.91,233.23,-12,228.5
1992,17-Jan,,Fri,Atlanta,23,28,51,25,23,8,48,99,NO,0,1,NO,LAC,20,33,53,25,21,12,46,99,YES,3,0,YES,104,94,198,98.32,85.91,184.23,-1.5,202
1992,17-Jan,,Fri,New Orleans,29,25,54,23,27,0,50,104,NO,1,0,NO,Portland,37,30,67,29,24,0,53,120,YES,1,1,YES,121,103,224,115.32,94.91,210.23,-15.5,222
1992,17-Jan,,Fri,Sacramento,29,23,52,23,19,0,42,94,YES,1,0,YES,Phoenix,36,36,72,29,33,0,62,134,NO,1,1,YES,124,104,228,118.32,95.91,214.23,-15.5,233.5
1992,18-Jan,,Sat,Brooklyn,24,29,53,38,21,0,59,112,NO,2,3,YES,Minnesota,33,23,56,18,26,0,44,100,YES,1,1,NO,109,103,212,103.32,94.91,198.23,-1,204.5
1992,18-Jan,,Sat,New York,36,20,56,20,30,0,50,106,NO,0,1,YES,Cleveland,27,25,52,26,30,0,56,108,NO,1,1,NO,108,106,214,102.32,97.91,200.23,-9,204.5
1992,18-Jan,,Sat,Philadelphia,24,22,46,30,29,0,59,105,NO,0,1,YES,Washington,31,29,60,25,16,0,41,101,YES,1,1,NO,106,100,206,100.32,91.91,192.23,-1.5,204.5
1992,18-Jan,,Sat,Miami,24,28,52,29,22,0,51,103,NO,1,1,YES,Indiana,27,35,62,33,32,0,65,127,YES,1,0,NO,114,116,230,108.32,107.91,216.23,-7,0
1992,18-Jan,,Sat,LAL,25,38,63,22,23,0,45,108,YES,2,1,YES,Oklahoma City,29,29,58,26,28,0,54,112,YES,1,1,NO,121,99,220,115.32,90.91,206.23,-3,194
1992,18-Jan,,Sat,Houston,22,18,40,20,20,0,40,80,YES,1,2,YES,Utah,34,18,52,24,32,0,56,108,NO,3,1,NO,92,96,188,86.32,87.91,174.23,-9.5,207
1992,18-Jan,,Sat,Golden State,35,34,69,36,38,0,74,143,NO,1,1,YES,Dallas,32,29,61,35,45,0,80,141,NO,3,1,NO,130,154,284,124.32,145.91,270.23,7.5,216
1992,18-Jan,,Sat,New Orleans,26,23,49,28,36,0,64,113,NO,0,1,NO,Sacramento,35,24,59,29,31,0,60,119,NO,2,0,YES,108,124,232,102.32,115.91,218.23,-6,222.5
1992,19-Jan,,Sun,San Antonio,22,23,45,22,22,0,44,89,NO,1,1,YES,Boston,23,16,39,37,22,0,59,98,YES,0,1,NO,84,103,187,78.32,94.91,173.23,2.5,203
1992,19-Jan,,Sun,Chicago,20,24,44,24,19,0,43,87,YES,1,1,YES,Detroit,31,14,45,20,20,0,40,85,YES,3,3,YES,89,83,172,83.32,74.91,158.23,3,195
1992,19-Jan,,Sun,Orlando,19,29,48,28,22,0,50,98,NO,1,1,YES,Milwaukee,23,21,44,27,37,0,64,108,YES,1,1,NO,92,114,206,86.32,105.91,192.23,-10.5,214
1992,19-Jan,,Sun,Atlanta,38,24,62,31,26,0,57,119,NO,1,1,NO,Denver,20,26,46,24,23,0,47,93,YES,1,2,YES,108,104,212,102.32,95.91,198.23,0,208.5
1992,19-Jan,,Sun,Portland,26,35,61,33,23,11,56,117,YES,1,1,YES,Phoenix,34,25,59,28,30,15,58,117,YES,1,1,NO,120,114,234,114.32,105.91,220.23,-5.5,231
1992,20-Jan,,Mon,Boston,18,35,53,30,24,0,54,107,YES,0,1,YES,Cleveland,30,21,51,25,26,0,51,102,NO,1,1,NO,104,105,209,98.32,96.91,195.23,-10.5,212.5
1992,20-Jan,,Mon,Indiana,26,24,50,28,19,0,47,97,YES,1,1,NO,New York,21,31,52,30,23,0,53,105,YES,1,1,YES,102,100,202,96.32,91.91,188.23,-7,215
1992,20-Jan,,Mon,Washington,22,26,48,26,17,0,43,91,YES,1,1,NO,Philadelphia,26,25,51,28,20,0,48,99,NO,1,1,YES,99,91,190,93.32,82.91,176.23,-6,204.5
1992,20-Jan,,Mon,Minnesota,27,29,56,22,28,0,50,106,YES,1,0,NO,Miami,25,27,52,35,34,0,69,121,NO,1,1,YES,108,119,227,102.32,110.91,213.23,-7.5,212.5
1992,20-Jan,,Mon,Oklahoma City,27,24,51,22,37,0,59,110,YES,1,0,YES,LAL,28,30,58,27,31,0,58,116,YES,0,1,YES,109,117,226,103.32,108.91,212.23,-5.5,195.5
1992,20-Jan,,Mon,New Orleans,32,26,58,34,27,0,61,119,NO,1,1,YES,Golden State,40,30,70,31,34,0,65,135,NO,1,1,YES,128,126,254,122.32,117.91,240.23,-14,244.5
1992,21-Jan,,Tue,Phoenix,33,25,58,19,25,0,44,102,YES,1,0,NO,Chicago,26,27,53,26,29,0,55,108,YES,0,1,YES,111,99,210,105.32,90.91,196.23,-7.5,219
1992,21-Jan,,Tue,Milwaukee,25,22,47,35,25,0,60,107,YES,1,0,NO,Houston,26,33,59,25,33,0,58,117,NO,1,2,YES,106,118,224,100.32,109.91,210.23,-4,199.5
1992,21-Jan,,Tue,Atlanta,31,33,64,28,36,0,64,128,NO,1,0,NO,Oklahoma City,31,24,55,25,39,0,64,119,NO,1,0,YES,119,128,247,113.32,119.91,233.23,-2.5,221.5
1992,21-Jan,,Tue,Minnesota,24,13,37,30,25,0,55,92,NO,0,1,YES,Orlando,25,28,53,26,26,0,52,105,YES,0,1,YES,90,107,197,84.32,98.91,183.23,-3.5,211
1992,21-Jan,,Tue,Denver,19,20,39,23,23,0,46,85,YES,1,1,YES,Sacramento,20,23,43,34,17,0,51,94,NO,1,2,NO,82,97,179,76.32,88.91,165.23,-7,216
1992,21-Jan,,Tue,LAL,30,20,50,21,21,0,42,92,YES,0,1,NO,Portland,38,30,68,29,34,0,63,131,YES,1,1,YES,118,105,223,112.32,96.91,209.23,-11.5,208.5
1992,21-Jan,,Tue,LAC,25,21,46,29,25,0,54,100,YES,3,1,NO,San Antonio,31,29,60,32,22,0,54,114,YES,0,1,YES,106,108,214,100.32,99.91,200.23,-10,197
1992,22-Jan,,Wed,Orlando,18,34,52,19,24,0,43,95,YES,0,1,YES,Boston,22,21,43,31,33,0,64,107,NO,1,1,YES,95,107,202,89.32,98.91,188.23,-10.5,212.5
1992,22-Jan,,Wed,Phoenix,30,27,57,24,23,0,47,104,NO,0,1,NO,Brooklyn,25,25,50,31,25,0,56,106,NO,1,3,YES,107,103,210,101.32,94.91,196.23,2.5,218
1992,22-Jan,,Wed,New York,18,27,45,27,37,0,64,109,YES,1,1,NO,Philadelphia,28,30,58,28,33,0,61,119,NO,1,1,NO,103,125,228,97.32,116.91,214.23,-3,195.5
1992,22-Jan,,Wed,Chicago,34,26,60,22,33,0,55,115,YES,0,1,YES,New Orleans,30,32,62,25,25,0,50,112,NO,2,1,YES,122,105,227,116.32,96.91,213.23,10,216
1992,22-Jan,,Wed,Indiana,28,24,52,27,27,9,54,106,NO,1,1,YES,Cleveland,29,27,56,31,19,13,50,106,YES,1,1,NO,108,104,212,102.32,95.91,198.23,-7.5,226.5
1992,22-Jan,,Wed,Milwaukee,26,40,66,24,26,0,50,116,NO,0,1,NO,Dallas,30,25,55,24,39,0,63,118,YES,1,3,NO,121,113,234,115.32,104.91,220.23,2.5,197
1992,22-Jan,,Wed,Atlanta,32,30,62,26,36,0,62,124,NO,0,1,NO,Golden State,36,34,70,38,28,0,66,136,NO,1,1,NO,132,128,260,126.32,119.91,246.23,-10,247.5
1992,22-Jan,,Wed,Washington,19,27,46,22,44,0,66,112,NO,1,2,YES,Miami,32,25,57,37,31,0,68,125,YES,1,1,NO,103,134,237,97.32,125.91,223.23,-4.5,210.5
1992,22-Jan,,Wed,San Antonio,24,29,53,20,25,0,45,98,YES,0,1,YES,Utah,28,21,49,22,29,0,51,100,YES,0,3,NO,102,96,198,96.32,87.91,184.23,-8,206
1992,23-Jan,,Thu,Detroit,26,25,51,34,26,0,60,111,YES,3,0,NO,Minnesota,29,24,53,27,20,0,47,100,YES,0,1,YES,104,107,211,98.32,98.91,197.23,6,195
1992,23-Jan,,Thu,Utah,31,19,50,24,37,0,61,111,YES,0,1,NO,Denver,21,39,60,24,31,0,55,115,NO,1,1,YES,110,116,226,104.32,107.91,212.23,5,204
1992,23-Jan,,Thu,Portland,28,28,56,25,32,0,57,113,YES,1,0,YES,Oklahoma City,24,25,49,27,33,0,60,109,NO,1,1,NO,105,117,222,99.32,108.91,208.23,5,224
1992,23-Jan,,Thu,LAC,23,25,48,17,31,0,48,96,NO,1,1,YES,Houston,21,26,47,32,30,0,62,109,YES,1,1,NO,95,110,205,89.32,101.91,191.23,-6,197.5
1992,23-Jan,,Thu,LAL,33,24,57,24,27,0,51,108,NO,1,0,YES,Sacramento,26,32,58,21,26,0,47,105,YES,0,1,NO,115,98,213,109.32,89.91,199.23,-1,203
1992,24-Jan,,Fri,Phoenix,35,20,55,22,23,0,45,100,NO,1,0,NO,Boston,25,23,48,23,22,0,45,93,NO,1,1,NO,103,90,193,97.32,81.91,179.23,2.5,219
1992,24-Jan,,Fri,Miami,32,33,65,27,25,0,52,117,YES,1,0,YES,Brooklyn,30,41,71,27,25,0,52,123,YES,0,1,NO,136,104,240,130.32,95.91,226.23,-6.5,213.5
1992,24-Jan,,Fri,New York,37,31,68,20,26,0,46,114,NO,1,0,NO,Golden State,28,22,50,32,27,0,59,109,NO,3,1,NO,118,105,223,112.32,96.91,209.23,-7.5,232
1992,24-Jan,,Fri,Minnesota,26,18,44,26,16,0,42,86,YES,0,3,NO,Philadelphia,30,32,62,29,28,0,57,119,NO,0,1,NO,106,99,205,100.32,90.91,191.23,-12,208
1992,24-Jan,,Fri,Detroit,26,16,42,24,27,0,51,93,NO,0,1,NO,Chicago,24,27,51,35,31,0,66,117,NO,0,1,YES,93,117,210,87.32,108.91,196.23,-10,197
1992,24-Jan,,Fri,Cleveland,27,20,47,28,29,0,57,104,YES,1,0,NO,Indiana,32,24,56,24,22,0,46,102,YES,0,1,YES,103,103,206,97.32,94.91,192.23,-3,228
1992,24-Jan,,Fri,Milwaukee,24,21,45,25,16,0,41,86,NO,1,0,NO,San Antonio,24,36,60,30,25,0,55,115,NO,3,1,YES,105,96,201,99.32,87.91,187.23,-9,208
1992,24-Jan,,Fri,Atlanta,34,28,62,33,22,0,55,117,NO,1,3,YES,Portland,40,31,71,23,31,0,54,125,YES,3,0,YES,133,109,242,127.32,100.91,228.23,-11,231
1992,24-Jan,,Fri,Dallas,14,23,37,31,35,0,66,103,YES,1,0,NO,Orlando,26,31,57,30,34,0,64,121,NO,0,1,YES,94,130,224,88.32,121.91,210.23,-4.5,203
1992,24-Jan,,Fri,Sacramento,24,27,51,21,20,0,41,92,YES,0,3,YES,LAL,24,24,48,26,21,0,47,95,NO,4,0,YES,99,88,187,93.32,79.91,173.23,-8,207.5
1992,25-Jan,,Sat,Brooklyn,23,24,47,25,22,0,47,94,YES,0,2,NO,Philadelphia,23,31,54,36,25,0,61,115,YES,2,0,NO,101,108,209,95.32,99.91,195.23,-6,0
1992,25-Jan,,Sat,New York,27,21,48,31,21,0,52,100,NO,0,1,NO,LAC,31,22,53,18,22,0,40,93,YES,5,1,YES,101,92,193,95.32,83.91,179.23,-3,193.5
1992,25-Jan,,Sat,Houston,19,22,41,28,31,0,59,100,YES,1,2,YES,Chicago,32,20,52,34,28,0,62,114,YES,2,0,NO,93,121,214,87.32,112.91,200.23,-10.5,198
1992,25-Jan,,Sat,Cleveland,30,15,45,25,26,0,51,96,NO,0,3,NO,Orlando,25,33,58,21,20,0,41,99,NO,2,0,NO,103,92,195,97.32,83.91,181.23,3.5,209.5
1992,25-Jan,,Sat,Indiana,27,30,57,28,20,0,48,105,YES,0,3,NO,New Orleans,36,24,60,23,24,0,47,107,NO,2,2,NO,117,95,212,111.32,86.91,198.23,-2.5,230
1992,25-Jan,,Sat,Milwaukee,31,22,53,24,17,6,41,94,NO,0,3,YES,Denver,26,19,45,26,23,13,49,94,NO,4,1,NO,98,90,188,92.32,81.91,174.23,-3.5,205
1992,25-Jan,,Sat,Dallas,20,27,47,31,23,0,54,101,NO,0,3,YES,Miami,29,26,55,25,23,0,48,103,NO,3,0,YES,102,102,204,96.32,93.91,190.23,-9.5,217
1992,25-Jan,,Sat,Phoenix,36,37,73,25,23,0,48,121,NO,0,3,YES,Washington,30,29,59,21,35,0,56,115,NO,2,2,YES,132,104,236,126.32,95.91,222.23,5,215.5
1992,25-Jan,,Sat,Utah,26,29,55,24,25,0,49,104,NO,1,1,YES,Oklahoma City,27,27,54,24,25,0,49,103,YES,2,1,NO,109,98,207,103.32,89.91,193.23,2.5,215
1992,26-Jan,,Sun,Detroit,26,19,45,30,16,0,46,91,NO,1,1,NO,Boston,25,26,51,27,28,0,55,106,YES,1,1,NO,96,101,197,90.32,92.91,183.23,-1,201
1992,27-Jan,,Mon,New York,25,25,50,29,18,0,47,97,NO,1,1,YES,Utah,21,26,47,21,12,0,33,80,NO,1,1,YES,97,80,177,91.32,71.91,163.23,-7.5,204
1992,28-Jan,,Tue,Boston,28,22,50,22,26,0,48,98,YES,1,2,NO,Washington,32,21,53,20,14,0,34,87,YES,0,2,NO,103,82,185,97.32,73.91,171.23,0,206.5
1992,28-Jan,,Tue,Brooklyn,27,34,61,26,31,0,57,118,NO,2,0,NO,Sacramento,34,37,71,25,28,0,53,124,YES,0,3,YES,132,110,242,126.32,101.91,228.23,-1.5,217
1992,28-Jan,,Tue,Philadelphia,31,26,57,33,19,0,52,109,YES,2,0,YES,Atlanta,27,27,54,26,30,0,56,110,YES,0,3,YES,111,108,219,105.32,99.91,205.23,-3.5,218.5
1992,28-Jan,,Tue,Chicago,23,23,46,28,30,0,58,104,YES,2,1,NO,San Antonio,31,24,55,23,31,0,54,109,YES,0,3,NO,101,112,213,95.32,103.91,199.23,2.5,205
1992,28-Jan,,Tue,Detroit,17,22,39,22,27,12,49,88,NO,1,0,YES,New Orleans,18,23,41,26,21,7,47,88,NO,2,2,NO,80,96,176,74.32,87.91,162.23,4.5,212.5
1992,28-Jan,,Tue,Oklahoma City,32,22,54,23,25,0,48,102,YES,2,0,NO,Orlando,24,24,48,28,21,0,49,97,YES,1,2,NO,102,97,199,96.32,88.91,185.23,1.5,208.5
1992,28-Jan,,Tue,Minnesota,28,27,55,20,27,0,47,102,NO,3,2,NO,Houston,16,32,48,24,39,0,63,111,NO,1,2,YES,103,110,213,97.32,101.91,199.23,-11.5,202.5
1992,28-Jan,,Tue,Portland,22,32,54,25,27,18,52,106,YES,3,2,YES,Golden State,26,30,56,26,24,10,50,106,YES,0,3,NO,110,102,212,104.32,93.91,198.23,-1,244
1992,29-Jan,,Wed,Brooklyn,26,23,49,19,27,0,46,95,NO,0,1,NO,Phoenix,43,29,72,39,17,0,56,128,YES,1,3,YES,121,102,223,115.32,93.91,209.23,-15,232.5
1992,29-Jan,,Wed,Washington,30,14,44,21,24,0,45,89,YES,0,1,YES,New York,34,20,54,23,24,0,47,101,YES,1,1,YES,98,92,190,92.32,83.91,176.23,-11,199.5
1992,29-Jan,,Wed,Indiana,32,29,61,26,28,0,54,115,NO,3,1,YES,Philadelphia,23,21,44,24,22,0,46,90,NO,1,0,YES,105,100,205,99.32,91.91,191.23,-6,223
1992,29-Jan,,Wed,Cleveland,27,21,48,25,22,0,47,95,NO,3,0,YES,Detroit,25,23,48,25,17,0,42,90,NO,1,0,YES,96,89,185,90.32,80.91,171.23,-3.5,195
1992,29-Jan,,Wed,Atlanta,28,29,57,26,27,0,53,110,YES,0,1,NO,Milwaukee,25,30,55,26,19,0,45,100,NO,1,3,YES,112,98,210,106.32,89.91,196.23,-9.5,210.5
1992,29-Jan,,Wed,Oklahoma City,33,32,65,22,27,0,49,114,NO,0,1,NO,Miami,32,32,64,28,27,0,55,119,YES,1,3,NO,129,104,233,123.32,95.91,219.23,-4.5,218.5
1992,29-Jan,,Wed,Sacramento,25,27,52,30,23,0,53,105,YES,0,1,YES,Utah,27,46,73,27,24,0,51,124,NO,1,1,NO,125,104,229,119.32,95.91,215.23,-15.5,219.5
1992,29-Jan,,Wed,Golden State,30,22,52,27,20,0,47,99,YES,0,1,YES,LAL,29,24,53,31,28,0,59,112,YES,0,4,NO,105,106,211,99.32,97.91,197.23,-3.5,219
1992,29-Jan,,Wed,San Antonio,27,22,49,37,22,0,59,108,YES,0,1,YES,Dallas,19,23,42,16,35,0,51,93,NO,1,3,YES,91,110,201,85.32,101.91,187.23,5.5,197
1992,30-Jan,,Thu,Chicago,25,33,58,27,17,0,44,102,NO,1,0,NO,Houston,31,34,65,24,16,0,40,105,YES,1,1,NO,123,84,207,117.32,75.91,193.23,6,205.5
1992,30-Jan,,Thu,Orlando,18,22,40,34,24,0,58,98,YES,1,0,NO,Cleveland,28,30,58,27,30,0,57,115,NO,2,0,YES,98,115,213,92.32,106.91,199.23,-10.5,208.5
1992,30-Jan,,Thu,LAL,29,23,52,24,30,0,54,106,YES,0,2,YES,Denver,23,23,46,25,25,0,50,96,YES,0,4,NO,98,104,202,92.32,95.91,188.23,0,195.5
1992,31-Jan,,Fri,Boston,29,25,54,20,26,0,46,100,NO,2,0,NO,Milwaukee,31,25,56,21,25,0,46,102,NO,1,1,NO,110,92,202,104.32,83.91,188.23,-3,200.5
1992,31-Jan,,Fri,Brooklyn,28,28,56,28,24,0,52,108,NO,1,0,NO,Portland,28,34,62,31,20,0,51,113,NO,1,2,YES,118,103,221,112.32,94.91,207.23,-14.5,224
1992,31-Jan,,Fri,New York,35,33,68,23,17,17,40,108,YES,1,1,YES,Washington,26,25,51,33,24,6,57,108,NO,1,1,YES,119,97,216,113.32,88.91,202.23,4.5,197.5
1992,31-Jan,,Fri,Orlando,24,10,34,21,33,0,54,88,NO,0,1,NO,Philadelphia,20,39,59,33,20,0,53,112,NO,0,1,NO,93,107,200,87.32,98.91,186.23,-12.5,212.5
1992,31-Jan,,Fri,Chicago,27,31,58,19,30,0,49,107,NO,0,1,NO,Dallas,28,21,49,18,25,0,43,92,NO,0,1,NO,107,92,199,101.32,83.91,185.23,10.5,203.5
1992,31-Jan,,Fri,Miami,22,26,48,24,26,0,50,98,YES,1,1,YES,Detroit,21,24,45,35,29,0,64,109,YES,0,1,NO,93,114,207,87.32,105.91,193.23,-9,204.5
1992,31-Jan,,Fri,Atlanta,21,26,47,22,30,7,52,99,NO,1,0,YES,Indiana,26,36,62,15,22,16,37,99,YES,1,1,YES,109,89,198,103.32,80.91,184.23,-7.5,226.5
1992,31-Jan,,Fri,Denver,27,33,60,14,29,0,43,103,YES,0,1,YES,Golden State,26,34,60,33,31,0,64,124,YES,1,1,YES,120,107,227,114.32,98.91,213.23,-15.5,231
1992,31-Jan,,Fri,Minnesota,24,28,52,22,27,0,49,101,NO,2,1,NO,San Antonio,26,20,46,25,32,0,57,103,NO,3,1,YES,98,106,204,92.32,97.91,190.23,-15,211
1992,31-Jan,,Fri,Oklahoma City,32,28,60,25,37,0,62,122,NO,1,1,NO,New Orleans,33,29,62,23,20,0,43,105,YES,1,2,NO,122,105,227,116.32,96.91,213.23,1.5,219.5
1992,31-Jan,,Fri,Phoenix,25,34,59,21,26,10,47,106,YES,1,0,YES,Utah,25,28,53,28,25,11,53,106,YES,0,1,NO,112,100,212,106.32,91.91,198.23,-3,219.5
1992,31-Jan,,Fri,LAC,20,29,49,34,26,0,60,109,YES,5,0,YES,Sacramento,29,31,60,21,31,0,52,112,YES,1,1,YES,109,112,221,103.32,103.91,207.23,-2,208.5
1992,1-Feb,,Sat,Boston,32,21,53,28,29,0,57,110,NO,0,3,YES,Philadelphia,20,33,53,33,40,0,73,126,NO,3,0,NO,106,130,236,100.32,121.91,222.23,-6.5,201.5
1992,1-Feb,,Sat,Brooklyn,22,23,45,21,22,0,43,88,NO,0,3,YES,LAC,24,21,45,33,21,0,54,99,NO,2,0,YES,90,97,187,84.32,88.91,173.23,-6,205
1992,1-Feb,,Sat,Detroit,19,26,45,24,20,0,44,89,YES,0,3,YES,Atlanta,22,21,43,21,16,0,37,80,NO,1,0,YES,88,81,169,82.32,72.91,155.23,3,200.5
1992,1-Feb,,Sat,Utah,20,24,44,32,28,0,60,104,YES,0,1,YES,Dallas,17,24,41,21,28,0,49,90,YES,1,0,NO,85,109,194,79.32,100.91,180.23,7.5,201
1992,1-Feb,,Sat,Houston,21,21,42,20,30,0,50,92,YES,1,1,YES,Phoenix,30,26,56,21,29,0,50,106,NO,1,0,YES,98,100,198,92.32,91.91,184.23,-9,219
1992,2-Feb,,Sun,Golden State,30,29,59,32,29,0,61,120,YES,1,0,NO,New York,31,35,66,21,26,0,47,113,NO,1,1,YES,125,108,233,119.32,99.91,219.23,-3.5,219.5
1992,2-Feb,,Sun,Chicago,27,19,46,26,31,0,57,103,NO,1,0,NO,LAL,18,24,42,33,22,0,55,97,YES,0,2,YES,88,112,200,82.32,103.91,186.23,6.5,198
1992,2-Feb,,Sun,Minnesota,27,22,49,23,23,0,46,95,NO,1,0,YES,Cleveland,28,28,56,25,25,0,50,106,YES,2,2,NO,105,96,201,99.32,87.91,187.23,-13.5,214
1992,2-Feb,,Sun,Indiana,22,35,57,34,37,0,71,128,YES,1,0,NO,Denver,30,26,56,28,38,0,66,122,YES,0,1,YES,113,137,250,107.32,128.91,236.23,1,216.5
1992,2-Feb,,Sun,Oklahoma City,23,29,52,21,33,0,54,106,NO,1,0,NO,Milwaukee,29,23,52,38,32,0,70,122,YES,2,1,NO,104,124,228,98.32,115.91,214.23,-4,211.5
1992,2-Feb,,Sun,New Orleans,27,25,52,17,31,0,48,100,YES,1,1,YES,Miami,22,38,60,30,28,0,58,118,YES,1,1,YES,112,106,218,106.32,97.91,204.23,-8.5,228
1992,2-Feb,,Sun,Orlando,24,28,52,25,27,0,52,104,NO,1,0,YES,Washington,32,24,56,26,32,0,58,114,YES,1,1,NO,108,110,218,102.32,101.91,204.23,-6,209.5
1992,2-Feb,,Sun,Sacramento,37,25,62,24,21,0,45,107,YES,1,0,YES,Portland,42,43,85,27,35,0,62,147,YES,1,1,NO,147,107,254,141.32,98.91,240.23,-15.5,227
1992,3-Feb,,Mon,Chicago,31,18,49,20,20,34,40,89,NO,0,1,NO,Utah,25,27,52,23,14,37,37,89,YES,1,1,YES,101,77,178,95.32,68.91,164.23,-1,206.5
1992,3-Feb,,Mon,Indiana,19,30,49,26,36,0,62,111,NO,0,2,NO,Houston,29,33,62,30,30,0,60,122,YES,1,1,YES,111,122,233,105.32,113.91,219.23,-7.5,219
1992,3-Feb,,Mon,Oklahoma City,22,32,54,31,27,0,58,112,NO,0,1,NO,Atlanta,27,35,62,30,18,0,48,110,NO,2,1,NO,116,106,222,110.32,97.91,208.23,-4,215
1992,3-Feb,,Mon,Golden State,30,29,59,40,23,0,63,122,NO,0,1,NO,Orlando,30,29,59,28,27,0,55,114,YES,1,0,YES,118,118,236,112.32,109.91,222.23,7,230
1992,3-Feb,,Mon,Denver,32,20,52,31,16,0,47,99,YES,0,2,NO,Minnesota,36,35,71,20,23,0,43,114,NO,1,0,YES,123,90,213,117.32,81.91,199.23,-6,201
1992,3-Feb,,Mon,LAL,29,27,56,26,22,0,48,104,YES,0,1,YES,Phoenix,31,25,56,33,24,0,57,113,NO,1,1,NO,112,105,217,106.32,96.91,203.23,-12.5,216
1992,3-Feb,,Mon,Dallas,20,26,46,20,29,0,49,95,YES,1,0,NO,Sacramento,18,27,45,19,35,0,54,99,NO,1,0,YES,91,103,194,85.32,94.91,180.23,-7.5,214
1992,4-Feb,,Tue,Miami,29,14,43,26,22,0,48,91,YES,1,0,YES,New York,30,32,62,34,26,0,60,122,NO,1,1,NO,105,108,213,99.32,99.91,199.23,-10,207.5
1992,4-Feb,,Tue,Washington,30,21,51,22,26,0,48,99,YES,1,1,YES,New Orleans,25,34,59,28,28,0,56,115,NO,1,1,YES,110,104,214,104.32,95.91,200.23,-2.5,220.5
1992,4-Feb,,Tue,Portland,20,25,45,24,19,0,43,88,YES,1,1,NO,San Antonio,26,16,42,22,31,0,53,95,NO,1,3,NO,87,96,183,81.32,87.91,169.23,-2,215.5
1992,4-Feb,,Tue,Dallas,27,13,40,21,19,0,40,80,NO,0,1,YES,LAC,20,18,38,34,25,0,59,97,YES,0,2,NO,78,99,177,72.32,90.91,163.23,-11.5,194
1992,5-Feb,,Wed,Houston,23,24,47,14,24,0,38,85,YES,1,0,NO,Boston,21,22,43,27,28,0,55,98,YES,5,3,YES,90,93,183,84.32,84.91,169.23,-5,203
1992,5-Feb,,Wed,Oklahoma City,25,33,58,18,19,0,37,95,NO,1,5,YES,Brooklyn,30,19,49,16,20,0,36,85,YES,0,3,YES,107,73,180,101.32,64.91,166.23,-3,219.5
1992,5-Feb,,Wed,Cleveland,27,26,53,26,23,8,49,102,YES,2,0,YES,Philadelphia,27,23,50,24,28,6,52,102,YES,5,3,NO,103,101,204,97.32,92.91,190.23,-3,209.5
1992,5-Feb,,Wed,Chicago,27,27,54,34,26,0,60,114,NO,1,5,YES,Phoenix,31,29,60,36,30,0,66,126,NO,6,1,NO,114,126,240,108.32,117.91,226.23,-7.5,213
1992,5-Feb,,Wed,Milwaukee,20,18,38,29,27,0,56,94,YES,2,0,YES,Detroit,22,21,43,31,28,0,59,102,YES,0,3,YES,81,115,196,75.32,106.91,182.23,-8,194.5
1992,5-Feb,,Wed,Golden State,40,29,69,18,37,0,55,124,NO,1,0,NO,Miami,36,28,64,27,35,0,62,126,NO,5,0,YES,133,117,250,127.32,108.91,236.23,4.5,240
1992,5-Feb,,Wed,Orlando,24,23,47,31,31,0,62,109,YES,1,0,NO,Minnesota,28,22,50,33,19,0,52,102,NO,5,1,NO,97,114,211,91.32,105.91,197.23,-6,205.5
1992,5-Feb,,Wed,Utah,18,26,44,26,28,0,54,98,YES,1,5,YES,Sacramento,22,24,46,21,33,0,54,100,NO,6,1,NO,90,108,198,84.32,99.91,184.23,4,217.5
1992,5-Feb,,Wed,LAC,29,15,44,22,29,0,51,95,YES,0,6,YES,LAL,20,24,44,27,29,0,56,100,YES,5,1,YES,88,107,195,82.32,98.91,181.23,-7,0
1992,6-Feb,,Thu,Brooklyn,30,21,51,18,39,0,57,108,YES,0,4,NO,Washington,33,33,66,31,27,0,58,124,YES,4,1,YES,117,115,232,111.32,106.91,218.23,-5,209
1992,6-Feb,,Thu,Houston,16,25,41,24,20,0,44,85,NO,0,4,NO,New York,30,22,52,19,31,0,50,102,YES,5,1,NO,93,94,187,87.32,85.91,173.23,-10,197
1992,6-Feb,,Thu,Detroit,21,29,50,27,35,0,62,112,YES,0,4,NO,Cleveland,29,8,37,28,30,0,58,95,YES,4,0,YES,87,120,207,81.32,111.91,193.23,-5,196.5
1992,6-Feb,,Thu,Indiana,29,26,55,29,33,0,62,117,NO,2,4,NO,San Antonio,25,35,60,23,23,0,46,106,NO,4,1,NO,115,108,223,109.32,99.91,209.23,-10.5,221.5
1992,6-Feb,,Thu,Denver,32,16,48,28,21,0,49,97,NO,2,4,NO,Milwaukee,22,23,45,29,32,0,61,106,NO,4,0,YES,93,110,203,87.32,101.91,189.23,-11,209
1992,6-Feb,,Thu,Orlando,22,23,45,30,37,0,67,112,NO,0,4,YES,Atlanta,32,31,63,25,35,0,60,123,NO,4,2,NO,108,127,235,102.32,118.91,221.23,-10.5,212
1992,6-Feb,,Thu,Portland,34,23,57,21,25,0,46,103,NO,1,4,YES,Dallas,21,19,40,29,29,0,58,98,NO,5,1,YES,97,104,201,91.32,95.91,187.23,12,201.5
1992,6-Feb,,Thu,Golden State,29,24,53,31,29,0,60,113,NO,0,4,YES,New Orleans,44,30,74,27,31,0,58,132,YES,4,1,NO,127,118,245,121.32,109.91,231.23,4.5,239.5
1992,11-Feb,,Tue,Boston,19,21,40,21,23,0,44,84,YES,5,0,NO,San Antonio,28,22,50,24,26,0,50,100,YES,1,4,NO,90,94,184,84.32,85.91,170.23,-8.5,204
1992,11-Feb,,Tue,Brooklyn,26,37,63,31,19,0,50,113,NO,4,0,NO,Chicago,37,26,63,30,40,0,70,133,YES,1,5,YES,126,120,246,120.32,111.91,232.23,-17,216
1992,11-Feb,,Tue,Philadelphia,38,42,80,16,18,0,34,114,YES,5,0,YES,Miami,22,27,49,26,27,0,53,102,NO,1,5,NO,129,87,216,123.32,78.91,202.23,-2.5,217
1992,11-Feb,,Tue,Cleveland,24,33,57,28,24,0,52,109,YES,4,0,NO,Utah,29,29,58,24,29,0,53,111,NO,1,5,YES,115,105,220,109.32,96.91,206.23,-5.5,206
1992,11-Feb,,Tue,Detroit,26,24,50,22,15,0,37,87,NO,4,4,NO,Milwaukee,28,19,47,29,28,0,57,104,NO,1,4,NO,97,94,191,91.32,85.91,177.23,0,197
1992,11-Feb,,Tue,Indiana,24,22,46,30,24,0,54,100,NO,4,0,YES,Orlando,24,28,52,23,23,0,46,98,NO,2,4,YES,98,100,198,92.32,91.91,184.23,3,225
1992,11-Feb,,Tue,New Orleans,28,23,51,34,28,0,62,113,YES,4,1,NO,Atlanta,28,20,48,36,24,0,60,108,YES,1,4,NO,99,122,221,93.32,113.91,207.23,-8,226.5
1992,11-Feb,,Tue,Washington,34,35,69,29,29,0,58,127,YES,4,0,NO,Golden State,33,44,77,31,31,0,62,139,NO,1,4,YES,146,120,266,140.32,111.91,252.23,-12.5,238.5
1992,11-Feb,,Tue,Denver,33,29,62,27,23,0,50,112,NO,4,0,YES,Portland,25,32,57,37,27,0,64,121,YES,0,4,YES,119,114,233,113.32,105.91,219.23,-18.5,219
1992,11-Feb,,Tue,LAL,31,25,56,31,29,0,60,116,YES,5,1,NO,Minnesota,28,28,56,23,29,0,52,108,NO,3,5,NO,112,112,224,106.32,103.91,210.23,4,195.5
1992,11-Feb,,Tue,Houston,28,19,47,32,20,0,52,99,NO,4,0,NO,Oklahoma City,22,32,54,17,34,0,51,105,NO,2,5,YES,101,103,204,95.32,94.91,190.23,-5,209
1992,12-Feb,,Wed,Boston,26,27,53,13,34,0,47,100,NO,0,1,NO,Dallas,28,31,59,24,25,0,49,108,YES,1,5,NO,112,96,208,106.32,87.91,194.23,5.5,196
1992,12-Feb,,Wed,Brooklyn,24,27,51,23,28,0,51,102,NO,0,1,YES,Philadelphia,21,23,44,29,14,0,43,87,YES,1,0,YES,95,94,189,89.32,85.91,175.23,-9,212.5
1992,12-Feb,,Wed,New York,34,21,55,25,31,0,56,111,YES,5,0,YES,Indiana,35,23,58,20,26,0,46,104,NO,1,0,YES,113,102,215,107.32,93.91,201.23,-1,0
1992,12-Feb,,Wed,Cleveland,20,28,48,23,31,0,54,102,NO,0,2,YES,Denver,24,26,50,32,26,0,58,108,NO,1,0,YES,98,112,210,92.32,103.91,196.23,5.5,209
1992,12-Feb,,Wed,Washington,27,29,56,21,20,0,41,97,NO,0,1,NO,Sacramento,21,33,54,20,24,0,44,98,NO,1,6,NO,110,85,195,104.32,76.91,181.23,-5,219
1992,12-Feb,,Wed,Portland,31,23,54,26,27,0,53,107,YES,0,1,NO,Phoenix,20,26,46,27,24,0,51,97,YES,1,6,NO,100,104,204,94.32,95.91,190.23,-4.5,228.5
1992,12-Feb,,Wed,Houston,17,30,47,29,19,0,48,95,NO,0,1,YES,LAC,29,24,53,21,23,0,44,97,NO,1,6,YES,100,92,192,94.32,83.91,178.23,-3.5,193
1992,13-Feb,,Thu,Chicago,31,30,61,21,24,0,45,106,YES,1,1,YES,New York,22,27,49,17,19,0,36,85,YES,1,0,YES,110,81,191,104.32,72.91,177.23,3.5,200.5
1992,13-Feb,,Thu,New Orleans,22,33,55,31,32,0,63,118,NO,1,2,YES,Milwaukee,31,23,54,30,43,0,73,127,YES,0,1,NO,109,136,245,103.32,127.91,231.23,-9.5,219.5
1992,13-Feb,,Thu,Atlanta,26,38,64,29,26,0,55,119,YES,1,0,NO,Miami,25,30,55,37,29,0,66,121,YES,2,1,NO,119,121,240,113.32,112.91,226.23,-6,219.5
1992,13-Feb,,Thu,LAL,27,27,54,23,14,0,37,91,NO,1,0,YES,Utah,25,31,56,18,23,0,41,97,NO,1,1,NO,110,78,188,104.32,69.91,174.23,-8,202
1992,13-Feb,,Thu,San Antonio,28,26,54,18,22,0,40,94,YES,1,0,NO,Golden State,26,25,51,33,25,0,58,109,NO,1,1,NO,105,98,203,99.32,89.91,189.23,-3,233
1992,14-Feb,,Fri,Boston,16,34,50,21,28,0,49,99,NO,1,1,NO,Houston,36,31,67,21,17,0,38,105,YES,0,1,YES,117,87,204,111.32,78.91,190.23,-4.5,199.5
1992,14-Feb,,Fri,Philadelphia,25,30,55,24,20,0,44,99,YES,1,1,YES,Brooklyn,33,16,49,28,30,0,58,107,YES,0,1,YES,104,102,206,98.32,93.91,192.23,2.5,205
1992,14-Feb,,Fri,Milwaukee,31,25,56,14,30,0,44,100,YES,0,1,NO,Indiana,24,30,54,27,26,0,53,107,YES,0,1,NO,110,97,207,104.32,88.91,193.23,-7,223.5
1992,14-Feb,,Fri,Atlanta,32,23,55,35,22,0,57,112,NO,0,2,NO,Orlando,24,35,59,30,18,0,48,107,NO,1,2,NO,114,105,219,108.32,96.91,205.23,-2.5,214.5
1992,14-Feb,,Fri,Washington,24,31,55,28,25,0,53,108,NO,1,0,NO,LAL,25,24,49,16,27,0,43,92,NO,1,0,YES,104,96,200,98.32,87.91,186.23,-7,0
1992,14-Feb,,Fri,Dallas,21,22,43,21,21,0,42,85,YES,1,0,YES,Denver,26,35,61,25,19,0,44,105,YES,0,1,NO,104,86,190,98.32,77.91,176.23,-6,198
1992,14-Feb,,Fri,San Antonio,20,29,49,17,25,0,42,91,NO,0,1,NO,Oklahoma City,26,26,52,26,30,0,56,108,YES,0,2,NO,101,98,199,95.32,89.91,185.23,-1.5,206
1992,14-Feb,,Fri,Portland,35,14,49,32,26,0,58,107,NO,1,1,YES,Sacramento,29,27,56,24,26,0,50,106,NO,1,1,NO,105,108,213,99.32,99.91,199.23,6.5,218.5
1992,14-Feb,,Fri,Phoenix,25,29,54,26,17,0,43,97,YES,1,0,YES,LAC,21,26,47,27,30,0,57,104,YES,1,1,NO,101,100,201,95.32,91.91,187.23,4,205.5
1992,15-Feb,,Sat,Brooklyn,18,30,48,22,22,0,44,92,YES,0,3,YES,Cleveland,38,22,60,37,31,0,68,128,YES,1,2,YES,108,112,220,102.32,103.91,206.23,-12.5,217.5
1992,15-Feb,,Sat,New York,32,25,57,24,17,0,41,98,YES,1,1,NO,Chicago,30,27,57,23,19,0,42,99,NO,1,1,YES,114,83,197,108.32,74.91,183.23,-10.5,203
1992,15-Feb,,Sat,Indiana,30,24,54,28,35,0,63,117,YES,0,1,YES,Minnesota,24,29,53,22,26,0,48,101,YES,1,3,NO,107,111,218,101.32,102.91,204.23,2,217.5
1992,15-Feb,,Sat,Washington,29,23,52,21,25,0,46,98,NO,0,1,YES,Phoenix,32,33,65,28,31,0,59,124,YES,1,0,YES,117,105,222,111.32,96.91,208.23,-13,221
1992,15-Feb,,Sat,Denver,32,20,52,17,24,0,41,93,YES,0,3,NO,Utah,28,26,54,24,28,0,52,106,NO,1,1,NO,106,93,199,100.32,84.91,185.23,-17,214
1992,15-Feb,,Sat,Oklahoma City,28,36,64,34,24,0,58,122,YES,0,1,YES,Golden State,41,28,69,40,31,0,71,140,NO,1,1,NO,133,129,262,127.32,120.91,248.23,-9.5,239.5
1992,15-Feb,,Sat,Houston,30,20,50,22,27,0,49,99,YES,0,1,YES,Dallas,21,26,47,21,35,0,56,103,NO,2,0,YES,97,105,202,91.32,96.91,188.23,5,191
1992,16-Feb,,Sun,Boston,30,33,63,24,27,0,51,114,NO,1,0,NO,LAL,21,26,47,31,29,0,60,107,YES,0,1,NO,110,111,221,104.32,102.91,207.23,-6,199
1992,16-Feb,,Sun,Detroit,21,15,36,27,27,0,54,90,NO,4,1,YES,Philadelphia,18,18,36,21,26,0,47,83,YES,1,1,YES,72,101,173,66.32,92.91,159.23,-3.5,195
1992,16-Feb,,Sun,Milwaukee,16,26,42,33,29,0,62,104,NO,1,1,YES,Orlando,25,30,55,33,30,0,63,118,YES,1,1,NO,97,125,222,91.32,116.91,208.23,3,206
1992,16-Feb,,Sun,Miami,18,25,43,32,34,0,66,109,YES,2,0,YES,New Orleans,40,22,62,29,35,0,64,126,YES,0,2,YES,105,130,235,99.32,121.91,221.23,-3.5,227.5
1992,16-Feb,,Sun,LAC,14,29,43,29,35,0,64,107,YES,1,0,YES,Portland,26,27,53,29,24,0,53,106,NO,1,1,YES,96,117,213,90.32,108.91,199.23,-13,214.5
1992,16-Feb,,Sun,San Antonio,23,27,50,31,31,0,62,112,NO,1,0,NO,Sacramento,20,30,50,28,28,0,56,106,YES,1,1,NO,100,118,218,94.32,109.91,204.23,6.5,203.5
1992,17-Feb,,Mon,Boston,22,23,45,27,11,0,38,83,NO,0,1,NO,Utah,20,28,48,14,26,0,40,88,NO,1,1,NO,93,78,171,87.32,69.91,157.23,-10,209
1992,17-Feb,,Mon,New York,23,29,52,28,24,0,52,104,NO,1,0,YES,Miami,20,36,56,30,16,0,46,102,YES,2,0,YES,108,98,206,102.32,89.91,192.23,3.5,212.5
1992,17-Feb,,Mon,Cleveland,25,34,59,29,25,0,54,113,YES,1,0,NO,Chicago,27,33,60,30,22,0,52,112,YES,1,1,NO,119,106,225,113.32,97.91,211.23,-8,208
1992,17-Feb,,Mon,New Orleans,30,29,59,32,26,0,58,117,YES,0,1,YES,Indiana,32,36,68,30,30,0,60,128,NO,1,1,YES,127,118,245,121.32,109.91,231.23,-10,235
1992,17-Feb,,Mon,Atlanta,34,33,67,21,29,0,50,117,NO,2,1,YES,Washington,35,28,63,19,28,0,47,110,YES,1,1,YES,130,97,227,124.32,88.91,213.23,-3.5,216
1992,17-Feb,,Mon,Minnesota,29,24,53,22,37,12,59,112,YES,1,1,NO,Houston,35,26,61,27,24,10,51,112,NO,2,1,YES,114,110,224,108.32,101.91,210.23,-9.5,205
1992,17-Feb,,Mon,Phoenix,34,25,59,19,18,0,37,96,YES,1,0,NO,Oklahoma City,25,24,49,26,23,0,49,98,NO,2,1,YES,108,86,194,102.32,77.91,180.23,0,219.5
1992,17-Feb,,Mon,LAL,26,25,51,25,24,0,49,100,YES,0,1,NO,Golden State,30,35,65,18,33,0,51,116,NO,1,1,NO,116,100,216,110.32,91.91,202.23,-10.5,227.5
1992,17-Feb,,Mon,San Antonio,34,23,57,34,19,0,53,110,NO,0,1,YES,LAC,29,32,61,26,37,0,63,124,NO,1,0,YES,118,116,234,112.32,107.91,220.23,1.5,192
1992,18-Feb,,Tue,Sacramento,25,26,51,26,20,0,46,97,YES,1,0,NO,New York,25,29,54,27,29,0,56,110,NO,1,0,YES,105,102,207,99.32,93.91,193.23,-11.5,0
1992,18-Feb,,Tue,Philadelphia,24,22,46,31,17,0,48,94,YES,1,1,NO,Dallas,33,23,56,23,11,0,34,90,YES,0,2,NO,102,82,184,96.32,73.91,170.23,4.5,198
1992,18-Feb,,Tue,Cleveland,27,29,56,24,36,0,60,116,NO,0,1,NO,Milwaukee,29,28,57,33,38,0,71,128,NO,1,1,YES,113,131,244,107.32,122.91,230.23,-2.5,211
1992,18-Feb,,Tue,Orlando,27,16,43,27,25,0,52,95,YES,1,0,YES,Detroit,28,32,60,34,23,0,57,117,YES,0,1,YES,103,109,212,97.32,100.91,198.23,-12.5,199.5
1992,18-Feb,,Tue,Phoenix,32,19,51,33,32,0,65,116,NO,0,2,NO,Portland,28,36,64,30,35,0,65,129,YES,2,1,NO,115,130,245,109.32,121.91,231.23,-6.5,218
1992,19-Feb,,Wed,Boston,24,30,54,28,30,0,58,112,NO,1,1,YES,Golden State,30,31,61,28,28,0,56,117,NO,1,1,NO,115,114,229,109.32,105.91,215.23,-8,234
1992,19-Feb,,Wed,Detroit,25,23,48,29,25,0,54,102,YES,0,1,NO,Brooklyn,25,26,51,31,24,0,55,106,NO,1,3,YES,99,109,208,93.32,100.91,194.23,1.5,196
1992,19-Feb,,Wed,Chicago,20,37,57,25,30,0,55,112,YES,1,1,NO,Orlando,30,14,44,24,31,0,55,99,NO,1,0,YES,101,110,211,95.32,101.91,197.23,12.5,210.5
1992,19-Feb,,Wed,Sacramento,25,21,46,33,36,0,69,115,NO,0,1,NO,Indiana,37,27,64,28,37,0,65,129,YES,1,1,NO,110,134,244,104.32,125.91,230.23,-12.5,230
1992,19-Feb,,Wed,Washington,28,29,57,20,18,8,38,95,YES,1,1,YES,Atlanta,27,21,48,22,25,7,47,95,NO,1,1,YES,105,85,190,99.32,76.91,176.23,-7,220
1992,19-Feb,,Wed,Denver,32,26,58,22,24,0,46,104,NO,3,1,NO,New Orleans,24,26,50,34,22,0,56,106,YES,1,1,YES,108,102,210,102.32,93.91,196.23,-7,219.5
1992,19-Feb,,Wed,Minnesota,25,31,56,23,24,0,47,103,NO,1,1,NO,San Antonio,32,25,57,24,32,0,56,113,NO,1,1,YES,113,103,216,107.32,94.91,202.23,-12,209
1992,19-Feb,,Wed,Dallas,22,23,45,25,26,0,51,96,YES,0,1,YES,Utah,21,30,51,35,32,0,67,118,NO,1,1,NO,96,118,214,90.32,109.91,200.23,-17,203.5
1992,19-Feb,,Wed,LAL,21,21,42,23,29,0,52,94,NO,1,0,NO,LAC,30,33,63,38,24,0,62,125,NO,1,1,NO,105,114,219,99.32,105.91,205.23,-5.5,196.5
1992,20-Feb,,Thu,Cleveland,22,19,41,25,26,0,51,92,NO,1,0,YES,New York,24,23,47,24,18,0,42,89,NO,1,1,NO,88,93,181,82.32,84.91,167.23,-3.5,207.5
1992,20-Feb,,Thu,Philadelphia,23,28,51,31,19,0,50,101,NO,1,0,NO,Houston,38,25,63,25,22,0,47,110,YES,0,2,NO,114,97,211,108.32,88.91,197.23,-6.5,206.5
1992,20-Feb,,Thu,Miami,27,23,50,28,33,0,61,111,YES,2,1,YES,Milwaukee,32,26,58,23,28,0,51,109,YES,2,1,NO,108,112,220,102.32,103.91,206.23,-9,223
1992,20-Feb,,Thu,LAL,29,28,57,20,26,0,46,103,NO,0,1,YES,Oklahoma City,30,19,49,28,28,0,56,105,NO,1,2,NO,106,102,208,100.32,93.91,194.23,-10,205.5
1992,21-Feb,,Fri,New Orleans,27,35,62,20,28,0,48,110,YES,1,0,YES,Boston,33,26,59,31,23,0,54,113,YES,1,1,YES,121,102,223,115.32,93.91,209.23,-9,223.5
1992,21-Feb,,Fri,Indiana,21,27,48,25,28,0,53,101,YES,1,1,YES,Brooklyn,27,24,51,34,20,0,54,105,YES,0,1,NO,99,107,206,93.32,98.91,192.23,-1.5,223.5
1992,21-Feb,,Fri,Philadelphia,25,33,58,16,16,0,32,90,NO,0,2,YES,San Antonio,32,29,61,23,16,0,39,100,YES,1,1,NO,119,71,190,113.32,62.91,176.23,-9.5,203
1992,21-Feb,,Fri,Chicago,24,22,46,26,31,0,57,103,NO,1,0,YES,Atlanta,20,27,47,20,21,0,41,88,NO,0,1,NO,93,98,191,87.32,89.91,177.23,8,217
1992,21-Feb,,Fri,Sacramento,14,30,44,24,34,0,58,102,NO,1,1,NO,Cleveland,37,25,62,28,29,0,57,119,NO,1,0,YES,106,115,221,100.32,106.91,207.23,-12.5,222.5
1992,21-Feb,,Fri,Detroit,25,31,56,29,29,0,58,114,NO,1,0,NO,Orlando,19,21,40,29,31,0,60,100,YES,0,1,NO,96,118,214,90.32,109.91,200.23,5.5,202
1992,21-Feb,,Fri,Denver,21,23,44,26,36,0,62,106,NO,1,0,NO,Washington,26,21,47,30,22,0,52,99,NO,1,1,YES,91,114,205,85.32,105.91,191.23,-5,211
1992,21-Feb,,Fri,Minnesota,19,20,39,27,28,0,55,94,NO,1,0,NO,Dallas,23,21,44,36,29,0,65,109,NO,2,1,YES,83,120,203,77.32,111.91,189.23,-2,200.5
1992,21-Feb,,Fri,Portland,27,24,51,35,37,0,72,123,YES,2,0,NO,LAC,20,23,43,42,31,0,73,116,YES,0,1,NO,94,145,239,88.32,136.91,225.23,3.5,213.5
1992,21-Feb,,Fri,Houston,24,19,43,26,28,0,54,97,YES,0,1,YES,Utah,32,32,64,31,29,0,60,124,YES,2,1,NO,107,114,221,101.32,105.91,207.23,-10,202.5
1992,21-Feb,,Fri,Phoenix,30,25,55,29,31,0,60,115,NO,2,0,YES,Golden State,23,28,51,36,36,0,72,123,YES,0,1,NO,106,132,238,100.32,123.91,224.23,-3,243
1992,22-Feb,,Sat,Brooklyn,28,26,54,33,20,0,53,107,YES,0,2,YES,Atlanta,37,25,62,31,26,0,57,119,NO,1,0,NO,116,110,226,110.32,101.91,212.23,-5,217
1992,22-Feb,,Sat,Denver,27,24,51,13,23,0,36,87,NO,0,1,NO,New York,18,34,52,28,18,0,46,98,YES,1,1,NO,103,82,185,97.32,73.91,171.23,-14,200.5
1992,22-Feb,,Sat,Minnesota,12,28,40,24,26,0,50,90,NO,0,1,YES,Chicago,28,23,51,27,27,0,54,105,YES,2,0,YES,91,104,195,85.32,95.91,181.23,-17.5,212
1992,22-Feb,,Sat,Detroit,25,12,37,27,34,0,61,98,NO,0,2,YES,Miami,24,22,46,34,27,0,61,107,YES,2,1,YES,83,122,205,77.32,113.91,191.23,-1,209
1992,22-Feb,,Sat,Orlando,31,22,53,27,30,0,57,110,YES,0,3,YES,New Orleans,26,40,66,35,29,0,64,130,NO,2,0,YES,119,121,240,113.32,112.91,226.23,-8,223.5
1992,22-Feb,,Sat,Portland,18,28,46,25,33,0,58,104,NO,0,1,YES,Oklahoma City,28,17,45,31,37,0,68,113,YES,1,1,NO,91,126,217,85.32,117.91,203.23,2.5,216
1992,22-Feb,,Sat,Golden State,28,37,65,41,20,0,61,126,YES,0,1,NO,LAL,33,40,73,26,25,0,51,124,NO,3,1,YES,138,112,250,132.32,103.91,236.23,-2,220.5
1992,22-Feb,,Sat,LAC,37,18,55,28,29,0,57,112,YES,0,2,YES,Phoenix,34,33,67,29,34,0,63,130,NO,1,0,YES,122,120,242,116.32,111.91,228.23,-10.5,222.5
1992,23-Feb,,Sun,Boston,29,22,51,27,17,0,44,95,YES,1,1,NO,Indiana,26,31,57,18,27,0,45,102,YES,2,1,YES,108,89,197,102.32,80.91,183.23,-5,223.5
1992,23-Feb,,Sun,Milwaukee,18,24,42,29,18,0,47,89,YES,2,1,NO,Cleveland,27,34,61,20,22,0,42,103,YES,2,1,NO,103,89,192,97.32,80.91,178.23,-10.5,218.5
1992,23-Feb,,Sun,Sacramento,35,35,70,26,28,0,54,124,NO,1,0,NO,Washington,38,28,66,21,30,0,51,117,YES,2,1,NO,136,105,241,130.32,96.91,227.23,-6.5,219.5
1992,23-Feb,,Sun,San Antonio,16,22,38,26,19,0,45,83,YES,1,1,YES,Houston,25,24,49,23,18,0,41,90,NO,2,1,YES,87,86,173,81.32,77.91,159.23,-2,201
1992,24-Feb,,Mon,New York,32,22,54,20,21,0,41,95,YES,1,1,NO,Phoenix,36,22,58,23,23,0,46,104,NO,1,1,NO,112,87,199,106.32,78.91,185.23,-7.5,214.5
1992,24-Feb,,Mon,Sacramento,22,28,50,18,28,0,46,96,NO,0,2,YES,Philadelphia,29,27,56,20,32,0,52,108,YES,1,2,YES,106,98,204,100.32,89.91,190.23,-11.5,216
1992,24-Feb,,Mon,Denver,17,28,45,19,31,0,50,95,NO,1,1,YES,Atlanta,34,28,62,29,26,0,55,117,NO,3,1,NO,107,105,212,101.32,96.91,198.23,-7,208.5
1992,24-Feb,,Mon,Oklahoma City,28,21,49,22,35,0,57,106,YES,1,2,NO,Minnesota,22,25,47,16,28,0,44,91,NO,1,1,YES,96,101,197,90.32,92.91,183.23,4,211.5
1992,24-Feb,,Mon,Utah,20,27,47,20,40,0,60,107,YES,2,0,NO,Portland,19,31,50,26,34,0,60,110,YES,2,1,YES,97,120,217,91.32,111.91,203.23,-8.5,216.5
1992,24-Feb,,Mon,Golden State,39,34,73,31,34,0,65,138,NO,1,1,NO,Dallas,39,30,69,25,37,0,62,131,YES,1,2,NO,142,127,269,136.32,118.91,255.23,7.5,229
1992,25-Feb,,Tue,Boston,20,20,40,30,25,0,55,95,NO,1,0,YES,Brooklyn,30,23,53,31,25,0,56,109,NO,1,2,YES,93,111,204,87.32,102.91,190.23,-1,206.5
1992,25-Feb,,Tue,Chicago,30,27,57,26,23,0,49,106,YES,2,0,YES,Detroit,31,25,56,27,25,0,52,108,NO,1,2,YES,113,101,214,107.32,92.91,200.23,3.5,194
1992,25-Feb,,Tue,Milwaukee,30,21,51,15,16,0,31,82,NO,1,1,NO,New Orleans,25,25,50,21,23,0,44,94,NO,1,2,NO,101,75,176,95.32,66.91,162.23,-3,220
1992,25-Feb,,Tue,Miami,25,33,58,17,26,0,43,101,YES,2,0,NO,San Antonio,29,37,66,23,34,0,57,123,NO,1,1,YES,124,100,224,118.32,91.91,210.23,-10.5,212
1992,25-Feb,,Tue,Utah,24,20,44,31,31,0,62,106,NO,0,1,YES,LAC,24,29,53,28,20,0,48,101,NO,2,2,YES,97,110,207,91.32,101.91,193.23,-3,209.5
1992,26-Feb,,Wed,Indiana,21,29,50,21,38,0,59,109,YES,2,1,YES,Boston,38,27,65,37,28,0,65,130,YES,1,0,YES,115,124,239,109.32,115.91,225.23,-4.5,216.5
1992,26-Feb,,Wed,New York,14,20,34,12,22,0,34,68,NO,1,0,NO,LAL,22,21,43,22,16,0,38,81,NO,1,3,NO,77,72,149,71.32,63.91,135.23,-1,196
1992,26-Feb,,Wed,Philadelphia,21,19,40,26,23,0,49,89,YES,1,0,NO,Orlando,32,21,53,23,19,0,42,95,YES,1,3,YES,93,91,184,87.32,82.91,170.23,4,205
1992,26-Feb,,Wed,Washington,22,25,47,26,30,0,56,103,YES,2,1,YES,Chicago,34,35,69,37,16,0,53,122,YES,1,0,YES,116,109,225,110.32,100.91,211.23,-14.5,210.5
1992,26-Feb,,Wed,Cleveland,26,22,48,24,28,0,52,100,YES,2,1,NO,Phoenix,24,26,50,21,32,0,53,103,YES,1,1,NO,98,105,203,92.32,96.91,189.23,-6,221
1992,26-Feb,,Wed,Miami,34,19,53,20,32,0,52,105,NO,0,1,NO,Denver,25,23,48,30,20,0,50,98,NO,1,1,YES,101,102,203,95.32,93.91,189.23,-6,213.5
1992,26-Feb,,Wed,Dallas,25,31,56,22,27,0,49,105,YES,1,1,YES,Minnesota,36,27,63,20,23,0,43,106,NO,5,1,NO,119,92,211,113.32,83.91,197.23,-3.5,204.5
1992,26-Feb,,Wed,Golden State,37,34,71,25,20,0,45,116,NO,1,0,NO,Houston,31,22,53,42,23,0,65,118,YES,1,2,NO,124,110,234,118.32,101.91,220.23,-1.5,231
1992,27-Feb,,Thu,Portland,22,26,48,18,30,0,48,96,YES,2,0,NO,Brooklyn,23,19,42,29,27,0,56,98,YES,1,1,NO,90,104,194,84.32,95.91,180.23,5.5,215
1992,27-Feb,,Thu,New York,26,29,55,20,26,8,46,101,NO,0,2,NO,Sacramento,24,34,58,23,20,9,43,101,NO,1,2,YES,113,89,202,107.32,80.91,188.23,4,201.5
1992,27-Feb,,Thu,Philadelphia,22,18,40,23,21,0,44,84,NO,0,1,NO,New Orleans,35,34,69,33,34,0,67,136,NO,1,1,NO,109,111,220,103.32,102.91,206.23,0,208
1992,27-Feb,,Thu,Milwaukee,21,17,38,26,33,0,59,97,NO,1,0,YES,Detroit,27,26,53,29,22,0,51,104,NO,1,1,NO,91,110,201,85.32,101.91,187.23,-9.5,194
1992,27-Feb,,Thu,Oklahoma City,24,33,57,34,19,20,53,110,NO,2,1,NO,Utah,24,37,61,30,19,14,49,110,YES,2,1,YES,118,102,220,112.32,93.91,206.23,-8.5,212
1992,27-Feb,,Thu,Golden State,31,22,53,23,27,0,50,103,NO,0,1,YES,San Antonio,22,34,56,28,40,0,68,124,NO,1,1,NO,109,118,227,103.32,109.91,213.23,-5,233
1992,28-Feb,,Fri,Boston,31,22,53,24,13,0,37,90,YES,1,1,YES,Atlanta,32,22,54,27,21,0,48,102,YES,1,3,NO,107,85,192,101.32,76.91,178.23,-2,213
1992,28-Feb,,Fri,Chicago,22,31,53,26,30,0,56,109,YES,1,1,YES,Milwaukee,32,26,58,25,22,0,47,105,NO,1,0,YES,111,103,214,105.32,94.91,200.23,7.5,210
1992,28-Feb,,Fri,Cleveland,32,18,50,27,24,0,51,101,NO,1,1,NO,LAL,27,21,48,21,21,0,42,90,NO,1,1,NO,98,93,191,92.32,84.91,177.23,1.5,199
1992,28-Feb,,Fri,Orlando,28,27,55,24,30,0,54,109,YES,1,1,YES,Indiana,25,31,56,28,30,0,58,114,YES,0,1,YES,111,112,223,105.32,103.91,209.23,-12.5,228
1992,28-Feb,,Fri,Miami,18,29,47,26,19,0,45,92,NO,1,0,NO,LAC,33,17,50,33,25,0,58,108,YES,1,2,NO,97,103,200,91.32,94.91,186.23,-8,221
1992,28-Feb,,Fri,Portland,26,22,48,38,31,0,69,117,NO,0,1,NO,Washington,24,26,50,21,25,0,46,96,NO,0,1,YES,98,115,213,92.32,106.91,199.23,6.5,216
1992,28-Feb,,Fri,Houston,23,24,47,20,17,0,37,84,YES,1,1,NO,Denver,15,12,27,27,27,0,54,81,YES,0,1,NO,74,91,165,68.32,82.91,151.23,1,198
1992,28-Feb,,Fri,Phoenix,30,24,54,26,27,0,53,107,YES,1,1,YES,Dallas,20,26,46,35,34,0,69,115,YES,1,1,YES,100,122,222,94.32,113.91,208.23,7.5,213
1992,Feb-29,,Sat,Brooklyn,26,21,47,24,28,0,52,99,YES,1,0,YES,Detroit,20,27,47,22,21,0,43,90,NO,1,1,NO,94,95,189,88.32,86.91,175.23,-10,198.5
1992,Feb-29,,Sat,Philadelphia,27,28,55,29,17,0,46,101,NO,1,3,YES,Washington,20,31,51,24,17,0,41,92,YES,1,0,NO,106,87,193,100.32,78.91,179.23,0,202.5
1992,Feb-29,,Sat,Indiana,28,32,60,23,36,0,59,119,YES,0,2,NO,New Orleans,36,30,66,28,27,0,55,121,YES,3,1,NO,126,114,240,120.32,105.91,226.23,-2.5,231.5
1992,Feb-29,,Sat,Miami,24,31,55,21,34,0,55,110,NO,0,2,YES,Golden State,34,33,67,29,40,0,69,136,YES,1,1,YES,122,124,246,116.32,115.91,232.23,-15,244.5
1992,Feb-29,,Sat,Denver,19,27,46,31,35,0,66,112,YES,0,2,NO,San Antonio,26,30,56,29,30,0,59,115,YES,2,1,NO,102,125,227,96.32,116.91,213.23,-15.5,202
1992,Feb-29,,Sat,Oklahoma City,26,27,53,22,35,0,57,110,NO,1,0,YES,Sacramento,31,33,64,27,24,0,51,115,NO,1,1,NO,117,108,225,111.32,99.91,211.23,2,216
1992,1-Mar,,Sun,Dallas,21,27,48,20,23,0,43,91,YES,1,1,NO,Boston,21,26,47,31,23,0,54,101,NO,2,1,YES,95,97,192,89.32,88.91,178.23,-14,213.5
1992,1-Mar,,Sun,New York,23,18,41,16,18,0,34,75,NO,2,1,YES,Brooklyn,21,25,46,20,24,0,44,90,YES,2,0,YES,87,78,165,81.32,69.91,151.23,2.5,195.5
1992,1-Mar,,Sun,Portland,23,17,40,27,24,0,51,91,NO,1,1,YES,Chicago,20,35,55,29,27,0,56,111,NO,1,1,YES,95,107,202,89.32,98.91,188.23,-5.5,212.5
1992,1-Mar,,Sun,Cleveland,27,25,52,31,24,0,55,107,NO,1,2,NO,Oklahoma City,30,26,56,25,32,0,57,113,NO,1,0,YES,108,112,220,102.32,103.91,206.23,1.5,211
1992,1-Mar,,Sun,Atlanta,25,20,45,30,27,4,57,102,YES,1,2,NO,Milwaukee,23,29,52,29,21,7,50,102,NO,2,1,NO,97,107,204,91.32,98.91,190.23,-5.5,213.5
1992,1-Mar,,Sun,LAC,24,29,53,26,22,0,48,101,YES,1,1,NO,Orlando,23,21,44,31,21,0,52,96,NO,1,1,YES,97,100,197,91.32,91.91,183.23,2,208
1992,1-Mar,,Sun,Utah,20,26,46,32,31,0,63,109,YES,2,1,NO,Phoenix,32,21,53,23,38,0,61,114,NO,1,1,YES,99,124,223,93.32,115.91,209.23,-6.5,218
1992,1-Mar,,Sun,Houston,25,24,49,35,21,0,56,105,NO,1,1,NO,LAL,26,15,41,27,29,0,56,97,YES,1,1,NO,90,112,202,84.32,103.91,188.23,-4,193.5
1992,2-Mar,,Mon,Washington,31,23,54,18,17,0,35,89,YES,1,0,NO,Detroit,21,24,45,28,26,0,54,99,NO,1,1,NO,99,89,188,93.32,80.91,174.23,-11,196
1992,2-Mar,,Mon,Golden State,38,21,59,28,31,0,59,118,YES,1,0,YES,Sacramento,25,27,52,20,26,0,46,98,NO,1,1,NO,111,105,216,105.32,96.91,202.23,4,243.5
1992,3-Mar,,Tue,Dallas,18,16,34,27,22,0,49,83,NO,1,1,NO,New York,27,28,55,24,23,0,47,102,NO,1,1,YES,89,96,185,83.32,87.91,171.23,-12.5,192.5
1992,3-Mar,,Tue,Indiana,13,35,48,29,26,0,55,103,NO,2,0,NO,Chicago,35,15,50,28,23,0,51,101,YES,1,1,NO,98,106,204,92.32,97.91,190.23,-13.5,224
1992,3-Mar,,Tue,LAC,28,27,55,32,30,0,62,117,NO,1,1,NO,Miami,28,30,58,26,32,0,58,116,YES,1,2,YES,113,120,233,107.32,111.91,219.23,-3,216.5
1992,3-Mar,,Tue,Washington,26,34,60,17,29,0,46,106,NO,0,1,YES,Orlando,33,24,57,20,16,0,36,93,YES,0,1,NO,117,82,199,111.32,73.91,185.23,-4,206.5
1992,3-Mar,,Tue,Denver,31,17,48,18,26,0,44,92,NO,2,0,YES,Oklahoma City,25,39,64,20,27,0,47,111,YES,1,1,NO,112,91,203,106.32,82.91,189.23,-11.5,210.5
1992,3-Mar,,Tue,San Antonio,32,26,58,22,23,0,45,103,YES,2,0,NO,Minnesota,31,16,47,25,30,0,55,102,NO,1,5,NO,105,100,205,99.32,91.91,191.23,7,201
1992,3-Mar,,Tue,LAL,24,24,48,30,23,0,53,101,YES,1,0,YES,Portland,26,27,53,28,24,0,52,105,YES,0,1,YES,101,105,206,95.32,96.91,192.23,-14,211
1992,3-Mar,,Tue,Utah,30,27,57,32,34,0,66,123,NO,1,0,YES,Golden State,18,22,40,37,24,0,61,101,NO,1,0,YES,97,127,224,91.32,118.91,210.23,-4.5,232
1992,3-Mar,,Tue,Houston,28,22,50,27,21,9,48,98,NO,1,1,YES,Phoenix,25,23,48,27,23,14,50,98,NO,1,1,NO,98,98,196,92.32,89.91,182.23,-9.5,215
1992,4-Mar,,Wed,Orlando,27,18,45,26,29,0,55,100,YES,0,1,NO,Boston,33,20,53,33,39,0,72,125,NO,1,2,NO,98,127,225,92.32,118.91,211.23,-15.5,216
1992,4-Mar,,Wed,Brooklyn,15,27,42,24,26,0,50,92,YES,2,1,NO,LAL,23,15,38,40,23,0,63,101,NO,3,0,YES,80,113,193,74.32,104.91,179.23,-2.5,196.5
1992,4-Mar,,Wed,Atlanta,34,23,57,25,20,0,45,102,NO,2,1,YES,Philadelphia,28,28,56,24,27,0,51,107,NO,1,3,YES,113,96,209,107.32,87.91,195.23,-7.5,208
1992,4-Mar,,Wed,Cleveland,28,28,56,26,27,0,53,109,NO,2,0,NO,Sacramento,24,37,61,27,20,0,47,108,YES,1,1,NO,117,100,217,111.32,91.91,203.23,5.5,215
1992,4-Mar,,Wed,Indiana,23,22,45,29,20,13,49,94,NO,0,1,NO,Detroit,27,22,49,22,23,16,45,94,YES,1,1,NO,94,94,188,88.32,85.91,174.23,-8.5,207.5
1992,4-Mar,,Wed,New Orleans,25,29,54,38,27,0,65,119,YES,3,2,NO,Milwaukee,36,35,71,17,22,0,39,110,NO,1,2,NO,125,104,229,119.32,95.91,215.23,-7.5,223.5
1992,4-Mar,,Wed,Portland,30,35,65,31,33,0,64,129,YES,0,1,YES,Denver,21,24,45,26,29,0,55,100,NO,1,0,YES,110,119,229,104.32,110.91,215.23,7,209.5
1992,4-Mar,,Wed,San Antonio,21,23,44,32,17,0,49,93,NO,0,2,YES,Utah,26,25,51,23,28,0,51,102,NO,1,0,YES,95,100,195,89.32,91.91,181.23,-6,199.5
1992,5-Mar,,Thu,LAC,24,32,56,24,11,0,35,91,NO,1,0,NO,New York,27,28,55,22,24,0,46,101,NO,1,1,NO,111,81,192,105.32,72.91,178.23,-6,195
1992,5-Mar,,Thu,Chicago,30,23,53,33,27,0,60,113,YES,1,0,YES,Minnesota,26,26,52,29,19,0,48,100,YES,1,1,NO,105,108,213,99.32,99.91,199.23,12,208
1992,5-Mar,,Thu,Cleveland,23,28,51,26,31,0,57,108,NO,0,1,NO,Golden State,24,29,53,34,29,0,63,116,NO,1,1,NO,104,120,224,98.32,111.91,210.23,-5.5,234.5
1992,5-Mar,,Thu,Miami,22,18,40,26,27,0,53,93,YES,1,0,NO,Houston,31,24,55,20,39,0,59,114,YES,1,1,YES,95,112,207,89.32,103.91,193.23,-11,210.5
1992,5-Mar,,Thu,Dallas,23,21,44,28,37,0,65,109,NO,1,0,NO,Washington,29,25,54,25,40,0,65,119,NO,1,1,YES,98,130,228,92.32,121.91,214.23,-4.5,202.5
1992,5-Mar,,Thu,Oklahoma City,28,29,57,23,25,0,48,105,YES,1,1,YES,Phoenix,25,28,53,37,28,0,65,118,YES,1,1,NO,110,113,223,104.32,104.91,209.23,-8.5,225
1992,6-Mar,,Fri,LAC,28,24,52,19,29,0,48,100,NO,0,1,YES,Boston,26,32,58,33,26,0,59,117,YES,1,1,NO,110,107,217,104.32,98.91,203.23,-9.5,215.5
1992,6-Mar,,Fri,Brooklyn,25,29,54,22,20,0,42,96,NO,1,0,NO,Utah,36,29,65,26,26,0,52,117,YES,1,1,NO,119,94,213,113.32,85.91,199.23,-10.5,210
1992,6-Mar,,Fri,Dallas,21,23,44,25,17,0,42,86,NO,0,1,YES,Philadelphia,21,21,42,23,23,0,46,88,NO,1,1,NO,86,88,174,80.32,79.91,160.23,-12,200
1992,6-Mar,,Fri,Miami,16,28,44,19,18,0,37,81,NO,0,1,YES,Chicago,38,27,65,31,27,0,58,123,YES,1,0,YES,109,95,204,103.32,86.91,190.23,-18.5,216.5
1992,6-Mar,,Fri,Detroit,24,19,43,37,26,0,63,106,YES,1,1,NO,Denver,21,19,40,24,27,0,51,91,NO,1,1,NO,83,114,197,77.32,105.91,183.23,4.5,194
1992,6-Mar,,Fri,Indiana,22,23,45,21,39,10,60,105,NO,1,0,YES,Atlanta,35,22,57,20,28,8,48,105,NO,0,1,YES,102,108,210,96.32,99.91,196.23,-2.5,225
1992,6-Mar,,Fri,Orlando,26,14,40,27,35,0,62,102,NO,1,1,YES,Milwaukee,31,31,62,31,31,0,62,124,YES,0,1,NO,102,124,226,96.32,115.91,212.23,-12,215.5
1992,6-Mar,,Fri,Sacramento,27,32,59,18,29,0,47,106,YES,1,1,YES,Portland,32,21,53,33,28,0,61,114,NO,1,1,YES,112,108,220,106.32,99.91,206.23,-16,231.5
1992,7-Mar,,Sat,Brooklyn,21,21,42,31,25,0,56,98,NO,0,2,NO,Oklahoma City,34,27,61,28,20,0,48,109,YES,0,1,YES,103,104,207,97.32,95.91,193.23,-10,214.5
1992,7-Mar,,Sat,New Orleans,16,27,43,13,22,0,35,78,NO,2,2,YES,New York,26,27,53,26,28,0,54,107,YES,1,1,NO,96,89,185,90.32,80.91,171.23,-10,209
1992,7-Mar,,Sat,Cleveland,30,24,54,23,33,0,56,110,NO,1,2,YES,Atlanta,24,23,47,27,20,0,47,94,YES,2,0,NO,101,103,204,95.32,94.91,190.23,3.5,213
1992,7-Mar,,Sat,Minnesota,20,22,42,27,28,0,55,97,YES,1,2,NO,Indiana,26,21,47,37,24,0,61,108,NO,2,0,YES,89,116,205,83.32,107.91,191.23,-9,219
1992,7-Mar,,Sat,Milwaukee,29,19,48,21,21,0,42,90,YES,0,2,YES,Washington,34,22,56,19,19,0,38,94,YES,0,1,NO,104,80,184,98.32,71.91,170.23,-2.5,212.5
1992,7-Mar,,Sat,Houston,33,17,50,26,24,0,50,100,YES,1,0,NO,Golden State,29,22,51,40,19,0,59,110,YES,0,1,NO,101,109,210,95.32,100.91,196.23,-8,228.5
1992,7-Mar,,Sat,Phoenix,25,22,47,30,32,0,62,109,YES,1,2,NO,San Antonio,32,35,67,35,20,0,55,122,YES,0,2,YES,114,117,231,108.32,108.91,217.23,-4,214
1992,8-Mar,,Sun,Boston,28,27,55,29,27,0,56,111,YES,1,1,NO,Orlando,21,22,43,28,22,0,50,93,NO,1,1,YES,98,106,204,92.32,97.91,190.23,8,208.5
1992,8-Mar,,Sun,Chicago,26,26,52,27,24,0,51,103,YES,1,2,YES,Philadelphia,27,30,57,29,13,0,42,99,NO,0,1,NO,109,93,202,103.32,84.91,188.23,7,201.5
1992,8-Mar,,Sun,Detroit,25,17,42,32,24,0,56,98,NO,1,1,NO,LAL,20,22,42,25,26,0,51,93,YES,1,3,NO,84,107,191,78.32,98.91,177.23,2.5,0
1992,8-Mar,,Sun,Washington,20,25,45,22,31,0,53,98,YES,0,1,NO,Miami,30,25,55,23,34,0,57,112,NO,1,1,YES,100,110,210,94.32,101.91,196.23,-6.5,212.5
1992,8-Mar,,Sun,Utah,25,22,47,29,36,0,65,112,YES,1,3,NO,Denver,12,22,34,26,28,0,54,88,YES,1,1,NO,81,119,200,75.32,110.91,186.23,10,204.5
1992,8-Mar,,Sun,Oklahoma City,29,23,52,24,21,0,45,97,YES,0,1,YES,Portland,26,32,58,25,26,0,51,109,YES,1,1,NO,110,96,206,104.32,87.91,192.23,-9,221.5
1992,8-Mar,,Sun,Golden State,25,20,45,34,17,0,51,96,YES,0,1,YES,LAC,22,27,49,24,24,0,48,97,YES,1,1,YES,94,99,193,88.32,90.91,179.23,-2.5,230.5
1992,8-Mar,,Sun,Houston,19,26,45,32,32,0,64,109,NO,0,1,YES,Sacramento,29,20,49,28,31,0,59,108,NO,1,1,YES,94,123,217,88.32,114.91,203.23,-1,203.5
1992,8-Mar,,Sun,San Antonio,26,22,48,20,25,0,45,93,YES,0,1,YES,Dallas,23,25,48,17,16,0,33,81,YES,1,1,YES,96,78,174,90.32,69.91,160.23,5,199
1992,9-Mar,,Mon,New York,27,32,59,28,24,0,52,111,YES,1,0,YES,Philadelphia,28,16,44,24,31,0,55,99,NO,1,0,NO,103,107,210,97.32,98.91,196.23,2,190.5
1992,10-Mar,,Tue,Boston,29,21,50,24,27,0,51,101,NO,1,0,NO,Miami,17,31,48,35,25,0,60,108,NO,2,1,NO,98,111,209,92.32,102.91,195.23,2.5,216.5
1992,10-Mar,,Tue,Brooklyn,30,35,65,25,32,0,57,122,NO,2,2,NO,Golden State,32,33,65,34,30,0,64,129,NO,1,1,YES,130,121,251,124.32,112.91,237.23,-12,230
1992,10-Mar,,Tue,LAL,25,30,55,27,24,0,51,106,YES,1,0,NO,New York,33,24,57,25,22,0,47,104,NO,3,0,YES,112,98,210,106.32,89.91,196.23,-10,189
1992,10-Mar,,Tue,Phoenix,24,30,54,18,28,0,46,100,NO,2,1,NO,Cleveland,31,15,46,22,34,0,56,102,NO,2,2,YES,100,102,202,94.32,93.91,188.23,-5.5,218.5
1992,10-Mar,,Tue,Detroit,24,26,50,25,23,0,48,98,NO,1,1,NO,Oklahoma City,22,22,44,28,20,0,48,92,YES,0,1,YES,94,96,190,88.32,87.91,176.23,-3,200
1992,10-Mar,,Tue,Washington,23,17,40,23,28,0,51,91,NO,1,2,YES,Indiana,22,29,51,23,27,0,50,101,YES,0,2,NO,91,101,192,85.32,92.91,178.23,-10,218.5
1992,10-Mar,,Tue,Portland,29,27,56,45,25,0,70,126,YES,1,0,NO,Milwaukee,18,26,44,28,40,0,68,112,NO,1,2,YES,100,138,238,94.32,129.91,224.23,4.5,214
1992,10-Mar,,Tue,Atlanta,16,32,48,22,22,0,44,92,YES,2,0,YES,San Antonio,22,23,45,29,29,0,58,103,NO,1,1,YES,93,102,195,87.32,93.91,181.23,-10,213.5
1992,10-Mar,,Tue,Denver,23,18,41,18,30,0,48,89,YES,1,2,NO,Orlando,19,17,36,18,28,0,46,82,NO,2,1,NO,77,94,171,71.32,85.91,157.23,-4,203.5
1992,10-Mar,,Tue,Minnesota,32,21,53,26,17,0,43,96,NO,2,0,YES,New Orleans,23,30,53,26,26,0,52,105,YES,0,2,YES,106,95,201,100.32,86.91,187.23,-9,215.5
1992,10-Mar,,Tue,LAC,31,31,62,30,28,0,58,120,YES,1,0,YES,Sacramento,31,23,54,22,33,0,55,109,NO,1,1,NO,116,113,229,110.32,104.91,215.23,1.5,212.5
1992,10-Mar,,Tue,Dallas,19,27,46,18,29,0,47,93,YES,1,0,YES,Houston,29,23,52,38,26,0,64,116,YES,1,1,YES,98,111,209,92.32,102.91,195.23,-12.5,197.5
1992,11-Mar,,Wed,Boston,13,24,37,17,31,0,48,85,NO,0,1,YES,Chicago,37,24,61,29,29,0,58,119,YES,2,2,YES,98,106,204,92.32,97.91,190.23,-12,211
1992,11-Mar,,Wed,Indiana,23,27,50,15,28,0,43,93,YES,0,1,NO,Philadelphia,36,27,63,22,26,0,48,111,NO,1,1,NO,113,91,204,107.32,82.91,190.23,-4,212
1992,11-Mar,,Wed,LAL,25,27,52,25,32,0,57,109,NO,0,1,NO,Atlanta,22,31,53,23,22,0,45,98,NO,1,0,YES,105,102,207,99.32,93.91,193.23,-5,202.5
1992,11-Mar,,Wed,Portland,40,25,65,29,30,0,59,124,NO,0,1,NO,Minnesota,29,25,54,34,25,0,59,113,YES,1,0,YES,119,118,237,113.32,109.91,223.23,10,211.5
1992,11-Mar,,Wed,Oklahoma City,23,23,46,28,30,0,58,104,YES,0,3,YES,LAC,23,20,43,31,22,0,53,96,NO,1,0,YES,89,111,200,83.32,102.91,186.23,-5,206.5
1992,11-Mar,,Wed,New Orleans,31,30,61,28,31,0,59,120,YES,0,1,NO,Dallas,18,39,57,17,31,0,48,105,YES,1,0,YES,118,107,225,112.32,98.91,211.23,2,211.5
1992,12-Mar,,Thu,Detroit,32,26,58,26,35,0,61,119,NO,1,1,NO,Golden State,21,24,45,25,42,0,67,112,YES,4,1,NO,103,128,231,97.32,119.91,217.23,-5,218
1992,12-Mar,,Thu,Phoenix,30,18,48,27,31,0,58,106,NO,1,0,NO,Milwaukee,20,34,54,21,25,0,46,100,NO,1,1,NO,102,104,206,96.32,95.91,192.23,4,216.5
1992,12-Mar,,Thu,Utah,28,36,64,24,26,0,50,114,NO,3,1,NO,Sacramento,23,25,48,28,27,0,55,103,NO,1,1,NO,112,105,217,106.32,96.91,203.23,7,214
1992,12-Mar,,Thu,Houston,17,19,36,26,36,0,62,98,YES,1,0,YES,San Antonio,22,25,47,20,37,0,57,104,NO,1,1,NO,83,119,202,77.32,110.91,188.23,-7.5,198.5
1992,13-Mar,,Fri,Brooklyn,33,19,52,24,34,0,58,110,NO,2,0,NO,Boston,28,30,58,30,20,0,50,108,NO,1,1,YES,110,108,218,104.32,99.91,204.23,-8.5,215.5
1992,13-Mar,,Fri,Phoenix,32,35,67,29,12,0,41,108,NO,0,1,NO,Philadelphia,20,34,54,34,16,0,50,104,YES,0,1,NO,121,91,212,115.32,82.91,198.23,1,206
1992,13-Mar,,Fri,LAL,22,26,48,23,29,7,52,100,NO,1,0,NO,Cleveland,25,27,52,29,19,9,48,100,NO,1,2,NO,100,100,200,94.32,91.91,186.23,-9.5,203
1992,13-Mar,,Fri,Indiana,22,27,49,25,23,0,48,97,NO,1,2,YES,Orlando,26,23,49,20,29,0,49,98,NO,0,2,NO,98,97,195,92.32,88.91,181.23,7,210.5
1992,13-Mar,,Fri,Portland,33,24,57,30,19,0,49,106,NO,1,1,NO,Atlanta,32,22,54,25,16,0,41,95,NO,0,1,NO,111,90,201,105.32,81.91,187.23,7,218
1992,13-Mar,,Fri,Denver,23,25,48,28,33,0,61,109,NO,2,1,NO,Miami,29,33,62,25,26,0,51,113,YES,0,2,NO,110,112,222,104.32,103.91,208.23,-9.5,211.5
1992,13-Mar,,Fri,Minnesota,26,39,65,23,27,0,50,115,YES,1,1,YES,Washington,31,27,58,29,31,0,60,118,NO,0,2,YES,123,110,233,117.32,101.91,219.23,-5.5,209.5
1992,13-Mar,,Fri,Dallas,21,22,43,31,23,0,54,97,YES,1,1,NO,LAC,24,24,48,31,26,0,57,105,NO,1,1,NO,91,111,202,85.32,102.91,188.23,-14,201.5
1992,13-Mar,,Fri,New Orleans,22,23,45,28,27,0,55,100,NO,1,2,NO,Houston,30,18,48,30,40,0,70,118,NO,1,0,YES,93,125,218,87.32,116.91,204.23,-8,216.5
1992,14-Mar,,Sat,Brooklyn,26,30,56,22,13,5,35,91,NO,0,2,YES,New York,17,27,44,24,23,3,47,91,YES,2,3,NO,100,82,182,94.32,73.91,168.23,-10,198
1992,14-Mar,,Sat,Philadelphia,32,22,54,22,29,0,51,105,YES,0,3,NO,Milwaukee,29,28,57,30,23,0,53,110,NO,2,1,NO,111,104,215,105.32,95.91,201.23,-8,201.5
1992,14-Mar,,Sat,Chicago,29,17,46,39,27,0,66,112,YES,2,1,NO,Orlando,27,27,54,12,30,0,42,96,NO,2,0,NO,100,108,208,94.32,99.91,194.23,15,205
1992,14-Mar,,Sat,Detroit,24,23,47,18,24,0,42,89,NO,1,1,YES,Sacramento,17,21,38,29,16,0,45,83,YES,0,1,NO,85,87,172,79.32,78.91,158.23,6.5,204
1992,14-Mar,,Sat,Miami,28,29,57,16,29,0,45,102,YES,0,1,YES,Atlanta,27,28,55,25,35,0,60,115,YES,1,0,NO,112,105,217,106.32,96.91,203.23,-5,216.5
1992,14-Mar,,Sat,LAL,21,24,45,21,26,0,47,92,NO,0,1,NO,Washington,18,29,47,17,25,0,42,89,NO,1,0,NO,92,89,181,86.32,80.91,167.23,-1,204.5
1992,14-Mar,,Sat,Utah,20,29,49,25,32,0,57,106,NO,1,0,NO,San Antonio,26,29,55,29,29,0,58,113,NO,1,1,NO,104,115,219,98.32,106.91,205.23,-5,201
1992,15-Mar,,Sun,Portland,31,31,62,28,32,26,60,122,NO,1,1,YES,Boston,34,24,58,34,30,30,64,122,YES,1,1,NO,120,124,244,114.32,115.91,230.23,0,220.5
1992,15-Mar,,Sun,Denver,23,20,43,18,30,0,48,91,NO,1,1,YES,Cleveland,21,23,44,25,31,0,56,100,YES,0,1,NO,87,104,191,81.32,95.91,177.23,-14,206
1992,15-Mar,,Sun,Phoenix,24,32,56,32,30,0,62,118,NO,1,1,YES,Minnesota,28,30,58,24,31,0,55,113,YES,1,1,YES,114,117,231,108.32,108.91,217.23,8.5,214.5
1992,15-Mar,,Sun,Dallas,25,20,45,25,30,0,55,100,NO,1,1,NO,Oklahoma City,24,31,55,22,32,0,54,109,NO,1,3,YES,100,109,209,94.32,100.91,195.23,-14,205.5
1992,15-Mar,,Sun,Utah,17,20,37,30,30,0,60,97,NO,0,3,YES,Houston,31,26,57,24,25,0,49,106,NO,1,1,NO,94,109,203,88.32,100.91,189.23,-3.5,202.5
1992,15-Mar,,Sun,Sacramento,19,25,44,31,30,0,61,105,YES,0,1,NO,LAC,29,34,63,31,37,0,68,131,YES,1,1,NO,107,129,236,101.32,120.91,222.23,-12,216
1992,16-Mar,,Mon,Chicago,30,24,54,32,30,0,62,116,NO,1,0,NO,Miami,26,19,45,27,28,0,55,100,NO,1,1,YES,99,117,216,93.32,108.91,202.23,8,216.5
1992,16-Mar,,Mon,Cleveland,32,25,57,23,31,0,54,111,YES,0,1,NO,Washington,32,22,54,30,18,0,48,102,NO,2,1,NO,111,102,213,105.32,93.91,199.23,5,207.5
1992,16-Mar,,Mon,Atlanta,26,29,55,18,16,0,34,89,YES,1,1,YES,Detroit,18,21,39,20,18,0,38,77,NO,1,1,YES,94,72,166,88.32,63.91,152.23,-9.5,198.5
1992,16-Mar,,Mon,LAL,25,18,43,22,20,0,42,85,NO,1,1,YES,Indiana,24,32,56,22,20,0,42,98,YES,1,2,YES,99,84,183,93.32,75.91,169.23,-5,209
1992,16-Mar,,Mon,New Orleans,31,35,66,26,25,0,51,117,NO,2,2,NO,San Antonio,26,20,46,32,34,0,66,112,NO,1,1,NO,112,117,229,106.32,108.91,215.23,-11,220.5
1992,17-Mar,,Tue,Boston,35,17,52,20,34,0,54,106,YES,1,0,YES,Milwaukee,38,21,59,37,31,0,68,127,YES,1,2,NO,111,122,233,105.32,113.91,219.23,-1.5,209
1992,17-Mar,,Tue,Chicago,27,18,45,18,27,0,45,90,NO,0,1,NO,Brooklyn,31,18,49,21,9,0,30,79,NO,2,2,YES,94,75,169,88.32,66.91,155.23,7.5,208.5
1992,17-Mar,,Tue,New York,26,30,56,20,23,0,43,99,YES,2,1,YES,Orlando,17,23,40,27,19,0,46,86,YES,0,2,NO,96,89,185,90.32,80.91,171.23,8,194
1992,17-Mar,,Tue,Sacramento,31,20,51,25,24,0,49,100,NO,1,0,NO,Denver,27,32,59,28,31,0,59,118,YES,1,1,YES,110,108,218,104.32,99.91,204.23,-6.5,211
1992,17-Mar,,Tue,Minnesota,18,26,44,23,24,0,47,91,YES,1,0,NO,Portland,26,27,53,34,24,0,58,111,YES,0,1,YES,97,105,202,91.32,96.91,188.23,-17,220.5
1992,17-Mar,,Tue,Golden State,29,30,59,33,27,0,60,119,YES,4,0,YES,Oklahoma City,29,24,53,23,31,0,54,107,YES,1,1,NO,112,114,226,106.32,105.91,212.23,-2.5,234
1992,17-Mar,,Tue,LAC,21,24,45,15,32,0,47,92,YES,1,0,NO,Houston,23,21,44,36,20,0,56,100,NO,1,1,NO,89,103,192,83.32,94.91,178.23,-6.5,207.5
1992,17-Mar,,Tue,Dallas,19,20,39,29,13,0,42,81,NO,1,0,YES,Phoenix,24,24,48,21,23,0,44,92,NO,2,1,YES,87,86,173,81.32,77.91,159.23,-16.5,217.5
1992,18-Mar,,Wed,Cleveland,25,19,44,23,27,0,50,94,NO,1,1,YES,Boston,24,23,47,20,29,0,49,96,YES,1,0,YES,91,99,190,85.32,90.91,176.23,-2.5,217.5
1992,18-Mar,,Wed,Philadelphia,31,12,43,25,17,0,42,85,NO,3,0,YES,Detroit,29,21,50,21,20,0,41,91,NO,1,1,NO,93,83,176,87.32,74.91,162.23,-8,189
1992,18-Mar,,Wed,Indiana,21,29,50,28,22,16,50,100,YES,1,1,YES,Miami,27,30,57,22,21,11,43,100,YES,2,1,NO,107,93,200,101.32,84.91,186.23,-3,221.5
1992,18-Mar,,Wed,Orlando,20,14,34,29,36,0,65,99,YES,0,2,NO,Atlanta,20,27,47,20,29,0,49,96,YES,1,1,YES,81,114,195,75.32,105.91,181.23,-13,213.5
1992,18-Mar,,Wed,Minnesota,34,26,60,25,35,0,60,120,NO,0,1,NO,Golden State,35,31,66,25,32,0,57,123,YES,1,0,YES,126,117,243,120.32,108.91,229.23,-15,231
1992,18-Mar,,Wed,Portland,26,31,57,25,16,0,41,98,YES,0,2,NO,LAL,19,22,41,24,28,0,52,93,NO,1,1,YES,98,93,191,92.32,84.91,177.23,4.5,204.5
1992,18-Mar,,Wed,LAC,25,30,55,25,37,0,62,117,NO,0,1,NO,Dallas,26,19,45,19,22,0,41,86,NO,1,0,YES,100,103,203,94.32,94.91,189.23,5.5,199
1992,18-Mar,,Wed,Sacramento,24,23,47,18,24,0,42,89,NO,0,1,NO,San Antonio,26,26,52,34,32,0,66,118,NO,2,1,NO,99,108,207,93.32,99.91,193.23,-14.5,220
1992,19-Mar,,Thu,Milwaukee,22,25,47,19,26,0,45,92,YES,1,0,NO,New York,27,26,53,18,25,0,43,96,NO,1,1,YES,100,88,188,94.32,79.91,174.23,-9,194.5
1992,19-Mar,,Thu,New Orleans,33,25,58,24,26,15,50,108,NO,2,0,YES,Philadelphia,30,26,56,26,26,8,52,108,YES,2,0,YES,114,102,216,108.32,93.91,202.23,-6,215
1992,19-Mar,,Thu,Chicago,21,25,46,32,28,0,60,106,NO,1,1,YES,Washington,26,32,58,19,23,0,42,100,YES,0,2,NO,104,102,206,98.32,93.91,192.23,12,210
1992,19-Mar,,Thu,Denver,20,26,46,29,25,0,54,100,YES,1,1,YES,Utah,30,29,59,22,34,0,56,115,NO,1,3,YES,105,110,215,99.32,101.91,201.23,-14.5,209
1992,19-Mar,,Thu,Oklahoma City,31,19,50,24,38,0,62,112,YES,1,1,NO,Houston,24,26,50,16,25,0,41,91,NO,1,1,NO,100,103,203,94.32,94.91,189.23,-7.5,208
1992,20-Mar,,Fri,Boston,18,20,38,32,23,11,55,93,YES,1,1,YES,Detroit,23,17,40,19,34,6,53,93,YES,1,1,NO,78,108,186,72.32,99.91,172.23,-6.5,192.5
1992,20-Mar,,Fri,Washington,19,26,45,27,24,0,51,96,YES,0,1,NO,Brooklyn,27,26,53,23,23,0,46,99,YES,1,2,NO,98,97,195,92.32,88.91,181.23,-6,199.5
1992,20-Mar,,Fri,Golden State,24,30,54,32,21,0,53,107,YES,1,1,NO,Cleveland,41,29,70,29,23,0,52,122,NO,1,1,YES,124,105,229,118.32,96.91,215.23,-4,227
1992,20-Mar,,Fri,Milwaukee,18,23,41,22,27,7,49,90,NO,0,1,YES,Indiana,25,22,47,24,19,12,43,90,NO,1,1,YES,88,92,180,82.32,83.91,166.23,-8.5,214
1992,20-Mar,,Fri,Atlanta,35,28,63,28,21,0,49,112,YES,1,1,NO,New Orleans,33,25,58,30,22,0,52,110,NO,1,0,YES,121,101,222,115.32,92.91,208.23,-4,218
1992,20-Mar,,Fri,Minnesota,32,27,59,31,31,0,62,121,NO,1,0,NO,LAL,44,24,68,27,36,0,63,131,NO,5,1,NO,127,125,252,121.32,116.91,238.23,-7,198
1992,20-Mar,,Fri,LAC,25,29,54,27,33,0,60,114,NO,1,0,NO,Phoenix,22,24,46,33,22,0,55,101,NO,0,2,NO,100,115,215,94.32,106.91,201.23,-10,220
1992,20-Mar,,Fri,Sacramento,36,30,66,24,35,0,59,125,NO,1,0,NO,Dallas,21,20,41,31,24,0,55,96,NO,1,1,NO,107,114,221,101.32,105.91,207.23,-2.5,212.5
1992,21-Mar,,Sat,Miami,16,26,42,18,28,0,46,88,YES,2,0,YES,New York,28,24,52,25,28,0,53,105,NO,2,1,NO,94,99,193,88.32,90.91,179.23,-10,201
1992,21-Mar,,Sat,Orlando,22,24,46,24,41,0,65,111,NO,2,2,NO,Chicago,28,27,55,31,22,0,53,108,NO,2,1,YES,101,118,219,95.32,109.91,205.23,-21,211.5
1992,21-Mar,,Sat,LAC,25,27,52,33,29,0,62,114,NO,0,4,YES,Denver,24,23,47,15,25,0,40,87,YES,1,1,YES,99,102,201,93.32,93.91,187.23,2.5,205.5
1992,21-Mar,,Sat,Minnesota,27,22,49,32,24,0,56,105,NO,0,1,YES,Phoenix,35,32,67,27,27,0,54,121,NO,3,0,NO,116,110,226,110.32,101.91,212.23,-16.5,0
1992,21-Mar,,Sat,Oklahoma City,18,31,49,26,21,0,47,96,NO,1,0,NO,San Antonio,27,27,54,21,26,0,47,101,YES,1,2,NO,103,94,197,97.32,85.91,183.23,-8,210.5
1992,21-Mar,,Sat,Portland,21,18,39,20,18,0,38,77,NO,2,2,YES,Utah,20,35,55,17,23,0,40,95,NO,3,1,NO,94,78,172,88.32,69.91,158.23,-3,214
1992,21-Mar,,Sat,Sacramento,29,29,58,23,19,0,42,100,NO,0,2,YES,Houston,28,19,47,23,27,0,50,97,YES,2,1,NO,105,92,197,99.32,83.91,183.23,-14,216
1992,22-Mar,,Sun,Golden State,17,24,41,25,31,0,56,97,NO,1,0,NO,Boston,30,24,54,36,24,0,60,114,YES,2,1,YES,95,116,211,89.32,107.91,197.23,-3.5,233.5
1992,22-Mar,,Sun,Brooklyn,25,24,49,27,24,0,51,100,YES,1,0,YES,Miami,24,28,52,26,29,0,55,107,YES,2,0,YES,101,106,207,95.32,97.91,193.23,-4,212
1992,22-Mar,,Sun,Philadelphia,27,34,61,23,16,0,39,100,YES,2,0,YES,Indiana,29,27,56,26,26,0,52,108,YES,1,1,NO,117,91,208,111.32,82.91,194.23,-7,205
1992,22-Mar,,Sun,Atlanta,18,21,39,23,18,0,41,80,NO,1,0,YES,Cleveland,27,35,62,28,33,0,61,123,NO,1,1,NO,101,102,203,95.32,93.91,189.23,-10,211.5
1992,22-Mar,,Sun,Detroit,24,32,56,23,22,0,45,101,YES,1,2,YES,New Orleans,30,27,57,31,25,0,56,113,YES,0,1,NO,113,101,214,107.32,92.91,200.23,2.5,204.5
1992,22-Mar,,Sun,Washington,30,17,47,16,25,0,41,88,NO,1,2,YES,Milwaukee,36,32,68,19,22,0,41,109,YES,1,1,YES,115,82,197,109.32,73.91,183.23,-8,208
1992,22-Mar,,Sun,Oklahoma City,24,31,55,23,35,0,58,113,NO,0,1,YES,Dallas,46,25,71,19,15,0,34,105,YES,1,1,NO,126,92,218,120.32,83.91,204.23,6.5,205
1992,23-Mar,,Mon,New Orleans,31,28,59,37,24,0,61,120,YES,0,1,YES,Brooklyn,33,32,65,26,32,0,58,123,NO,1,0,YES,124,119,243,118.32,110.91,229.23,-4,214.5
1992,23-Mar,,Mon,San Antonio,24,31,55,22,15,0,37,92,YES,1,1,NO,Philadelphia,29,28,57,25,23,0,48,105,YES,1,0,YES,112,85,197,106.32,76.91,183.23,3,195
1992,23-Mar,,Mon,Golden State,22,38,60,32,22,11,54,114,NO,0,1,NO,Atlanta,28,19,47,33,34,12,67,114,NO,2,0,YES,107,121,228,101.32,112.91,214.23,4,232
1992,23-Mar,,Mon,Denver,29,19,48,21,31,0,52,100,YES,1,0,NO,Minnesota,20,26,46,29,20,0,49,95,NO,1,1,YES,94,101,195,88.32,92.91,181.23,-5,210
1992,24-Mar,,Tue,Orlando,22,28,50,23,44,0,67,117,NO,2,0,YES,New York,30,29,59,34,33,0,67,126,YES,1,2,NO,109,134,243,103.32,125.91,229.23,-14.5,196
1992,24-Mar,,Tue,Denver,27,19,46,29,28,0,57,103,NO,0,1,YES,Chicago,32,31,63,23,30,0,53,116,NO,3,2,NO,109,110,219,103.32,101.91,205.23,-20,208.5
1992,24-Mar,,Tue,Indiana,23,35,58,27,28,0,55,113,YES,1,0,NO,Cleveland,32,35,67,36,25,0,61,128,YES,0,1,NO,125,116,241,119.32,107.91,227.23,-8.5,209.5
1992,24-Mar,,Tue,Milwaukee,28,27,55,20,27,0,47,102,YES,1,0,NO,Sacramento,26,27,53,34,26,0,60,113,NO,1,2,YES,108,107,215,102.32,98.91,201.23,-2,211
1992,24-Mar,,Tue,Houston,22,30,52,20,34,0,54,106,YES,2,1,NO,Oklahoma City,30,31,61,33,34,0,67,128,NO,2,1,YES,113,121,234,107.32,112.91,220.23,-9,203.5
1992,24-Mar,,Tue,Dallas,19,13,32,23,28,0,51,83,YES,1,1,NO,Portland,26,22,48,31,30,0,61,109,YES,1,2,YES,80,112,192,74.32,103.91,178.23,-19.5,213
1992,25-Mar,,Wed,Boston,30,31,61,32,25,0,57,118,YES,2,1,YES,Brooklyn,31,25,56,27,27,0,54,110,NO,2,1,NO,117,111,228,111.32,102.91,214.23,0,209
1992,25-Mar,,Wed,Philadelphia,21,17,38,30,26,0,56,94,YES,1,1,NO,Utah,25,24,49,24,27,0,51,100,NO,1,3,NO,87,107,194,81.32,98.91,180.23,-11.5,205
1992,25-Mar,,Wed,Cleveland,35,19,54,27,25,0,52,106,YES,0,1,NO,Orlando,18,27,45,24,27,0,51,96,NO,2,0,YES,99,103,202,93.32,94.91,188.23,9,209
1992,25-Mar,,Wed,Golden State,24,29,53,21,29,0,50,103,NO,1,1,NO,Detroit,33,24,57,19,23,0,42,99,YES,1,2,YES,110,92,202,104.32,83.91,188.23,-4,217
1992,25-Mar,,Wed,Indiana,34,36,70,32,29,0,61,131,NO,0,1,YES,Washington,29,24,53,23,33,0,56,109,YES,0,2,YES,123,117,240,117.32,108.91,226.23,-1.5,212.5
1992,25-Mar,,Wed,Milwaukee,21,20,41,32,31,0,63,104,NO,0,1,NO,Phoenix,36,29,65,31,36,0,67,132,NO,1,3,NO,106,130,236,100.32,121.91,222.23,-13.5,218.5
1992,25-Mar,,Wed,Miami,30,26,56,13,36,0,49,105,YES,2,1,YES,Minnesota,20,37,57,15,25,0,40,97,NO,1,1,NO,113,89,202,107.32,80.91,188.23,-1,218
1992,25-Mar,,Wed,San Antonio,19,29,48,26,34,0,60,108,NO,1,1,NO,New Orleans,26,26,52,33,28,0,61,113,NO,1,1,YES,100,121,221,94.32,112.91,207.23,2,215.5
1992,26-Mar,,Thu,New York,29,30,59,26,21,0,47,106,YES,1,1,NO,Denver,22,24,46,27,31,0,58,104,NO,1,1,YES,105,105,210,99.32,96.91,196.23,6,193
1992,26-Mar,,Thu,Washington,38,18,56,23,16,0,39,95,YES,0,1,YES,Atlanta,24,32,56,28,23,0,51,107,YES,0,2,NO,112,90,202,106.32,81.91,188.23,-9,207.5
1992,26-Mar,,Thu,Portland,28,33,61,34,33,0,67,128,YES,1,1,YES,Sacramento,28,18,46,31,29,0,60,106,YES,2,1,NO,107,127,234,101.32,118.91,220.23,7.5,217.5
1992,26-Mar,,Thu,Houston,20,22,42,25,28,0,53,95,NO,1,1,NO,LAC,31,22,53,30,26,0,56,109,NO,1,4,YES,95,109,204,89.32,100.91,190.23,-11,205
1992,26-Mar,,Thu,Dallas,24,17,41,26,25,0,51,92,NO,1,2,YES,LAL,29,25,54,28,33,0,61,115,YES,0,5,NO,95,112,207,89.32,103.91,193.23,-10.5,196
1992,27-Mar,,Fri,Detroit,28,20,48,21,18,0,39,87,YES,1,1,YES,Boston,31,26,57,23,26,0,49,106,NO,1,1,YES,105,88,193,99.32,79.91,179.23,-5,199
1992,27-Mar,,Fri,Philadelphia,36,21,57,33,23,0,56,113,NO,1,1,NO,Phoenix,29,25,54,39,24,0,63,117,YES,0,1,NO,111,119,230,105.32,110.91,216.23,-10.5,215.5
1992,27-Mar,,Fri,Cleveland,32,22,54,30,37,0,67,121,NO,1,0,NO,New Orleans,21,34,55,34,26,0,60,115,YES,0,1,NO,109,127,236,103.32,118.91,222.23,2.5,218.5
1992,27-Mar,,Fri,Golden State,32,35,67,32,26,0,58,125,NO,1,0,NO,Indiana,37,28,65,26,26,0,52,117,NO,4,1,YES,132,110,242,126.32,101.91,228.23,-3.5,239.5
1992,27-Mar,,Fri,Milwaukee,25,16,41,34,20,0,54,95,NO,1,0,NO,Oklahoma City,15,30,45,28,23,0,51,96,NO,0,2,NO,86,105,191,80.32,96.91,177.23,-9.5,214.5
1992,27-Mar,,Fri,Atlanta,30,27,57,23,25,0,48,105,YES,0,1,NO,Minnesota,25,33,58,22,23,0,45,103,NO,1,1,NO,115,93,208,109.32,84.91,194.23,2,212.5
1992,27-Mar,,Fri,San Antonio,17,30,47,24,30,0,54,101,NO,1,1,NO,Miami,33,27,60,26,32,0,58,118,YES,0,1,YES,107,112,219,101.32,103.91,205.23,-4,209.5
1992,27-Mar,,Fri,LAL,27,20,47,28,28,0,56,103,YES,0,1,YES,Utah,23,26,49,24,19,0,43,92,NO,2,1,NO,96,99,195,90.32,90.91,181.23,-12.5,205
1992,28-Mar,,Sat,Golden State,37,32,69,40,33,11,73,142,NO,0,1,YES,Brooklyn,42,31,73,35,34,6,69,142,NO,1,2,NO,142,142,284,136.32,133.91,270.23,-1.5,233.5
1992,28-Mar,,Sat,New York,25,23,48,17,27,0,44,92,NO,1,0,NO,Oklahoma City,12,28,40,26,21,0,47,87,NO,2,0,NO,88,91,179,82.32,82.91,165.23,-2.5,197.5
1992,28-Mar,,Sat,Cleveland,22,29,51,25,26,0,51,102,NO,0,2,YES,Chicago,31,22,53,38,35,0,73,126,YES,2,3,NO,104,124,228,98.32,115.91,214.23,-9.5,209.5
1992,28-Mar,,Sat,Milwaukee,21,27,48,21,26,0,47,95,NO,0,1,NO,LAC,24,18,42,36,25,0,61,103,YES,2,1,NO,90,108,198,84.32,99.91,184.23,-12,204.5
1992,28-Mar,,Sat,Miami,29,18,47,27,35,0,62,109,YES,0,2,NO,Orlando,25,26,51,17,32,0,49,100,YES,1,2,NO,98,111,209,92.32,102.91,195.23,2,207
1992,28-Mar,,Sat,New Orleans,23,23,46,27,24,0,51,97,YES,0,1,YES,Washington,31,31,62,35,16,0,51,113,YES,3,1,YES,108,102,210,102.32,93.91,196.23,3,224.5
1992,28-Mar,,Sat,Phoenix,32,30,62,29,30,0,59,121,YES,0,2,YES,Denver,27,18,45,36,20,0,56,101,YES,0,1,NO,107,115,222,101.32,106.91,208.23,6,215.5
1992,28-Mar,,Sat,Houston,25,27,52,17,26,0,43,95,NO,1,2,YES,Portland,26,26,52,27,36,0,63,115,NO,0,1,YES,104,106,210,98.32,97.91,196.23,-16,214
1992,29-Mar,,Sun,Atlanta,16,28,44,23,26,0,49,93,NO,1,2,NO,Boston,35,26,61,34,22,0,56,117,NO,2,1,NO,105,105,210,99.32,96.91,196.23,-10.5,214.5
1992,29-Mar,,Sun,New York,29,24,53,21,33,0,54,107,NO,0,1,YES,Portland,32,20,52,21,23,0,44,96,YES,1,0,NO,105,98,203,99.32,89.91,189.23,-8.5,204
1992,29-Mar,,Sun,Philadelphia,15,24,39,18,31,0,49,88,NO,1,0,NO,LAL,27,31,58,33,26,0,59,117,YES,1,1,YES,97,108,205,91.32,99.91,191.23,-3.5,197.5
1992,29-Mar,,Sun,San Antonio,19,25,44,30,29,0,59,103,NO,1,0,NO,Detroit,29,22,51,24,32,0,56,107,NO,1,1,YES,95,115,210,89.32,106.91,196.23,-8.5,192.5
1992,29-Mar,,Sun,Denver,18,26,44,34,20,0,54,98,YES,0,1,YES,Dallas,29,27,56,21,28,0,49,105,NO,2,2,YES,100,103,203,94.32,94.91,189.23,-2.5,0
1992,29-Mar,,Sun,Sacramento,36,24,60,20,32,0,52,112,YES,2,1,YES,Minnesota,26,23,49,18,19,0,37,86,YES,1,1,NO,109,89,198,103.32,80.91,184.23,-3,215.5
1992,30-Mar,,Mon,San Antonio,27,28,55,25,29,0,54,109,NO,0,1,YES,Brooklyn,30,26,56,31,30,0,61,117,YES,1,1,NO,111,115,226,105.32,106.91,212.23,-5,209
1992,30-Mar,,Mon,Philadelphia,22,36,58,24,24,0,48,106,NO,0,1,YES,Golden State,31,33,64,32,28,0,60,124,YES,0,1,YES,122,108,230,116.32,99.91,216.23,-12,233.5
1992,30-Mar,,Mon,Milwaukee,26,27,53,17,30,0,47,100,NO,1,1,YES,Utah,25,29,54,29,37,0,66,120,YES,0,2,NO,107,113,220,101.32,104.91,206.23,-13,203.5
1992,30-Mar,,Mon,Orlando,25,27,52,30,30,0,60,112,YES,1,1,NO,New Orleans,29,32,61,32,30,0,62,123,YES,1,1,YES,113,122,235,107.32,113.91,221.23,-12,226
1992,31-Mar,,Tue,Chicago,29,21,50,23,23,0,46,96,YES,2,0,YES,New York,24,21,45,19,26,0,45,90,YES,1,1,YES,95,91,186,89.32,82.91,172.23,3.5,197
1992,31-Mar,,Tue,Miami,29,28,57,26,31,0,57,114,NO,2,0,NO,Cleveland,31,40,71,23,29,0,52,123,NO,1,2,YES,128,109,237,122.32,100.91,223.23,-14.5,219
1992,31-Mar,,Tue,LAC,20,25,45,23,29,0,52,97,YES,2,1,NO,Detroit,24,19,43,20,18,0,38,81,YES,2,1,NO,88,90,178,82.32,81.91,164.23,-4.5,193.5
1992,31-Mar,,Tue,Minnesota,28,26,54,23,31,13,54,108,YES,1,2,NO,Denver,30,32,62,26,20,6,46,108,YES,1,1,YES,116,100,216,110.32,91.91,202.23,-5,208
1992,31-Mar,,Tue,Utah,21,29,50,25,28,0,53,103,YES,0,1,NO,Oklahoma City,31,28,59,28,35,0,63,122,YES,1,2,NO,109,116,225,103.32,107.91,211.23,-3.5,208
1992,31-Mar,,Tue,Portland,23,27,50,32,29,0,61,111,YES,1,1,YES,Phoenix,27,29,56,44,28,0,72,128,NO,1,2,YES,106,133,239,100.32,124.91,225.23,-4.5,226.5
1992,31-Mar,,Tue,Golden State,28,32,60,30,25,33,55,115,YES,0,1,NO,Sacramento,29,24,53,24,38,21,62,115,NO,1,1,YES,113,117,230,107.32,108.91,216.23,3.5,240
1992,31-Mar,,Tue,LAL,27,26,53,31,23,0,54,107,YES,1,0,NO,Houston,25,26,51,25,25,0,50,101,NO,1,2,YES,104,104,208,98.32,95.91,194.23,-4,196
1992,1-Apr,,Wed,Washington,22,20,42,44,20,0,64,106,YES,3,1,YES,Boston,32,25,57,27,36,0,63,120,YES,1,2,NO,99,127,226,93.32,118.91,212.23,-14.5,211.5
1992,1-Apr,,Wed,Brooklyn,22,32,54,32,35,0,67,121,YES,1,1,YES,Milwaukee,40,25,65,24,28,0,52,117,YES,1,1,YES,119,119,238,113.32,110.91,224.23,-4,214.5
1992,1-Apr,,Wed,Miami,27,14,41,22,28,0,50,91,NO,0,1,YES,Philadelphia,32,30,62,29,17,0,46,108,YES,2,1,YES,103,96,199,97.32,87.91,185.23,-6.5,209
1992,1-Apr,,Wed,New Orleans,28,22,50,25,19,0,44,94,YES,1,0,YES,Chicago,25,25,50,28,22,0,50,100,NO,1,0,YES,100,94,194,94.32,85.91,180.23,-13.5,224
1992,1-Apr,,Wed,Atlanta,28,33,61,28,28,0,56,117,NO,2,1,NO,Indiana,20,42,62,39,36,0,75,137,NO,1,4,NO,123,131,254,117.32,122.91,240.23,-8,215
1992,1-Apr,,Wed,Orlando,17,24,41,26,22,0,48,89,NO,1,1,NO,Dallas,20,31,51,24,27,0,51,102,NO,1,2,NO,92,99,191,86.32,90.91,177.23,-4,210.5
1992,1-Apr,,Wed,LAL,22,25,47,18,21,0,39,86,NO,0,1,YES,San Antonio,27,22,49,31,24,0,55,104,NO,1,1,YES,96,94,190,90.32,85.91,176.23,-4.5,205.5
1992,2-Apr,,Thu,New York,34,25,59,29,29,0,58,117,YES,1,0,YES,New Orleans,26,25,51,23,22,0,45,96,NO,1,0,YES,110,103,213,104.32,94.91,199.23,4,207.5
1992,2-Apr,,Thu,LAC,34,18,52,20,26,0,46,98,NO,1,0,NO,Cleveland,33,31,64,32,19,0,51,115,YES,0,1,NO,116,97,213,110.32,88.91,199.23,-6.5,208.5
1992,2-Apr,,Thu,Denver,17,21,38,36,40,0,76,114,YES,1,2,YES,Houston,35,40,75,29,33,0,62,137,NO,1,1,NO,113,138,251,107.32,129.91,237.23,-14,207
1992,2-Apr,,Thu,Oklahoma City,27,30,57,27,27,0,54,111,YES,1,0,NO,Sacramento,25,28,53,30,20,0,50,103,YES,0,1,NO,110,104,214,104.32,95.91,200.23,3.5,217.5
1992,2-Apr,,Thu,Utah,21,16,37,28,21,0,49,86,NO,1,0,YES,Portland,21,35,56,38,24,0,62,118,YES,2,1,YES,93,111,204,87.32,102.91,190.23,-8.5,210.5
1992,2-Apr,,Thu,Golden State,21,29,50,28,27,0,55,105,NO,1,0,YES,Phoenix,27,37,64,25,20,0,45,109,YES,0,1,NO,114,100,214,108.32,91.91,200.23,-8,244.5
1992,3-Apr,,Fri,Boston,25,29,54,19,24,0,43,97,YES,1,1,YES,Indiana,31,32,63,21,17,0,38,101,NO,1,1,NO,117,81,198,111.32,72.91,184.23,-3.5,223
1992,3-Apr,,Fri,Milwaukee,27,27,54,12,37,0,49,103,YES,1,1,YES,Brooklyn,26,27,53,36,33,0,69,122,YES,1,1,YES,107,118,225,101.32,109.91,211.23,-9,215
1992,3-Apr,,Fri,Atlanta,27,21,48,21,25,0,46,94,NO,1,0,YES,New York,35,33,68,20,27,0,47,115,YES,1,0,YES,116,93,209,110.32,84.91,195.23,-9.5,202
1992,3-Apr,,Fri,LAC,26,24,50,20,33,0,53,103,NO,0,1,NO,Chicago,30,24,54,28,32,0,60,114,YES,1,1,NO,104,113,217,98.32,104.91,203.23,-13.5,206
1992,3-Apr,,Fri,Cleveland,28,26,54,31,18,0,49,103,YES,0,1,YES,Miami,23,23,46,27,27,0,54,100,YES,1,1,YES,100,103,203,94.32,94.91,189.23,3,218.5
1992,3-Apr,,Fri,Detroit,19,20,39,22,24,0,46,85,YES,2,1,YES,Washington,33,27,60,28,31,0,59,119,YES,0,1,YES,99,105,204,93.32,96.91,190.23,6.5,196
1992,3-Apr,,Fri,Orlando,19,26,45,26,27,15,53,98,NO,1,0,NO,San Antonio,20,23,43,23,32,8,55,98,YES,1,1,NO,88,108,196,82.32,99.91,182.23,-10.5,213
1992,3-Apr,,Fri,Minnesota,32,25,57,24,23,0,47,104,NO,2,1,YES,Dallas,30,22,52,24,19,0,43,95,YES,1,1,NO,109,90,199,103.32,81.91,185.23,-3.5,206
1992,3-Apr,,Fri,Oklahoma City,22,31,53,20,23,0,43,96,NO,0,3,YES,LAL,23,25,48,23,20,0,43,91,NO,1,1,YES,101,86,187,95.32,77.91,173.23,-4,206
1992,3-Apr,,Fri,Phoenix,31,13,44,27,23,0,50,94,YES,0,1,NO,Utah,24,26,50,36,27,0,63,113,YES,1,0,YES,94,113,207,88.32,104.91,193.23,-5.5,213
1992,3-Apr,,Fri,Sacramento,33,27,60,17,29,10,46,106,YES,0,1,YES,Golden State,14,30,44,29,33,18,62,106,NO,1,0,YES,104,108,212,98.32,99.91,198.23,-13,237.5
1992,4-Apr,,Sat,Philadelphia,36,35,71,27,28,0,55,126,YES,2,3,YES,Atlanta,31,34,65,29,27,0,56,121,YES,2,0,YES,136,111,247,130.32,102.91,233.23,-1,203
1992,4-Apr,,Sat,Orlando,17,22,39,23,39,0,62,101,NO,0,2,YES,Houston,28,30,58,22,30,0,52,110,YES,2,1,NO,97,114,211,91.32,105.91,197.23,-15.5,214
1992,4-Apr,,Sat,Washington,27,26,53,26,30,0,56,109,YES,0,2,NO,New Orleans,21,37,58,32,28,0,60,118,YES,2,1,NO,111,116,227,105.32,107.91,213.23,-10.5,220.5
1992,5-Apr,,Sun,Chicago,26,25,51,16,19,0,35,86,YES,1,1,YES,Boston,28,27,55,15,27,0,42,97,YES,1,1,YES,106,77,183,100.32,68.91,169.23,4.5,212.5
1992,5-Apr,,Sun,Brooklyn,34,30,64,30,34,0,64,128,YES,1,1,YES,Indiana,23,28,51,33,36,0,69,120,YES,2,1,NO,115,133,248,109.32,124.91,234.23,-7,225.5
1992,5-Apr,,Sun,New York,29,15,44,25,24,0,49,93,YES,1,1,YES,Cleveland,26,30,56,21,20,0,41,97,NO,1,1,YES,100,90,190,94.32,81.91,176.23,-4,202.5
1992,5-Apr,,Sun,Miami,22,17,39,25,16,0,41,80,YES,1,1,YES,Detroit,29,31,60,24,20,0,44,104,YES,1,1,YES,99,85,184,93.32,76.91,170.23,-8,200.5
1992,5-Apr,,Sun,LAC,18,29,47,30,20,0,50,97,NO,1,1,NO,Milwaukee,28,32,60,17,19,0,36,96,YES,1,1,YES,107,86,193,101.32,77.91,179.23,3,207
1992,5-Apr,,Sun,San Antonio,28,24,52,21,17,0,38,90,YES,1,1,YES,Denver,26,20,46,26,15,0,41,87,NO,1,2,YES,98,79,177,92.32,70.91,163.23,3.5,209
1992,5-Apr,,Sun,Utah,27,18,45,16,30,0,46,91,YES,1,1,NO,Minnesota,14,22,36,28,29,0,57,93,NO,1,1,YES,81,103,184,75.32,94.91,170.23,6.5,208
1992,5-Apr,,Sun,Portland,32,31,63,35,32,0,67,130,YES,2,1,YES,Golden State,33,33,66,30,26,0,56,122,YES,1,1,NO,129,123,252,123.32,114.91,238.23,-2.5,236.5
1992,5-Apr,,Sun,Phoenix,26,34,60,13,31,0,44,104,NO,1,1,YES,LAL,24,23,47,32,30,0,62,109,YES,1,1,NO,107,106,213,101.32,97.91,199.23,3,205
1992,5-Apr,,Sun,Dallas,19,11,30,24,35,0,59,89,YES,1,2,NO,Sacramento,29,19,48,26,29,0,55,103,YES,1,1,YES,78,114,192,72.32,105.91,178.23,-9,210.5
1992,7-Apr,,Tue,Boston,25,20,45,27,28,0,55,100,YES,1,0,YES,Cleveland,24,26,50,22,25,0,47,97,NO,1,1,NO,95,102,197,89.32,93.91,183.23,-9,209
1992,7-Apr,,Tue,Atlanta,23,32,55,21,28,0,49,104,YES,2,1,NO,Brooklyn,21,36,57,19,21,0,40,97,YES,0,1,YES,112,89,201,106.32,80.91,187.23,-7.5,221.5
1992,7-Apr,,Tue,Detroit,33,23,56,20,27,0,47,103,YES,1,0,NO,New York,26,22,48,21,25,0,46,94,YES,0,1,YES,104,93,197,98.32,84.91,183.23,-5.5,188
1992,7-Apr,,Tue,Milwaukee,22,26,48,23,30,0,53,101,YES,1,0,YES,Chicago,21,30,51,28,37,0,65,116,YES,2,1,YES,99,118,217,93.32,109.91,203.23,-15,211
1992,7-Apr,,Tue,Washington,21,22,43,21,25,0,46,89,NO,2,0,YES,Miami,31,24,55,26,19,0,45,100,YES,2,1,YES,98,91,189,92.32,82.91,175.23,-9,215.5
1992,7-Apr,,Tue,New Orleans,24,28,52,29,29,0,58,110,YES,2,1,NO,Orlando,33,31,64,30,41,0,71,135,NO,1,2,YES,116,129,245,110.32,120.91,231.23,3,219
1992,7-Apr,,Tue,Utah,35,30,65,28,31,0,59,124,NO,1,1,YES,Denver,21,22,43,29,29,0,58,101,YES,1,1,NO,108,117,225,102.32,108.91,211.23,8,205
1992,7-Apr,,Tue,LAC,31,28,59,28,28,0,56,115,NO,1,1,YES,Minnesota,26,30,56,26,26,0,52,108,NO,1,1,NO,115,108,223,109.32,99.91,209.23,5.5,202
1992,7-Apr,,Tue,LAL,20,25,45,23,20,0,43,88,YES,1,1,YES,Oklahoma City,27,24,51,26,40,0,66,117,NO,1,3,YES,96,109,205,90.32,100.91,191.23,-6.5,203
1992,7-Apr,,Tue,Golden State,35,18,53,25,23,0,48,101,YES,1,0,YES,Portland,23,25,48,37,25,0,62,110,YES,1,1,YES,101,110,211,95.32,101.91,197.23,-13.5,230.5
1992,7-Apr,,Tue,Sacramento,32,26,58,25,18,0,43,101,YES,1,1,YES,Phoenix,30,24,54,27,22,0,49,103,YES,1,1,YES,112,92,204,106.32,83.91,190.23,-14.5,232
1992,7-Apr,,Tue,Houston,29,23,52,27,16,0,43,95,YES,2,1,NO,San Antonio,28,22,50,17,25,0,42,92,YES,1,1,YES,102,85,187,96.32,76.91,173.23,-1,200.5
1992,8-Apr,,Wed,New York,22,23,45,20,24,0,44,89,YES,0,1,YES,Boston,23,30,53,18,22,0,40,93,NO,1,0,YES,98,84,182,92.32,75.91,168.23,-4.5,196
1992,8-Apr,,Wed,Brooklyn,30,29,59,25,25,0,50,109,YES,0,1,YES,Washington,26,32,58,30,15,0,45,103,NO,1,0,YES,117,95,212,111.32,86.91,198.23,2,216
1992,8-Apr,,Wed,Detroit,16,31,47,19,23,0,42,89,NO,0,1,YES,Philadelphia,22,10,32,21,18,0,39,71,YES,1,3,YES,79,81,160,73.32,72.91,146.23,-3.5,192.5
1992,8-Apr,,Wed,Indiana,30,30,60,30,32,0,62,122,YES,2,1,YES,Milwaukee,33,25,58,27,22,0,49,107,YES,1,0,YES,118,111,229,112.32,102.91,215.23,3,219.5
1992,8-Apr,,Wed,Dallas,23,25,48,19,24,0,43,91,NO,2,0,NO,Golden State,29,32,61,20,29,0,49,110,NO,2,0,YES,109,92,201,103.32,83.91,187.23,-13.5,226
1992,9-Apr,,Thu,New Orleans,30,39,69,32,33,0,65,134,NO,1,0,NO,Cleveland,42,28,70,32,39,0,71,141,YES,0,1,NO,139,136,275,133.32,127.91,261.23,-11.5,229
1992,9-Apr,,Thu,Atlanta,32,26,58,23,13,0,36,94,NO,1,1,YES,Orlando,24,24,48,28,20,0,48,96,YES,1,1,NO,106,84,190,100.32,75.91,176.23,3.5,213.5
1992,9-Apr,,Thu,Denver,24,34,58,21,28,0,49,107,YES,1,1,NO,Sacramento,30,27,57,25,42,0,67,124,NO,1,1,YES,115,116,231,109.32,107.91,217.23,-10,214.5
1992,9-Apr,,Thu,Houston,30,21,51,32,34,0,66,117,NO,1,1,YES,Minnesota,29,22,51,29,22,0,51,102,YES,1,1,NO,102,117,219,96.32,108.91,205.23,7,204
1992,9-Apr,,Thu,Phoenix,18,20,38,34,32,0,66,104,YES,1,1,NO,Oklahoma City,31,29,60,30,29,0,59,119,YES,0,1,NO,98,125,223,92.32,116.91,209.23,-4.5,212.5
1992,9-Apr,,Thu,Portland,23,21,44,21,35,0,56,100,YES,1,0,YES,LAC,25,34,59,21,26,0,47,106,NO,1,1,YES,103,103,206,97.32,94.91,192.23,1,213
1992,9-Apr,,Thu,Dallas,21,21,42,22,26,0,48,90,NO,0,1,NO,Utah,28,27,55,35,23,0,58,113,YES,1,1,YES,97,106,203,91.32,97.91,189.23,-18,204
1992,9-Apr,,Thu,San Antonio,22,30,52,27,23,0,50,102,YES,1,2,NO,LAL,20,22,42,27,25,0,52,94,NO,1,1,YES,94,102,196,88.32,93.91,182.23,-7,0
1992,10-Apr,,Fri,Milwaukee,16,15,31,35,34,0,69,100,YES,1,1,NO,Boston,26,26,52,28,29,0,57,109,YES,1,1,NO,83,126,209,77.32,117.91,195.23,-13.5,213.5
1992,10-Apr,,Fri,Cleveland,31,14,45,18,23,0,41,86,YES,0,1,YES,Brooklyn,32,22,54,25,31,0,56,110,YES,0,1,YES,99,97,196,93.32,88.91,182.23,-1.5,215.5
1992,10-Apr,,Fri,Philadelphia,26,26,52,19,28,0,47,99,YES,1,1,YES,New York,32,23,55,28,32,0,60,115,YES,1,1,YES,107,107,214,101.32,98.91,200.23,-9,190
1992,10-Apr,,Fri,Chicago,34,25,59,23,26,0,49,108,YES,2,0,YES,Indiana,23,29,52,24,20,0,44,96,YES,0,1,YES,111,93,204,105.32,84.91,190.23,3.5,219
1992,10-Apr,,Fri,New Orleans,30,22,52,23,31,0,54,106,NO,0,1,YES,Detroit,33,32,65,31,29,0,60,125,NO,1,1,YES,117,114,231,111.32,105.91,217.23,-10.5,212
1992,10-Apr,,Fri,Miami,31,28,59,27,22,0,49,108,YES,2,0,YES,Washington,19,33,52,25,16,0,41,93,YES,1,1,NO,111,90,201,105.32,81.91,187.23,3.5,212
1992,10-Apr,,Fri,Oklahoma City,28,24,52,24,30,0,54,106,YES,0,1,YES,Portland,25,28,53,25,35,0,60,113,NO,1,0,YES,105,114,219,99.32,105.91,205.23,-6.5,211.5
1992,11-Apr,,Sat,Brooklyn,34,18,52,21,25,0,46,98,YES,0,1,NO,Atlanta,28,31,59,26,33,0,59,118,YES,1,1,YES,111,105,216,105.32,96.91,202.23,-4,214
1992,11-Apr,,Sat,Indiana,24,28,52,24,30,0,54,106,YES,0,2,YES,Chicago,27,22,49,33,26,0,59,108,NO,1,0,YES,101,113,214,95.32,104.91,200.23,-10.5,215.5
1992,11-Apr,,Sat,Orlando,28,13,41,32,28,0,60,101,YES,1,1,YES,Miami,23,24,47,27,31,0,58,105,NO,2,0,YES,88,118,206,82.32,109.91,192.23,-9.5,214
1992,11-Apr,,Sat,Denver,22,19,41,28,19,0,47,88,NO,1,1,NO,LAC,35,32,67,22,33,0,55,122,NO,2,1,NO,108,102,210,102.32,93.91,196.23,-15,213
1992,11-Apr,,Sat,Minnesota,24,21,45,21,28,0,49,94,YES,1,0,NO,Sacramento,35,29,64,30,20,0,50,114,YES,2,1,NO,109,99,208,103.32,90.91,194.23,-8,217
1992,11-Apr,,Sat,Utah,26,22,48,28,17,0,45,93,YES,1,1,YES,LAL,27,20,47,22,21,0,43,90,NO,1,1,NO,95,88,183,89.32,79.91,169.23,2,197.5
1992,11-Apr,,Sat,Phoenix,25,33,58,34,33,0,67,125,NO,1,2,YES,Golden State,28,35,63,44,27,0,71,134,YES,1,2,NO,121,138,259,115.32,129.91,245.23,-6.5,235
1992,11-Apr,,Sat,Dallas,27,24,51,26,22,0,48,99,NO,1,2,NO,Houston,20,16,36,32,24,0,56,92,NO,2,1,YES,87,104,191,81.32,95.91,177.23,-16,206.5
1992,12-Apr,,Sun,Boston,39,32,71,34,23,0,57,128,YES,1,1,NO,New Orleans,28,16,44,27,31,0,58,102,YES,1,1,YES,115,115,230,109.32,106.91,216.23,3.5,222.5
1992,12-Apr,,Sun,New York,21,10,31,13,17,0,30,61,YES,1,1,YES,Detroit,19,23,42,10,20,0,30,72,YES,1,1,NO,73,60,133,67.32,51.91,119.23,-3.5,188
1992,12-Apr,,Sun,Milwaukee,27,18,45,29,20,0,49,94,NO,1,1,YES,Philadelphia,16,26,42,22,26,0,48,90,NO,1,1,YES,87,97,184,81.32,88.91,170.23,-8.5,210
1992,12-Apr,,Sun,Washington,32,15,47,24,20,0,44,91,YES,1,1,NO,Cleveland,27,27,54,35,25,0,60,114,NO,1,1,YES,101,104,205,95.32,95.91,191.23,-12,212
1992,12-Apr,,Sun,Minnesota,22,29,51,25,40,0,65,116,NO,0,1,YES,Oklahoma City,33,34,67,29,30,0,59,126,YES,1,1,YES,118,124,242,112.32,115.91,228.23,-14,214
1992,12-Apr,,Sun,San Antonio,26,22,48,28,21,0,49,97,NO,2,1,YES,Portland,32,30,62,31,30,0,61,123,YES,1,1,NO,110,110,220,104.32,101.91,206.23,-12.5,213
1992,13-Apr,,Mon,Brooklyn,25,24,49,30,31,0,61,110,NO,1,0,NO,Orlando,28,26,54,30,20,0,50,104,NO,1,1,YES,103,111,214,97.32,102.91,200.23,5.5,212.5
1992,13-Apr,,Mon,Atlanta,25,16,41,26,26,0,52,93,YES,1,1,YES,Chicago,30,15,45,28,27,0,55,100,YES,0,1,NO,86,107,193,80.32,98.91,179.23,-12,212.5
1992,13-Apr,,Mon,Denver,22,24,46,27,20,0,47,93,NO,1,1,YES,LAL,31,29,60,17,23,0,40,100,YES,1,1,NO,106,87,193,100.32,78.91,179.23,-13,205
1992,13-Apr,,Mon,Golden State,32,22,54,22,23,0,45,99,YES,1,0,NO,Utah,28,41,69,26,43,0,69,138,NO,1,1,YES,123,114,237,117.32,105.91,223.23,-5.5,228.5
1992,14-Apr,,Tue,Boston,31,28,59,26,14,0,40,99,NO,1,0,NO,Philadelphia,27,23,50,24,20,0,44,94,YES,0,1,NO,109,84,193,103.32,75.91,179.23,5.5,206
1992,14-Apr,,Tue,Brooklyn,22,28,50,25,30,0,55,105,NO,0,1,YES,Miami,22,24,46,32,22,0,54,100,NO,1,2,NO,96,109,205,90.32,100.91,191.23,-5,214
1992,14-Apr,,Tue,Washington,19,26,45,22,23,0,45,90,NO,1,1,YES,New York,21,23,44,21,28,0,49,93,YES,0,1,YES,89,94,183,83.32,85.91,169.23,-14.5,195.5
1992,14-Apr,,Tue,Chicago,20,21,41,25,34,0,59,100,YES,0,2,NO,Cleveland,26,32,58,28,29,0,57,115,YES,0,1,NO,99,116,215,93.32,107.91,201.23,-6.5,209.5
1992,14-Apr,,Tue,Detroit,14,25,39,20,26,13,46,85,YES,1,0,YES,Milwaukee,21,15,36,26,23,9,49,85,YES,1,1,YES,75,95,170,69.32,86.91,156.23,5.5,194.5
1992,14-Apr,,Tue,New Orleans,25,29,54,18,24,0,42,96,YES,1,0,YES,Indiana,40,26,66,26,31,0,57,123,YES,1,2,YES,120,99,219,114.32,90.91,205.23,-11,239
1992,14-Apr,,Tue,Golden State,31,35,66,26,30,0,56,122,NO,0,2,YES,Minnesota,30,25,55,23,22,0,45,100,YES,1,1,YES,121,101,222,115.32,92.91,208.23,7,234
1992,14-Apr,,Tue,Oklahoma City,23,22,45,27,28,0,55,100,YES,1,2,YES,Phoenix,29,35,64,27,31,0,58,122,NO,1,2,YES,109,113,222,103.32,104.91,208.23,-7.5,220
1992,14-Apr,,Tue,Portland,20,21,41,34,21,0,55,96,YES,1,0,NO,Houston,30,21,51,30,27,0,57,108,YES,0,2,NO,92,112,204,86.32,103.91,190.23,-6.5,207.5
1992,14-Apr,,Tue,Sacramento,22,26,48,30,25,0,55,103,YES,2,1,YES,LAC,31,26,57,20,20,0,40,97,NO,1,2,NO,105,95,200,99.32,86.91,186.23,-11.5,214
1992,14-Apr,,Tue,Dallas,14,28,42,36,30,0,66,108,NO,2,0,YES,San Antonio,30,33,63,27,30,0,57,120,YES,1,1,YES,105,123,228,99.32,114.91,214.23,-11,200
1992,15-Apr,,Wed,Boston,26,24,50,21,21,0,42,92,NO,0,3,YES,Detroit,22,26,48,19,22,0,41,89,YES,3,0,YES,98,83,181,92.32,74.91,167.23,-4.5,189
1992,15-Apr,,Wed,New York,31,25,56,19,19,0,38,94,YES,0,2,NO,Atlanta,24,29,53,24,18,0,42,95,NO,1,1,YES,109,80,189,103.32,71.91,175.23,1,193.5
1992,15-Apr,,Wed,Philadelphia,32,19,51,25,23,0,48,99,YES,0,1,NO,Orlando,28,23,51,30,21,0,51,102,YES,0,1,NO,102,99,201,96.32,90.91,187.23,-3,207.5
1992,15-Apr,,Wed,Cleveland,29,18,47,29,31,0,60,107,YES,0,1,NO,New Orleans,25,27,52,32,31,0,63,115,NO,1,0,YES,99,123,222,93.32,114.91,208.23,2.5,229
1992,15-Apr,,Wed,LAL,37,26,63,25,19,0,44,107,YES,1,0,NO,Denver,31,24,55,29,26,0,55,110,YES,1,1,YES,118,99,217,112.32,90.91,203.23,6.5,202.5
1992,15-Apr,,Wed,Portland,25,19,44,26,30,0,56,100,NO,0,2,YES,Dallas,21,25,46,26,22,0,48,94,NO,1,0,YES,90,104,194,84.32,95.91,180.23,6,205.5
1992,15-Apr,,Wed,Houston,25,20,45,23,30,0,53,98,YES,0,1,NO,Utah,24,28,52,39,39,0,78,130,NO,1,1,NO,97,131,228,91.32,122.91,214.23,-9,202.5
1992,16-Apr,,Thu,Indiana,28,32,60,27,32,0,59,119,YES,1,0,YES,Brooklyn,28,28,56,43,14,0,57,113,NO,1,1,YES,116,116,232,110.32,107.91,218.23,-5.5,220.5
1992,16-Apr,,Thu,Milwaukee,30,16,46,14,27,0,41,87,YES,1,1,YES,Miami,22,23,45,27,23,0,50,95,YES,2,1,NO,91,91,182,85.32,82.91,168.23,-9.5,212
1992,16-Apr,,Thu,Orlando,26,27,53,23,30,0,53,106,YES,0,1,NO,Washington,28,32,60,29,30,0,59,119,YES,1,1,YES,113,112,225,107.32,103.91,211.23,-7,210
1992,16-Apr,,Thu,Minnesota,24,31,55,20,18,0,38,93,YES,1,0,NO,LAC,35,16,51,22,23,0,45,96,YES,0,1,NO,106,83,189,100.32,74.91,175.23,-16,210.5
1992,16-Apr,,Thu,LAL,22,18,40,31,23,0,54,94,NO,0,1,NO,Sacramento,31,23,54,20,28,0,48,102,YES,0,1,YES,94,102,196,88.32,93.91,182.23,-4,205
1992,16-Apr,,Thu,San Antonio,22,31,53,23,25,0,48,101,YES,1,0,YES,Phoenix,37,26,63,30,28,0,58,121,YES,2,1,NO,116,106,222,110.32,97.91,208.23,-10.5,219
1992,17-Apr,,Fri,Philadelphia,33,40,73,24,25,0,49,122,NO,1,0,YES,New Orleans,29,25,54,31,27,0,58,112,YES,1,1,NO,127,107,234,121.32,98.91,220.23,-5,223.5
1992,17-Apr,,Fri,Chicago,28,27,55,30,36,0,66,121,NO,2,1,YES,Atlanta,19,26,45,24,26,0,50,95,YES,1,1,NO,100,116,216,94.32,107.91,202.23,3.5,207
1992,17-Apr,,Fri,Cleveland,35,24,59,22,26,0,48,107,NO,1,1,YES,Indiana,11,36,47,27,28,0,55,102,NO,203,0,YES,106,103,209,100.32,94.91,195.23,-4.5,220
1992,17-Apr,,Fri,Denver,32,22,54,23,17,0,40,94,YES,1,1,YES,San Antonio,23,32,55,29,24,0,53,108,NO,1,0,YES,109,93,202,103.32,84.91,188.23,-10,210.5
1992,17-Apr,,Fri,Minnesota,27,25,52,25,29,0,54,106,NO,0,1,YES,Utah,31,30,61,33,26,0,59,120,YES,1,1,NO,113,113,226,107.32,104.91,212.23,-17,215
1992,17-Apr,,Fri,Sacramento,24,26,50,27,29,0,56,106,YES,0,202,YES,Oklahoma City,32,36,68,37,25,0,62,130,YES,1,2,YES,118,118,236,112.32,109.91,222.23,-11,218
1992,17-Apr,,Fri,LAC,23,25,48,28,28,0,56,104,YES,0,1,NO,Golden State,36,25,61,22,33,0,55,116,NO,1,2,YES,109,111,220,103.32,102.91,206.23,-10,231
1992,17-Apr,,Fri,Houston,26,24,50,31,25,0,56,106,NO,1,1,YES,Dallas,22,19,41,34,34,0,68,109,YES,1,1,NO,91,124,215,85.32,115.91,201.23,9.5,201
1992,18-Apr,,Sat,Orlando,27,23,50,26,35,0,61,111,NO,1,201,YES,Brooklyn,32,26,58,33,36,0,69,127,YES,201,1,NO,108,130,238,102.32,121.91,224.23,-13,214.5
1992,18-Apr,,Sat,New York,35,23,58,36,20,0,56,114,NO,2,201,NO,Milwaukee,25,28,53,24,26,0,50,103,YES,201,1,YES,111,106,217,105.32,97.91,203.23,6.5,193.5
1992,18-Apr,,Sat,Washington,35,24,59,32,13,0,45,104,YES,1,201,NO,Philadelphia,34,24,58,36,17,0,53,111,NO,201,0,YES,117,98,215,111.32,89.91,201.23,-7.5,209
1992,18-Apr,,Sat,LAL,30,22,52,25,32,0,57,109,NO,1,0,YES,Portland,27,26,53,21,27,0,48,101,NO,203,2,YES,105,105,210,99.32,96.91,196.23,-7.5,208
1992,19-Apr,,Sun,Miami,24,27,51,22,20,0,42,93,YES,2,200,NO,Boston,30,27,57,27,25,0,52,109,NO,200,3,YES,108,94,202,102.32,85.91,188.23,-13,213
1992,19-Apr,,Sun,Detroit,21,15,36,30,19,0,49,85,YES,3,200,YES,Chicago,26,21,47,31,25,0,56,103,YES,200,1,YES,83,105,188,77.32,96.91,174.23,-8.5,197
1992,19-Apr,,Sun,Atlanta,27,30,57,27,24,0,51,108,YES,1,200,YES,Cleveland,32,31,63,23,26,0,49,112,NO,200,1,YES,120,100,220,114.32,91.91,206.23,-5.5,209
1992,19-Apr,,Sun,Dallas,15,32,47,31,26,0,57,104,YES,1,201,YES,Denver,24,25,49,24,19,0,43,92,NO,201,1,YES,96,100,196,90.32,91.91,182.23,-5.5,209
1992,19-Apr,,Sun,New Orleans,33,34,67,22,18,0,40,107,YES,1,200,YES,Minnesota,24,46,70,30,30,0,60,130,YES,200,1,YES,137,100,237,131.32,91.91,223.23,-2.5,225
1992,19-Apr,,Sun,Oklahoma City,28,18,46,33,27,0,60,106,YES,1,200,NO,Golden State,25,26,51,27,30,0,57,108,YES,200,1,NO,97,117,214,91.32,108.91,200.23,-6.5,235
1992,19-Apr,,Sun,Utah,23,22,45,28,28,0,56,101,YES,1,200,YES,San Antonio,26,25,51,25,14,0,39,90,YES,200,1,NO,96,95,191,90.32,86.91,177.23,3,206.5
1992,19-Apr,,Sun,LAC,20,34,54,22,24,8,46,100,NO,1,200,YES,LAL,28,23,51,22,27,9,49,100,YES,200,0,YES,105,95,200,99.32,86.91,186.23,-1.5,199
1992,19-Apr,,Sun,Phoenix,21,26,47,28,25,0,53,100,YES,2,201,YES,Houston,27,21,48,23,26,0,49,97,NO,200,1,YES,95,102,197,89.32,93.91,183.23,-6.5,212
1992,6-Nov,,Fri,Minnesota,23,25,48,27,17,0,44,92,YES,200,0,YES,Boston,27,27,54,26,33,0,59,113,YES,0,200,NO,102,103,205,96.32,94.91,191.23,-10.5,212.5
1992,6-Nov,,Fri,Brooklyn,30,24,54,32,28,0,60,114,YES,201,0,NO,Philadelphia,25,31,56,30,25,0,55,111,YES,0,201,NO,110,115,225,104.32,106.91,211.23,-5,216.5
1992,6-Nov,,Fri,New York,32,21,53,29,24,0,53,106,NO,201,0,YES,Atlanta,26,22,48,19,27,0,46,94,YES,0,200,YES,101,99,200,95.32,90.91,186.23,3.5,202
1992,6-Nov,,Fri,Chicago,28,24,52,24,25,0,49,101,YES,200,0,YES,Cleveland,26,25,51,26,19,0,45,96,NO,1,200,NO,103,94,197,97.32,85.91,183.23,2.5,208.5
1992,6-Nov,,Fri,Milwaukee,22,20,42,24,20,0,44,86,YES,201,0,YES,Detroit,23,24,47,16,18,0,34,81,YES,0,200,YES,89,78,167,83.32,69.91,153.23,-8,197
1992,6-Nov,,Fri,Miami,34,31,65,16,19,0,35,100,NO,200,0,YES,Orlando,30,26,56,25,29,0,54,110,YES,0,201,YES,121,89,210,115.32,80.91,196.23,-2.5,209
1992,6-Nov,,Fri,Washington,35,20,55,29,35,0,64,119,NO,201,0,YES,New Orleans,26,36,62,30,34,0,64,126,YES,1,200,YES,117,128,245,111.32,119.91,231.23,-8.5,226.5
1992,6-Nov,,Fri,Oklahoma City,28,22,50,25,36,0,61,111,NO,200,0,YES,Houston,19,26,45,34,15,0,49,94,YES,0,200,NO,95,110,205,89.32,101.91,191.23,-2.5,212
1992,6-Nov,,Fri,Golden State,29,35,64,33,32,0,65,129,YES,200,0,NO,Utah,32,25,57,29,28,0,57,114,YES,0,200,YES,121,122,243,115.32,113.91,229.23,-7.5,233.5
1992,6-Nov,,Fri,LAL,34,29,63,26,14,11,40,103,YES,200,1,YES,LAC,30,30,60,22,21,9,43,103,YES,0,200,YES,123,83,206,117.32,74.91,192.23,-3,205.5
1992,6-Nov,,Fri,San Antonio,27,21,48,28,30,0,58,106,YES,200,0,NO,Sacramento,34,20,54,29,31,0,60,114,YES,1,202,YES,102,118,220,96.32,109.91,206.23,3,215
1992,7-Nov,,Sat,Boston,19,28,47,15,26,0,41,88,YES,0,2,NO,Milwaukee,32,18,50,31,43,0,74,124,YES,2,0,YES,97,115,212,91.32,106.91,198.23,1,206
1992,7-Nov,,Sat,Brooklyn,29,25,54,23,17,0,40,94,NO,0,2,NO,Miami,24,27,51,29,26,0,55,106,NO,2,0,YES,105,95,200,99.32,86.91,186.23,-6.5,215.5
1992,7-Nov,,Sat,Philadelphia,32,20,52,16,17,0,33,85,YES,0,3,NO,New York,32,16,48,20,21,0,41,89,NO,2,0,YES,100,74,174,94.32,65.91,160.23,-11,212
1992,7-Nov,,Sat,Atlanta,28,30,58,22,20,0,42,100,YES,0,3,NO,Chicago,20,24,44,24,31,0,55,99,NO,1,0,YES,102,97,199,96.32,88.91,185.23,-15,211
1992,7-Nov,,Sat,Detroit,19,21,40,28,21,0,49,89,YES,0,3,NO,Indiana,24,16,40,26,21,0,47,87,YES,1,203,NO,80,96,176,74.32,87.91,162.23,-4.5,204
1992,7-Nov,,Sat,Orlando,22,28,50,26,27,0,53,103,YES,0,2,YES,Washington,19,29,48,26,24,0,50,98,YES,2,0,YES,98,103,201,92.32,94.91,187.23,-4.5,216
1992,7-Nov,,Sat,San Antonio,23,33,56,23,21,21,44,100,NO,0,2,YES,Denver,29,29,58,23,19,25,42,100,YES,0,201,NO,114,86,200,108.32,77.91,186.23,0,206
1992,7-Nov,,Sat,Golden State,28,32,60,34,14,13,48,108,NO,0,2,YES,Minnesota,36,24,60,21,27,11,48,108,NO,2,0,YES,120,96,216,114.32,87.91,202.23,3,229.5
1992,7-Nov,,Sat,Houston,19,27,46,20,19,0,39,85,YES,0,3,YES,Oklahoma City,26,14,40,25,24,0,49,89,NO,4,0,YES,86,88,174,80.32,79.91,160.23,-3,209.5
1992,7-Nov,,Sat,Utah,21,29,50,35,37,0,72,122,YES,0,2,NO,Dallas,25,27,52,30,24,0,54,106,YES,2,201,YES,102,126,228,96.32,117.91,214.23,5.5,207
1992,7-Nov,,Sat,LAC,24,26,50,28,27,0,55,105,YES,0,2,NO,Phoenix,24,31,55,23,33,0,56,111,YES,2,201,YES,105,111,216,99.32,102.91,202.23,-12,222
1992,8-Nov,,Sun,New Orleans,27,23,50,27,30,0,57,107,YES,1,1,NO,Cleveland,26,35,61,31,35,0,66,127,NO,1,1,NO,111,123,234,105.32,114.91,220.23,-11,231.5
1992,8-Nov,,Sun,Denver,20,27,47,29,28,0,57,104,YES,0,1,YES,Portland,34,31,65,30,28,0,58,123,NO,1,203,NO,112,115,227,106.32,106.91,213.23,-16,217
1992,8-Nov,,Sun,Sacramento,31,34,65,30,29,0,59,124,YES,1,1,YES,LAL,26,29,55,25,34,0,59,114,YES,1,1,YES,120,118,238,114.32,109.91,224.23,-8,212.5
1992,9-Nov,,Mon,Indiana,25,21,46,35,16,0,51,97,YES,1,1,YES,Chicago,30,26,56,20,26,0,46,102,NO,1,1,NO,102,97,199,96.32,88.91,185.23,-15,212.5
1992,10-Nov,,Tue,Boston,27,33,60,18,28,0,46,106,NO,2,0,NO,Miami,20,34,54,24,32,0,56,110,YES,1,2,NO,114,102,216,108.32,93.91,202.23,-2.5,207
1992,10-Nov,,Tue,Brooklyn,30,11,41,31,24,0,55,96,NO,2,1,YES,New York,22,24,46,32,21,0,53,99,YES,2,2,NO,87,108,195,81.32,99.91,181.23,-9,198
1992,10-Nov,,Tue,Washington,24,22,46,28,18,0,46,92,YES,2,1,NO,Cleveland,29,31,60,46,25,0,71,131,YES,1,1,NO,106,117,223,100.32,108.91,209.23,-13.5,216.5
1992,10-Nov,,Tue,Milwaukee,27,25,52,17,29,0,46,98,YES,2,0,NO,San Antonio,26,25,51,25,28,0,53,104,NO,1,2,YES,103,99,202,97.32,90.91,188.23,-8.5,207
1992,10-Nov,,Tue,New Orleans,29,27,56,31,25,0,56,112,NO,1,0,YES,Orlando,36,24,60,31,17,0,48,108,NO,1,2,YES,116,104,220,110.32,95.91,206.23,-5.5,228
1992,10-Nov,,Tue,Utah,19,42,61,27,30,0,57,118,NO,2,1,YES,Denver,36,16,52,32,25,0,57,109,YES,3,1,YES,113,114,227,107.32,105.91,213.23,5,213.5
1992,10-Nov,,Tue,Dallas,27,21,48,29,27,0,56,104,YES,2,0,YES,Minnesota,38,31,69,25,24,0,49,118,YES,1,2,NO,117,105,222,111.32,96.91,208.23,-6,209
1992,10-Nov,,Tue,Phoenix,22,26,48,21,20,0,41,89,YES,2,1,NO,Portland,22,26,48,19,33,0,52,100,NO,2,1,NO,96,93,189,90.32,84.91,175.23,-7.5,227
1992,10-Nov,,Tue,LAL,19,36,55,28,24,0,52,107,YES,1,1,NO,Golden State,21,27,48,25,33,0,58,106,NO,1,2,YES,103,110,213,97.32,101.91,199.23,-7.5,231.5
1992,10-Nov,,Tue,LAC,27,21,48,26,23,0,49,97,NO,2,0,YES,Sacramento,29,25,54,27,18,0,45,99,YES,0,1,YES,102,94,196,96.32,85.91,182.23,-3.5,216
1992,11-Nov,,Wed,Boston,31,27,58,28,23,0,51,109,NO,0,1,YES,New Orleans,27,21,48,25,26,0,51,99,YES,1,0,YES,106,102,208,100.32,93.91,194.23,-2,226.5
1992,11-Nov,,Wed,Philadelphia,33,38,71,18,25,0,43,114,NO,3,1,NO,Indiana,35,30,65,33,22,0,55,120,NO,1,1,YES,136,98,234,130.32,89.91,220.23,-6,219.5
1992,11-Nov,,Wed,Detroit,16,16,32,35,19,10,54,86,NO,3,0,YES,Chicago,18,20,38,28,20,12,48,86,YES,1,1,NO,70,102,172,64.32,93.91,158.23,-13,193
1992,11-Nov,,Wed,Milwaukee,29,30,59,32,33,0,65,124,NO,0,1,YES,Dallas,20,38,58,27,31,0,58,116,NO,2,0,YES,117,123,240,111.32,114.91,226.23,1,206.5
1992,11-Nov,,Wed,Atlanta,23,20,43,27,12,0,39,82,NO,3,0,NO,Houston,29,14,43,26,32,0,58,101,YES,2,3,YES,86,97,183,80.32,88.91,169.23,-5,205
1992,11-Nov,,Wed,Sacramento,17,20,37,29,35,0,64,101,YES,0,2,NO,LAC,23,33,56,30,23,0,53,109,YES,1,0,YES,93,117,210,87.32,108.91,196.23,-7.5,212.5
1992,12-Nov,,Thu,Minnesota,23,26,49,22,17,0,39,88,YES,1,1,YES,Brooklyn,18,19,37,26,21,0,47,84,NO,1,1,YES,86,86,172,80.32,77.91,158.23,-9,210.5
1992,12-Nov,,Thu,Cleveland,26,33,59,24,23,20,47,106,YES,1,0,NO,Golden State,37,26,63,25,18,16,43,106,NO,1,1,NO,122,90,212,116.32,81.91,198.23,-2.5,230
1992,12-Nov,,Thu,Miami,23,25,48,21,19,0,40,88,YES,1,1,NO,Detroit,23,24,47,19,29,0,48,95,NO,1,0,YES,95,88,183,89.32,79.91,169.23,-6,189
1992,12-Nov,,Thu,Atlanta,25,26,51,23,30,0,53,104,NO,0,1,NO,San Antonio,22,22,44,25,28,0,53,97,NO,1,1,NO,95,106,201,89.32,97.91,187.23,-6,205
1992,12-Nov,,Thu,Washington,19,30,49,18,33,0,51,100,NO,1,0,YES,Orlando,37,25,62,38,27,0,65,127,YES,1,1,NO,111,116,227,105.32,107.91,213.23,-8,209.5
1992,12-Nov,,Thu,LAL,29,29,58,26,18,0,44,102,NO,1,0,YES,Oklahoma City,33,26,59,21,34,0,55,114,NO,1,4,NO,117,99,216,111.32,90.91,202.23,-8,209
1992,12-Nov,,Thu,Phoenix,33,26,59,21,22,0,43,102,NO,1,1,NO,Utah,23,26,49,20,22,0,42,91,NO,1,1,YES,108,85,193,102.32,76.91,179.23,-6.5,221
1992,13-Nov,,Fri,Philadelphia,32,39,71,22,33,0,55,126,NO,1,4,YES,Boston,28,27,55,27,33,0,60,115,YES,0,1,YES,126,115,241,120.32,106.91,227.23,-11,221
1992,13-Nov,,Fri,New York,32,23,55,29,20,0,49,104,YES,2,0,YES,Washington,35,23,58,23,25,0,48,106,YES,1,0,YES,113,97,210,107.32,88.91,196.23,6,197
1992,13-Nov,,Fri,Chicago,22,27,49,29,23,0,52,101,YES,1,0,YES,Milwaukee,22,31,53,21,22,0,43,96,NO,1,1,YES,102,95,197,96.32,86.91,183.23,6,203.5
1992,13-Nov,,Fri,Cleveland,33,18,51,23,35,0,58,109,NO,0,1,NO,Portland,27,29,56,26,33,0,59,115,YES,0,2,NO,107,117,224,101.32,108.91,210.23,-6.5,218
1992,13-Nov,,Fri,New Orleans,32,21,53,31,25,0,56,109,YES,1,0,YES,Indiana,25,29,54,32,24,0,56,110,YES,0,1,NO,107,112,219,101.32,103.91,205.23,-8.5,230.5
1992,13-Nov,,Fri,LAC,25,37,62,33,29,0,62,124,YES,1,0,NO,LAL,19,25,44,22,32,0,54,98,NO,1,0,YES,106,116,222,100.32,107.91,208.23,-5.5,206.5
1992,14-Nov,,Sat,Boston,21,19,40,27,13,0,40,80,YES,0,2,NO,New York,20,22,42,19,24,0,43,85,YES,1,0,YES,82,83,165,76.32,74.91,151.23,-6,197
1992,14-Nov,,Sat,Orlando,22,26,48,33,32,0,65,113,YES,1,3,NO,Brooklyn,28,37,65,28,31,0,59,124,NO,0,1,NO,113,124,237,107.32,115.91,223.23,-6,207.5
1992,14-Nov,,Sat,Denver,13,17,30,26,28,0,54,84,YES,3,0,NO,Chicago,31,29,60,33,24,0,57,117,YES,2,0,YES,90,111,201,84.32,102.91,187.23,-15,208
1992,14-Nov,,Sat,Indiana,22,32,54,26,24,0,50,104,YES,0,2,YES,Detroit,34,22,56,21,23,0,44,100,YES,2,1,NO,110,94,204,104.32,85.91,190.23,-6.5,193
1992,14-Nov,,Sat,Atlanta,24,27,51,26,28,0,54,105,NO,1,2,YES,Dallas,30,36,66,22,25,0,47,113,YES,2,2,NO,117,101,218,111.32,92.91,204.23,5.5,214
1992,14-Nov,,Sat,Miami,22,27,49,32,23,0,55,104,NO,1,2,YES,New Orleans,39,23,62,18,15,0,33,95,NO,2,0,YES,111,88,199,105.32,79.91,185.23,-4,223
1992,14-Nov,,Sat,Phoenix,25,26,51,25,32,0,57,108,NO,1,1,YES,Minnesota,33,22,55,19,27,0,46,101,NO,2,1,YES,106,103,209,100.32,94.91,195.23,6,212.5
1992,14-Nov,,Sat,Sacramento,26,27,53,39,25,0,64,117,NO,2,0,YES,Oklahoma City,23,34,57,45,31,0,76,133,YES,1,1,NO,110,140,250,104.32,131.91,236.23,-12,215.5
1992,14-Nov,,Sat,Portland,34,17,51,31,48,0,79,130,YES,0,1,YES,Golden State,27,28,55,35,26,0,61,116,YES,0,1,NO,106,140,246,100.32,131.91,232.23,-2.5,233
1992,14-Nov,,Sat,LAC,30,25,55,21,28,0,49,104,NO,0,2,YES,Utah,19,26,45,37,42,0,79,124,YES,2,1,NO,100,128,228,94.32,119.91,214.23,-12,216.5
1992,14-Nov,,Sat,Houston,24,20,44,21,28,0,49,93,YES,2,2,YES,San Antonio,16,21,37,26,24,0,50,87,NO,2,1,NO,81,99,180,75.32,90.91,166.23,-5,200.5
1992,15-Nov,,Sun,Washington,34,12,46,26,32,0,58,104,YES,1,1,YES,Brooklyn,30,29,59,26,26,0,52,111,NO,1,0,NO,105,110,215,99.32,101.91,201.23,-7.5,217
1992,15-Nov,,Sun,Cleveland,23,34,57,22,28,0,50,107,NO,1,1,NO,Sacramento,19,30,49,33,27,0,60,109,YES,1,0,YES,106,110,216,100.32,101.91,202.23,5,0
1992,15-Nov,,Sun,Denver,28,27,55,23,20,0,43,98,NO,0,1,NO,Milwaukee,36,19,55,33,27,0,60,115,YES,1,1,NO,110,103,213,104.32,94.91,199.23,-10,215.5
1992,15-Nov,,Sun,Golden State,28,27,55,20,27,0,47,102,YES,0,1,NO,LAL,36,17,53,24,28,0,52,105,NO,4,1,NO,108,99,207,102.32,90.91,193.23,-2,227.5
1992,16-Nov,,Mon,New York,19,24,43,33,18,0,51,94,YES,1,0,NO,Portland,23,34,57,26,26,0,52,109,YES,3,1,YES,100,103,203,94.32,94.91,189.23,-8.5,204.5
1992,16-Nov,,Mon,Oklahoma City,30,26,56,27,25,0,52,108,YES,1,0,YES,Phoenix,40,26,66,27,24,0,51,117,NO,1,1,YES,122,103,225,116.32,94.91,211.23,-8,217
1992,17-Nov,,Tue,Boston,29,22,51,24,22,0,46,97,NO,2,0,YES,Washington,31,21,52,20,29,0,49,101,YES,2,1,YES,103,95,198,97.32,86.91,184.23,3,207.5
1992,17-Nov,,Tue,Utah,26,29,55,23,30,0,53,108,YES,2,0,NO,Brooklyn,24,25,49,12,36,0,48,97,YES,1,1,NO,104,101,205,98.32,92.91,191.23,-1,214
1992,17-Nov,,Tue,New York,16,26,42,24,24,0,48,90,NO,0,1,NO,Oklahoma City,19,22,41,27,32,0,59,100,NO,1,0,YES,83,107,190,77.32,98.91,176.23,-5,197
1992,17-Nov,,Tue,Chicago,37,30,67,32,25,0,57,124,YES,2,1,NO,Minnesota,27,17,44,28,31,0,59,103,NO,2,2,NO,111,116,227,105.32,107.91,213.23,8.5,203.5
1992,17-Nov,,Tue,Cleveland,28,24,52,20,23,0,43,95,NO,1,1,NO,San Antonio,25,19,44,33,29,0,62,106,NO,1,2,NO,96,105,201,90.32,96.91,187.23,0,202
1992,17-Nov,,Tue,Detroit,27,24,51,27,25,3,52,103,YES,2,1,NO,LAC,25,25,50,30,23,12,53,103,NO,1,2,YES,101,105,206,95.32,96.91,192.23,-6,194
1992,17-Nov,,Tue,Denver,25,20,45,30,23,0,53,98,NO,1,1,YES,Indiana,34,30,64,32,32,0,64,128,NO,2,2,YES,109,117,226,103.32,108.91,212.23,-9,218
1992,17-Nov,,Tue,Milwaukee,27,28,55,32,27,0,59,114,YES,1,3,YES,Atlanta,24,24,48,26,32,0,58,106,NO,1,2,YES,103,117,220,97.32,108.91,206.23,-5.5,212
1992,17-Nov,,Tue,Golden State,34,23,57,31,37,0,68,125,NO,1,1,NO,Miami,28,33,61,27,31,0,58,119,YES,2,2,YES,118,126,244,112.32,117.91,230.23,-2.5,228
1992,17-Nov,,Tue,Sacramento,19,27,46,28,35,0,63,109,YES,1,0,NO,Houston,35,24,59,31,26,0,57,116,NO,1,2,YES,105,120,225,99.32,111.91,211.23,-7,204
1992,17-Nov,,Tue,Dallas,21,30,51,23,37,0,60,111,YES,2,1,NO,New Orleans,37,33,70,36,28,0,64,134,NO,2,2,NO,121,124,245,115.32,115.91,231.23,-10,228.5
1992,18-Nov,,Wed,Utah,20,22,42,29,21,0,50,92,NO,0,1,NO,Boston,19,20,39,23,29,0,52,91,YES,2,0,YES,81,102,183,75.32,93.91,169.23,-5,214
1992,18-Nov,,Wed,Orlando,28,28,56,31,33,0,64,120,NO,3,0,YES,Philadelphia,22,24,46,28,36,0,64,110,NO,1,4,YES,102,128,230,96.32,119.91,216.23,-5,225.5
1992,18-Nov,,Wed,Sacramento,26,26,52,23,36,0,59,111,NO,0,1,YES,Phoenix,33,29,62,35,30,0,65,127,YES,2,1,NO,114,124,238,108.32,115.91,224.23,-12,224.5
1992,19-Nov,,Thu,Brooklyn,24,30,54,24,30,0,54,108,YES,1,1,YES,Atlanta,21,33,54,27,20,0,47,101,NO,1,1,NO,108,101,209,102.32,92.91,195.23,-5,207
1992,19-Nov,,Thu,New York,26,17,43,27,21,0,48,91,NO,1,1,YES,LAC,26,24,50,19,32,0,51,101,NO,1,1,NO,93,99,192,87.32,90.91,178.23,-2,195
1992,19-Nov,,Thu,Chicago,37,21,58,31,19,0,50,108,NO,1,0,NO,Oklahoma City,20,24,44,23,32,0,55,99,NO,1,1,NO,102,105,207,96.32,96.91,193.23,2.5,204
1992,19-Nov,,Thu,Cleveland,19,26,45,26,21,0,47,92,NO,1,1,NO,Houston,22,26,48,23,28,0,51,99,NO,1,1,NO,93,98,191,87.32,89.91,177.23,-3,198.5
1992,19-Nov,,Thu,Detroit,25,21,46,24,17,0,41,87,NO,1,1,NO,Denver,18,29,47,32,20,0,52,99,NO,1,1,YES,93,93,186,87.32,84.91,172.23,-1,195.5
1992,19-Nov,,Thu,Golden State,29,30,59,22,21,0,43,102,NO,1,0,NO,Orlando,19,38,57,40,29,0,69,126,YES,1,0,YES,116,112,228,110.32,103.91,214.23,0,235
1992,19-Nov,,Thu,Dallas,22,27,49,21,25,0,46,95,NO,1,1,YES,San Antonio,30,32,62,33,28,0,61,123,YES,1,1,NO,111,107,218,105.32,98.91,204.23,-11.5,216
1992,20-Nov,,Fri,Miami,22,21,43,31,26,28,57,100,YES,2,0,YES,Philadelphia,20,30,50,27,23,29,50,100,YES,0,1,NO,93,107,200,87.32,98.91,186.23,-4,224.5
1992,20-Nov,,Fri,Chicago,30,26,56,32,22,8,54,110,NO,0,1,NO,LAL,28,25,53,23,34,10,57,110,NO,1,4,NO,109,111,220,103.32,102.91,206.23,3.5,205.5
1992,20-Nov,,Fri,Utah,25,29,54,21,22,0,43,97,NO,1,0,NO,Indiana,31,23,54,27,14,0,41,95,YES,0,2,NO,108,84,192,102.32,75.91,178.23,-2.5,217.5
1992,20-Nov,,Fri,Washington,23,23,46,25,37,0,62,108,YES,2,0,YES,Minnesota,21,26,47,23,30,0,53,100,YES,0,2,NO,93,115,208,87.32,106.91,194.23,-5,0
1992,20-Nov,,Fri,Portland,24,24,48,28,28,0,56,104,YES,3,1,YES,Sacramento,18,21,39,30,30,0,60,99,NO,2,1,YES,87,116,203,81.32,107.91,189.23,6,227
1992,20-Nov,,Fri,Golden State,26,28,54,26,20,10,46,100,NO,0,1,NO,New Orleans,14,29,43,26,31,17,57,100,YES,0,2,NO,97,103,200,91.32,94.91,186.23,-2,234.5
1992,21-Nov,,Sat,Boston,23,22,45,29,33,0,62,107,YES,2,1,YES,Atlanta,26,28,54,32,30,0,62,116,YES,1,1,NO,99,124,223,93.32,115.91,209.23,-3,203.5
1992,21-Nov,,Sat,Philadelphia,22,19,41,25,38,0,63,104,YES,0,2,NO,Brooklyn,22,29,51,19,25,0,44,95,NO,0,1,YES,92,107,199,86.32,98.91,185.23,-8,218
1992,21-Nov,,Sat,Orlando,17,20,37,24,16,0,40,77,YES,1,3,YES,New York,26,25,51,19,22,0,41,92,NO,2,1,YES,88,81,169,82.32,72.91,155.23,-7.5,199.5
1992,21-Nov,,Sat,Cleveland,18,30,48,35,36,0,71,119,NO,1,2,YES,Dallas,23,27,50,22,36,0,58,108,NO,3,1,YES,98,129,227,92.32,120.91,213.23,6,219.5
1992,21-Nov,,Sat,Detroit,22,28,50,20,31,0,51,101,NO,1,0,NO,Oklahoma City,37,28,65,31,42,0,73,138,YES,1,1,NO,115,124,239,109.32,115.91,225.23,-9.5,195
1992,21-Nov,,Sat,Indiana,25,20,45,23,27,0,50,95,YES,0,2,YES,Milwaukee,36,20,56,20,29,0,49,105,YES,2,3,YES,101,99,200,95.32,90.91,186.23,-6.5,217
1992,21-Nov,,Sat,New Orleans,27,38,65,32,26,0,58,123,YES,0,2,YES,Miami,31,32,63,25,23,0,48,111,YES,2,0,YES,128,106,234,122.32,97.91,220.23,-4,217
1992,21-Nov,,Sat,Utah,24,25,49,25,35,0,60,109,NO,0,3,YES,Washington,28,23,51,34,41,0,75,126,YES,2,0,YES,100,135,235,94.32,126.91,221.23,5,204.5
1992,21-Nov,,Sat,Minnesota,33,32,65,30,23,0,53,118,YES,0,3,YES,Denver,44,33,77,22,32,0,54,131,YES,0,1,NO,142,107,249,136.32,98.91,235.23,-4.5,205
1992,21-Nov,,Sat,Phoenix,27,30,57,22,28,0,50,107,YES,2,0,YES,LAC,32,26,58,26,27,0,53,111,YES,2,1,NO,115,103,218,109.32,94.91,204.23,1.5,215.5
1992,21-Nov,,Sat,San Antonio,20,31,51,31,18,0,49,100,YES,1,2,NO,Houston,26,22,48,27,28,0,55,103,NO,2,1,NO,99,104,203,93.32,95.91,189.23,-4,192
1992,22-Nov,,Sun,Golden State,25,24,49,35,30,0,65,114,NO,1,1,YES,Brooklyn,19,25,44,31,26,0,57,101,YES,1,0,NO,93,122,215,87.32,113.91,201.23,-3.5,227
1992,22-Nov,,Sun,Chicago,43,31,74,28,26,0,54,128,NO,1,1,NO,Phoenix,35,27,62,29,20,0,49,111,NO,2,0,YES,136,103,239,130.32,94.91,225.23,0,216.5
1992,22-Nov,,Sun,Detroit,19,24,43,18,29,0,47,90,NO,0,2,YES,Portland,25,31,56,26,33,0,59,115,NO,1,1,YES,99,106,205,93.32,97.91,191.23,-14,209
1992,22-Nov,,Sun,Denver,28,32,60,26,21,0,47,107,YES,0,2,YES,LAL,42,26,68,27,24,0,51,119,NO,2,1,NO,128,98,226,122.32,89.91,212.23,-10,215.5
1992,23-Nov,,Mon,Atlanta,25,25,50,21,22,8,43,93,YES,1,1,NO,Boston,24,25,49,28,16,4,44,93,NO,1,1,YES,99,87,186,93.32,78.91,172.23,-6,209.5
1992,23-Nov,,Mon,Oklahoma City,26,20,46,31,22,0,53,99,YES,1,0,YES,Sacramento,30,33,63,13,27,0,40,103,YES,1,2,NO,109,93,202,103.32,84.91,188.23,4.5,221
1992,24-Nov,,Tue,Brooklyn,24,25,49,21,27,0,48,97,YES,1,0,NO,Oklahoma City,30,29,59,21,23,0,44,103,YES,2,0,YES,108,92,200,102.32,83.91,186.23,-9,213
1992,24-Nov,,Tue,Washington,25,17,42,21,25,0,46,88,YES,2,0,NO,New York,27,14,41,25,32,0,57,98,YES,0,2,NO,83,103,186,77.32,94.91,172.23,-9.5,195
1992,24-Nov,,Tue,Philadelphia,38,24,62,25,32,0,57,119,NO,2,0,YES,New Orleans,38,19,57,38,32,0,70,127,YES,0,2,YES,119,127,246,113.32,118.91,232.23,-5.5,232
1992,24-Nov,,Tue,Chicago,23,23,46,33,22,0,55,101,NO,1,3,NO,Golden State,28,20,48,24,20,0,44,92,YES,2,1,YES,94,99,193,88.32,90.91,179.23,5,225.5
1992,24-Nov,,Tue,Milwaukee,28,30,58,23,24,0,47,105,YES,2,0,YES,Cleveland,29,29,58,24,27,0,51,109,YES,0,2,YES,116,98,214,110.32,89.91,200.23,-9,215.5
1992,24-Nov,,Tue,Miami,19,22,41,19,22,0,41,82,YES,2,0,YES,Indiana,26,30,56,32,26,0,58,114,YES,0,2,YES,97,99,196,91.32,90.91,182.23,-6,213.5
1992,24-Nov,,Tue,San Antonio,24,24,48,17,26,0,43,91,NO,2,0,NO,Portland,20,27,47,29,19,0,48,95,YES,0,1,NO,95,91,186,89.32,82.91,172.23,-12,213.5
1992,24-Nov,,Tue,LAC,20,21,41,21,21,0,42,83,YES,2,0,NO,Houston,22,18,40,24,24,0,48,88,YES,0,2,NO,81,90,171,75.32,81.91,157.23,-4,199
1992,25-Nov,,Wed,Washington,29,22,51,15,46,0,61,112,NO,0,1,YES,Boston,41,36,77,33,40,0,73,150,NO,1,1,NO,128,134,262,122.32,125.91,248.23,-8,203
1992,25-Nov,,Wed,Brooklyn,31,25,56,20,24,0,44,100,NO,0,1,NO,LAL,32,22,54,29,15,0,44,98,YES,1,2,NO,110,88,198,104.32,79.91,184.23,-7.5,210
1992,25-Nov,,Wed,New York,24,21,45,27,27,0,54,99,YES,0,2,YES,Minnesota,19,17,36,27,15,0,42,78,YES,1,3,YES,81,96,177,75.32,87.91,163.23,3.5,196
1992,25-Nov,,Wed,Atlanta,28,21,49,35,27,0,62,111,NO,1,1,NO,Philadelphia,31,31,62,20,23,0,43,105,NO,1,0,YES,111,105,216,105.32,96.91,202.23,-4.5,222
1992,25-Nov,,Wed,Cleveland,17,24,41,28,16,0,44,85,YES,0,1,YES,Milwaukee,24,28,52,19,23,0,42,94,YES,1,0,YES,93,86,179,87.32,77.91,165.23,-1,208
1992,25-Nov,,Wed,New Orleans,30,24,54,24,23,0,47,101,YES,0,1,NO,Detroit,34,27,61,19,17,0,36,97,YES,2,2,YES,115,83,198,109.32,74.91,184.23,-5.5,206
1992,25-Nov,,Wed,Indiana,19,30,49,24,20,0,44,93,YES,0,1,YES,Miami,29,23,52,24,34,0,58,110,NO,1,0,YES,101,102,203,95.32,93.91,189.23,-4,210
1992,25-Nov,,Wed,Houston,21,26,47,25,22,0,47,94,YES,0,1,NO,Orlando,29,22,51,21,35,0,56,107,YES,1,3,YES,98,103,201,92.32,94.91,187.23,-5.5,199.5
1992,25-Nov,,Wed,Sacramento,18,21,39,25,35,0,60,99,YES,1,2,YES,Denver,26,26,52,28,34,0,62,114,YES,1,2,YES,91,122,213,85.32,113.91,199.23,-2.5,224.5
1992,25-Nov,,Wed,Portland,31,26,57,34,26,0,60,117,YES,0,1,YES,Phoenix,35,28,63,29,29,0,58,121,NO,1,2,NO,120,118,238,114.32,109.91,224.23,-4,226
1992,25-Nov,,Wed,San Antonio,31,32,63,33,32,0,65,128,NO,0,2,YES,Utah,22,23,45,33,24,0,57,102,NO,1,3,YES,108,122,230,102.32,113.91,216.23,-11,205
1992,25-Nov,,Wed,LAC,39,22,61,36,33,0,69,130,NO,0,1,YES,Dallas,28,25,53,24,35,0,59,112,NO,1,3,NO,114,128,242,108.32,119.91,228.23,5.5,220
1992,27-Nov,,Fri,New Orleans,32,34,66,22,14,0,36,102,NO,1,0,YES,Boston,25,35,60,34,17,0,51,111,YES,0,1,NO,126,87,213,120.32,78.91,199.23,-6.5,228
1992,27-Nov,,Fri,Brooklyn,29,35,64,27,21,0,48,112,NO,1,0,NO,Utah,35,17,52,29,29,0,58,110,YES,0,1,NO,116,106,222,110.32,97.91,208.23,-10,209
1992,27-Nov,,Fri,Milwaukee,32,25,57,26,32,0,58,115,YES,1,0,YES,Philadelphia,25,29,54,25,32,0,57,111,NO,0,1,NO,111,115,226,105.32,106.91,212.23,-4,222
1992,27-Nov,,Fri,Atlanta,23,21,44,22,35,0,57,101,NO,1,0,YES,Cleveland,21,29,50,44,28,0,72,122,YES,0,1,YES,94,129,223,88.32,120.91,209.23,-8,210.5
1992,27-Nov,,Fri,Orlando,36,30,66,34,30,0,64,130,YES,1,0,YES,Indiana,20,27,47,33,36,0,69,116,YES,0,1,YES,113,133,246,107.32,124.91,232.23,-5.5,213
1992,27-Nov,,Fri,Houston,23,25,48,28,25,0,53,101,NO,1,0,YES,Miami,23,22,45,20,28,0,48,93,YES,0,1,NO,93,101,194,87.32,92.91,180.23,-2.5,196
1992,27-Nov,,Fri,Minnesota,29,25,54,27,21,0,48,102,YES,1,0,YES,Washington,25,22,47,23,13,0,36,83,YES,0,1,YES,101,84,185,95.32,75.91,171.23,-4,207
1992,27-Nov,,Fri,Denver,16,33,49,30,30,0,60,109,YES,1,0,YES,LAC,28,22,50,39,17,0,56,106,YES,0,1,YES,99,116,215,93.32,107.91,201.23,-11,223
1992,27-Nov,,Fri,Oklahoma City,40,26,66,33,28,0,61,127,YES,2,0,NO,Dallas,25,27,52,21,31,0,52,104,YES,1,1,NO,118,113,231,112.32,104.91,217.23,7,226.5
1992,27-Nov,,Fri,LAL,27,24,51,27,20,0,47,98,YES,1,1,YES,Portland,21,19,40,28,22,0,50,90,NO,1,1,YES,91,97,188,85.32,88.91,174.23,-10.5,213.5
1992,27-Nov,,Fri,Golden State,25,30,55,24,28,0,52,107,YES,2,0,YES,Phoenix,31,31,62,24,35,0,59,121,YES,0,1,NO,117,111,228,111.32,102.91,214.23,-10,234.5
1992,28-Nov,,Sat,Boston,27,27,54,28,35,0,63,117,YES,0,2,NO,Philadelphia,31,27,58,22,29,0,51,109,NO,3,0,NO,112,114,226,106.32,105.91,212.23,-4,219.5
1992,28-Nov,,Sat,Brooklyn,32,15,47,17,30,0,47,94,NO,0,3,YES,Sacramento,24,23,47,24,18,0,42,89,YES,0,2,YES,94,89,183,88.32,80.91,169.23,-3.5,209
1992,28-Nov,,Sat,Chicago,16,16,32,21,22,0,43,75,NO,3,3,NO,New York,26,23,49,33,30,0,63,112,YES,0,2,YES,81,106,187,75.32,97.91,173.23,4,188
1992,28-Nov,,Sat,Cleveland,22,18,40,25,28,0,53,93,YES,0,2,YES,Orlando,18,24,42,25,28,0,53,95,YES,2,0,YES,82,106,188,76.32,97.91,174.23,-4.5,210
1992,28-Nov,,Sat,Detroit,22,19,41,20,19,0,39,80,YES,2,0,YES,Minnesota,21,25,46,21,15,0,36,82,YES,4,0,YES,87,75,162,81.32,66.91,148.23,-2.5,191
1992,28-Nov,,Sat,Indiana,38,38,76,37,21,0,58,134,YES,0,2,NO,New Orleans,36,34,70,26,26,0,52,122,YES,2,0,YES,146,110,256,140.32,101.91,242.23,-5,223
1992,28-Nov,,Sat,Washington,30,17,47,34,14,0,48,95,YES,0,2,YES,Milwaukee,23,23,46,32,19,0,51,97,NO,3,0,YES,93,99,192,87.32,90.91,178.23,-11,209
1992,28-Nov,,Sat,Miami,34,28,62,19,19,0,38,100,YES,0,3,NO,Atlanta,24,30,54,34,24,0,58,112,NO,2,0,YES,116,96,212,110.32,87.91,198.23,-7,206
1992,28-Nov,,Sat,LAC,25,29,54,33,34,0,67,121,YES,0,4,YES,Denver,25,32,57,32,30,0,62,119,NO,2,0,YES,111,129,240,105.32,120.91,226.23,0,215.5
1992,28-Nov,,Sat,Oklahoma City,23,25,48,23,26,0,49,97,NO,0,2,YES,San Antonio,24,27,51,24,29,0,53,104,YES,2,2,YES,99,102,201,93.32,93.91,187.23,-2.5,206.5
1992,28-Nov,,Sat,Utah,21,27,48,27,33,0,60,108,YES,0,2,YES,Houston,26,24,50,27,22,0,49,99,YES,2,0,YES,98,109,207,92.32,100.91,193.23,-3,194.5
1992,28-Nov,,Sat,Phoenix,30,32,62,32,37,0,69,131,YES,0,2,YES,Golden State,37,34,71,31,32,0,63,134,NO,3,0,YES,133,132,265,127.32,123.91,251.23,0,223.5
1992,29-Nov,,Sun,New York,15,19,34,16,26,0,42,76,YES,0,1,YES,Detroit,21,31,52,21,19,0,40,92,YES,4,0,YES,86,82,168,80.32,73.91,154.23,0,177
1992,29-Nov,,Sun,Sacramento,26,26,52,23,24,0,47,99,YES,0,1,YES,Portland,23,32,55,24,28,0,52,107,YES,1,1,NO,107,99,206,101.32,90.91,192.23,-15,223.5
1992,29-Nov,,Sun,Dallas,12,20,32,21,32,0,53,85,YES,1,1,NO,LAL,28,29,57,34,23,0,57,114,YES,1,1,YES,89,110,199,83.32,101.91,185.23,-16,226
1992,1-Dec,,Tue,Boston,27,22,49,24,28,0,52,101,NO,2,0,YES,Cleveland,26,25,51,29,31,0,60,111,NO,1,2,YES,100,112,212,94.32,103.91,198.23,-7,213.5
1992,1-Dec,,Tue,Portland,14,16,30,24,31,0,55,85,YES,1,0,NO,New York,25,22,47,26,28,0,54,101,YES,1,1,YES,77,109,186,71.32,100.91,172.23,-1,190
1992,1-Dec,,Tue,Indiana,26,25,51,26,30,0,56,107,NO,2,0,YES,Atlanta,29,31,60,22,37,0,59,119,YES,0,2,NO,111,115,226,105.32,106.91,212.23,-5,218
1992,1-Dec,,Tue,Orlando,34,24,58,21,23,0,44,102,YES,2,1,NO,Oklahoma City,26,25,51,29,36,0,65,116,NO,1,2,YES,109,109,218,103.32,100.91,204.23,-6.5,0
1992,1-Dec,,Tue,San Antonio,22,29,51,26,29,0,55,106,YES,2,0,NO,Washington,39,25,64,28,27,0,55,119,NO,1,2,YES,115,110,225,109.32,101.91,211.23,2,204.5
1992,1-Dec,,Tue,Houston,28,26,54,27,24,0,51,105,YES,2,1,YES,Denver,39,19,58,23,31,0,54,112,NO,2,2,NO,112,105,217,106.32,96.91,203.23,0,206
1992,1-Dec,,Tue,Dallas,18,30,48,26,27,0,53,101,NO,1,1,NO,Utah,27,32,59,25,32,0,57,116,NO,1,2,YES,107,110,217,101.32,101.91,203.23,-19,223.5
1992,1-Dec,,Tue,LAL,30,20,50,24,36,0,60,110,YES,1,1,NO,Sacramento,26,34,60,28,29,0,57,117,NO,2,1,YES,110,117,227,104.32,108.91,213.23,-1,205.5
1992,1-Dec,,Tue,New Orleans,25,17,42,28,20,0,48,90,YES,2,0,NO,Phoenix,23,32,55,29,25,0,54,109,NO,2,2,YES,97,102,199,91.32,93.91,185.23,-10.5,233
1992,2-Dec,,Wed,Chicago,32,19,51,19,26,0,45,96,NO,3,1,YES,Boston,22,22,44,34,23,0,57,101,NO,1,0,YES,95,102,197,89.32,93.91,183.23,6.5,202.5
1992,2-Dec,,Wed,Atlanta,26,25,51,29,35,0,64,115,YES,0,1,NO,Brooklyn,29,34,63,26,33,0,59,122,NO,1,3,YES,114,123,237,108.32,114.91,223.23,-6.5,206.5
1992,2-Dec,,Wed,San Antonio,28,18,46,24,28,0,52,98,NO,0,1,NO,Philadelphia,27,18,45,16,21,0,37,82,NO,1,3,NO,91,89,180,85.32,80.91,166.23,0,221
1992,2-Dec,,Wed,Portland,21,30,51,26,35,0,61,112,NO,0,1,NO,Indiana,36,25,61,19,23,0,42,103,NO,1,0,YES,112,103,215,106.32,94.91,201.23,2.5,218.5
1992,2-Dec,,Wed,Miami,26,24,50,22,25,0,47,97,NO,3,1,NO,Milwaukee,29,23,52,28,20,0,48,100,YES,0,3,NO,102,95,197,96.32,86.91,183.23,-10,207
1992,2-Dec,,Wed,New Orleans,30,29,59,22,30,0,52,111,NO,0,1,NO,Golden State,28,30,58,31,21,0,52,110,YES,1,3,NO,117,104,221,111.32,95.91,207.23,-8.5,236.5
1992,3-Dec,,Thu,New York,28,27,55,17,18,0,35,90,YES,1,1,YES,Cleveland,26,24,50,25,25,0,50,100,NO,1,1,NO,105,85,190,99.32,76.91,176.23,-5,193.5
1992,3-Dec,,Thu,Milwaukee,29,29,58,20,17,0,37,95,YES,0,1,NO,Washington,35,28,63,23,27,0,50,113,NO,1,1,NO,121,87,208,115.32,78.91,194.23,0,213.5
1992,3-Dec,,Thu,Orlando,23,29,52,26,26,0,52,104,NO,1,1,NO,LAC,32,29,61,33,28,0,61,122,NO,1,4,YES,113,113,226,107.32,104.91,212.23,-3.5,213
1992,3-Dec,,Thu,Minnesota,15,20,35,19,37,0,56,91,YES,4,1,NO,Utah,22,33,55,27,28,0,55,110,NO,1,1,NO,90,111,201,84.32,102.91,187.23,-13,213.5
1992,3-Dec,,Thu,Dallas,27,21,48,20,40,0,60,108,NO,1,1,YES,Oklahoma City,29,38,67,32,26,0,58,125,NO,1,1,NO,115,118,233,109.32,109.91,219.23,-21,222.5
1992,3-Dec,,Thu,LAL,23,19,42,24,29,0,53,95,NO,1,0,NO,Houston,21,23,44,21,24,0,45,89,YES,1,1,YES,86,98,184,80.32,89.91,170.23,-4.5,195.5
1992,4-Dec,,Fri,Miami,30,27,57,23,24,0,47,104,NO,1,0,YES,Boston,37,23,60,23,31,0,54,114,YES,0,1,NO,117,101,218,111.32,92.91,204.23,-9,209
1992,4-Dec,,Fri,San Antonio,23,24,47,28,21,7,49,96,NO,1,0,NO,Brooklyn,23,15,38,32,26,12,58,96,YES,0,1,NO,85,107,192,79.32,98.91,178.23,-4.5,205
1992,4-Dec,,Fri,Detroit,29,26,55,24,22,0,46,101,YES,4,0,YES,Philadelphia,21,32,53,20,26,0,46,99,YES,0,1,NO,108,92,200,102.32,83.91,186.23,0,201.5
1992,4-Dec,,Fri,Portland,23,24,47,22,30,0,52,99,NO,1,0,NO,Chicago,21,24,45,30,36,0,66,111,NO,0,1,YES,92,118,210,86.32,109.91,196.23,-7,0
1992,4-Dec,,Fri,Atlanta,37,32,69,20,17,0,37,106,NO,1,0,YES,Indiana,30,36,66,21,35,0,56,122,YES,0,1,NO,135,93,228,129.32,84.91,214.23,-6,218
1992,4-Dec,,Fri,Golden State,32,28,60,29,24,0,53,113,YES,1,0,YES,Denver,31,30,61,21,34,0,55,116,YES,0,2,NO,121,108,229,115.32,99.91,215.23,-3,234
1992,4-Dec,,Fri,LAL,22,26,48,25,20,0,45,93,NO,0,1,YES,Phoenix,22,32,54,23,26,0,49,103,YES,1,2,NO,102,94,196,96.32,85.91,182.23,-10.5,214.5
1992,4-Dec,,Fri,New Orleans,31,21,52,28,32,0,60,112,NO,1,0,NO,Sacramento,28,29,57,32,22,0,54,111,NO,3,2,NO,109,114,223,103.32,105.91,209.23,-4.5,224
1992,5-Dec,,Sat,Boston,24,18,42,27,20,0,47,89,YES,0,2,NO,Chicago,22,27,49,26,21,0,47,96,YES,2,0,NO,91,94,185,85.32,85.91,171.23,-12,207
1992,5-Dec,,Sat,Brooklyn,24,25,49,33,29,0,62,111,YES,0,2,YES,Miami,25,29,54,27,23,0,50,104,YES,2,0,YES,103,112,215,97.32,103.91,201.23,-3,203.5
1992,5-Dec,,Sat,Milwaukee,22,27,49,25,24,0,49,98,NO,1,0,YES,New York,33,27,60,31,20,0,51,111,NO,2,1,YES,109,100,209,103.32,91.91,195.23,-6.5,188
1992,5-Dec,,Sat,Philadelphia,22,26,48,18,22,0,40,88,YES,0,3,YES,Detroit,33,27,60,27,25,0,52,112,NO,3,0,YES,108,92,200,102.32,83.91,186.23,-5.5,195
1992,5-Dec,,Sat,Portland,30,19,49,21,26,0,47,96,NO,0,2,YES,Cleveland,23,25,48,26,20,0,46,94,NO,2,1,NO,97,93,190,91.32,84.91,176.23,-5,209
1992,5-Dec,,Sat,Indiana,33,29,62,25,24,0,49,111,YES,0,2,NO,Washington,28,36,64,28,17,0,45,109,YES,2,1,NO,126,94,220,120.32,85.91,206.23,-4,224
1992,5-Dec,,Sat,San Antonio,23,23,46,29,30,0,59,105,NO,0,2,YES,Atlanta,29,28,57,30,26,0,56,113,NO,2,0,YES,103,115,218,97.32,106.91,204.23,-4.5,207.5
1992,5-Dec,,Sat,Orlando,25,32,57,19,28,0,47,104,NO,1,2,YES,Golden State,28,41,69,24,26,0,50,119,NO,2,0,YES,126,97,223,120.32,88.91,209.23,-6,228.5
1992,5-Dec,,Sat,Denver,15,28,43,27,19,0,46,89,YES,0,3,NO,Utah,28,36,64,26,29,0,55,119,YES,2,1,NO,107,101,208,101.32,92.91,194.23,-14,224.5
1992,5-Dec,,Sat,Minnesota,25,24,49,17,21,0,38,87,NO,1,0,NO,Oklahoma City,30,32,62,30,32,0,62,124,YES,2,1,NO,111,100,211,105.32,91.91,197.23,-14,213.5
1992,5-Dec,,Sat,New Orleans,27,26,53,30,26,0,56,109,NO,0,3,YES,LAC,27,26,53,34,32,0,66,119,YES,2,1,NO,106,122,228,100.32,113.91,214.23,-10,223
1992,5-Dec,,Sat,Houston,27,33,60,32,25,0,57,117,YES,1,2,YES,Dallas,21,30,51,26,19,0,45,96,NO,2,1,YES,111,102,213,105.32,93.91,199.23,10.5,214.5
1992,6-Dec,,Sun,Phoenix,27,36,63,27,32,0,59,122,YES,1,1,NO,Milwaukee,30,25,55,19,38,0,57,112,YES,1,0,YES,118,116,234,112.32,107.91,220.23,-1,208
1992,6-Dec,,Sun,Minnesota,29,20,49,19,17,0,36,85,NO,0,1,NO,LAL,28,29,57,26,24,0,50,107,NO,2,1,YES,106,86,192,100.32,77.91,178.23,-11,205.5
1992,8-Dec,,Tue,Boston,30,32,62,27,28,0,55,117,NO,2,0,YES,Orlando,31,27,58,24,20,0,44,102,YES,0,2,YES,120,99,219,114.32,90.91,205.23,-6,209.5
1992,8-Dec,,Tue,Phoenix,33,24,57,29,19,0,48,105,NO,1,0,NO,Brooklyn,27,23,50,26,24,0,50,100,NO,1,2,YES,107,98,205,101.32,89.91,191.23,0,211
1992,8-Dec,,Tue,Oklahoma City,23,15,38,23,27,0,50,88,YES,2,0,NO,New York,30,20,50,25,25,0,50,100,NO,1,2,NO,88,100,188,82.32,91.91,174.23,-5.5,192.5
1992,8-Dec,,Tue,Chicago,28,26,54,25,35,0,60,114,YES,2,0,YES,Atlanta,33,34,67,26,30,0,56,123,NO,2,2,NO,121,116,237,115.32,107.91,223.23,8,210.5
1992,8-Dec,,Tue,LAC,24,27,51,27,37,0,64,115,YES,2,1,NO,Cleveland,31,18,49,32,25,0,57,106,YES,0,2,NO,100,121,221,94.32,112.91,207.23,-8.5,212.5
1992,8-Dec,,Tue,Indiana,29,26,55,41,29,0,70,125,NO,2,1,NO,Golden State,23,31,54,25,36,0,61,115,NO,1,2,NO,109,131,240,103.32,122.91,226.23,-6,232
1992,8-Dec,,Tue,Milwaukee,26,22,48,24,25,0,49,97,YES,1,1,NO,Portland,32,35,67,24,35,0,59,126,YES,0,2,YES,115,108,223,109.32,99.91,209.23,-9.5,207.5
1992,8-Dec,,Tue,Miami,28,30,58,34,34,0,68,126,YES,2,1,NO,Dallas,26,27,53,32,27,0,59,112,NO,1,2,NO,111,127,238,105.32,118.91,224.23,7,220.5
1992,8-Dec,,Tue,Washington,27,27,54,32,28,0,60,114,YES,2,1,NO,Sacramento,25,21,46,28,32,0,60,106,NO,1,3,NO,100,120,220,94.32,111.91,206.23,-5,218
1992,8-Dec,,Tue,Minnesota,25,21,46,22,26,0,48,94,NO,1,1,NO,Houston,32,16,48,24,30,0,54,102,YES,2,2,YES,94,102,196,88.32,93.91,182.23,-13,193
1992,8-Dec,,Tue,Utah,21,21,42,30,31,0,61,103,YES,2,1,YES,San Antonio,23,30,53,33,35,0,68,121,NO,1,2,YES,95,129,224,89.32,120.91,210.23,-2,202.5
1992,9-Dec,,Wed,Denver,28,21,49,40,30,0,70,119,NO,3,1,NO,Boston,40,33,73,26,30,0,56,129,NO,1,0,YES,122,126,248,116.32,117.91,234.23,-10,220
1992,9-Dec,,Wed,Oklahoma City,33,21,54,23,27,0,50,104,NO,0,1,NO,Philadelphia,38,31,69,30,16,0,46,115,NO,1,3,YES,123,96,219,117.32,87.91,205.23,3,225.5
1992,9-Dec,,Wed,Cleveland,13,22,35,23,33,0,56,91,YES,0,1,NO,Chicago,26,20,46,34,28,0,62,108,NO,1,0,YES,81,118,199,75.32,109.91,185.23,-10,194.5
1992,9-Dec,,Wed,Orlando,23,28,51,24,28,0,52,103,YES,0,1,YES,Detroit,26,27,53,29,26,0,55,108,NO,1,3,NO,104,107,211,98.32,98.91,197.23,-4,193
1992,9-Dec,,Wed,Portland,23,23,46,30,35,0,65,111,YES,0,1,YES,LAL,31,32,63,30,31,0,61,124,NO,1,2,NO,109,126,235,103.32,117.91,221.23,3,207
1992,9-Dec,,Wed,Phoenix,22,29,51,30,29,0,59,110,NO,0,1,NO,New Orleans,27,27,54,24,23,0,47,101,YES,0,3,YES,105,106,211,99.32,97.91,197.23,-1,229
1992,10-Dec,,Thu,LAC,25,26,51,31,23,0,54,105,NO,1,0,NO,Brooklyn,25,37,62,25,24,0,49,111,YES,1,1,NO,113,103,216,107.32,94.91,202.23,-3.5,211
1992,10-Dec,,Thu,New Orleans,23,20,43,33,18,16,51,94,YES,0,1,YES,New York,28,23,51,22,21,9,43,94,NO,1,1,NO,94,94,188,88.32,85.91,174.23,-9.5,198
1992,10-Dec,,Thu,Indiana,26,27,53,25,28,0,53,106,NO,1,0,NO,Sacramento,26,26,52,18,29,0,47,99,NO,1,1,NO,105,100,205,99.32,91.91,191.23,-2,222
1992,10-Dec,,Thu,Milwaukee,23,42,65,24,13,0,37,102,NO,1,1,NO,Golden State,30,28,58,30,26,0,56,114,YES,1,1,NO,123,93,216,117.32,84.91,202.23,-6,221
1992,10-Dec,,Thu,Miami,15,30,45,30,16,0,46,91,NO,1,1,YES,San Antonio,18,30,48,31,22,0,53,101,YES,1,1,NO,93,99,192,87.32,90.91,178.23,-8.5,207
1992,10-Dec,,Thu,Washington,31,24,55,19,22,0,41,96,NO,1,0,NO,Utah,27,38,65,23,24,0,47,112,NO,1,1,YES,120,88,208,114.32,79.91,194.23,-10.5,219.5
1992,10-Dec,,Thu,Minnesota,33,25,58,19,34,0,53,111,NO,1,1,YES,Dallas,17,19,36,22,30,0,52,88,NO,1,1,NO,94,105,199,88.32,96.91,185.23,3,215
1992,11-Dec,,Fri,Oklahoma City,33,19,52,24,24,0,48,100,NO,1,0,NO,Boston,24,20,44,24,22,0,46,90,YES,3,1,NO,96,94,190,90.32,85.91,176.23,-5,216
1992,11-Dec,,Fri,LAC,32,36,68,27,30,0,57,125,NO,0,1,YES,Philadelphia,33,21,54,27,29,0,56,110,YES,0,1,NO,122,113,235,116.32,104.91,221.23,0,229
1992,11-Dec,,Fri,Houston,36,20,56,30,24,0,54,110,YES,2,0,NO,Chicago,34,20,54,23,19,0,42,96,NO,0,1,NO,110,96,206,104.32,87.91,192.23,-12.5,193.5
1992,11-Dec,,Fri,Cleveland,21,35,56,23,24,0,47,103,NO,1,0,YES,Detroit,26,28,54,34,19,0,53,107,YES,0,1,NO,110,100,210,104.32,91.91,196.23,0,186.5
1992,11-Dec,,Fri,Indiana,27,28,55,33,24,22,57,112,NO,0,1,NO,Portland,39,21,60,32,20,12,52,112,NO,1,1,YES,115,109,224,109.32,100.91,210.23,-12,221
1992,11-Dec,,Fri,Denver,24,30,54,25,20,8,45,99,NO,1,0,NO,Atlanta,26,29,55,18,26,13,44,99,NO,0,2,NO,109,89,198,103.32,80.91,184.23,-8.5,228.5
1992,11-Dec,,Fri,Phoenix,27,35,62,20,26,0,46,108,NO,1,0,NO,Orlando,20,36,56,28,23,0,51,107,NO,3,1,YES,118,97,215,112.32,88.91,201.23,0,217.5
1992,11-Dec,,Fri,Washington,23,23,46,26,21,0,47,93,NO,0,1,NO,LAL,34,28,62,21,35,0,56,118,NO,1,1,NO,108,103,211,102.32,94.91,197.23,-9,214
1992,12-Dec,,Sat,Brooklyn,25,25,50,22,17,0,39,89,YES,1,2,YES,Chicago,24,26,50,20,25,0,45,95,NO,2,0,NO,100,84,184,94.32,75.91,170.23,-11,202
1992,12-Dec,,Sat,Detroit,28,20,48,24,16,0,40,88,YES,0,2,NO,New York,14,27,41,22,32,0,54,95,NO,1,1,NO,89,94,183,83.32,85.91,169.23,-10,181
1992,12-Dec,,Sat,Philadelphia,32,23,55,24,24,0,48,103,YES,0,2,NO,Atlanta,26,24,50,22,24,0,46,96,NO,2,0,NO,105,94,199,99.32,85.91,185.23,-7.5,231
1992,12-Dec,,Sat,Oklahoma City,18,23,41,25,27,0,52,93,NO,0,2,YES,Cleveland,24,28,52,18,27,0,45,97,NO,2,0,YES,93,97,190,87.32,88.91,176.23,-6.5,207.5
1992,12-Dec,,Sat,Milwaukee,22,20,42,20,20,0,40,82,NO,1,0,NO,Utah,23,32,55,22,31,0,53,108,YES,3,1,NO,97,93,190,91.32,84.91,176.23,-10.5,212
1992,12-Dec,,Sat,Phoenix,30,32,62,29,31,0,60,122,NO,0,2,YES,Miami,32,24,56,29,33,0,62,118,NO,2,1,YES,118,122,240,112.32,113.91,226.23,4,214.5
1992,12-Dec,,Sat,Denver,31,16,47,26,27,0,53,100,NO,0,1,NO,New Orleans,25,41,66,17,26,0,43,109,YES,2,1,YES,113,96,209,107.32,87.91,195.23,-10,230
1992,12-Dec,,Sat,Houston,23,25,48,26,30,0,56,104,NO,0,2,NO,Minnesota,19,21,40,28,19,0,47,87,NO,2,1,YES,88,103,191,82.32,94.91,177.23,4.5,191.5
1992,12-Dec,,Sat,Golden State,31,30,61,33,30,0,63,124,YES,1,2,YES,Sacramento,37,28,65,24,31,0,55,120,YES,2,1,NO,126,118,244,120.32,109.91,230.23,-4,224.5
1992,12-Dec,,Sat,San Antonio,23,32,55,27,31,0,58,113,YES,1,2,YES,Dallas,25,28,53,17,21,0,38,91,NO,3,1,NO,108,96,204,102.32,87.91,190.23,9,214.5
1992,13-Dec,,Sun,Indiana,26,16,42,32,27,0,59,101,NO,1,2,YES,LAC,34,32,66,18,28,0,46,112,YES,1,1,YES,108,105,213,102.32,96.91,199.23,-6.5,222
1992,13-Dec,,Sun,Milwaukee,30,20,50,16,30,0,46,96,NO,0,1,NO,LAL,28,34,62,20,32,0,52,114,YES,1,1,NO,112,98,210,106.32,89.91,196.23,-10,208
1992,13-Dec,,Sun,Washington,32,29,61,13,24,0,37,98,NO,1,1,NO,Portland,24,28,52,34,31,0,65,117,YES,2,1,NO,113,102,215,107.32,93.91,201.23,-13,217
1992,14-Dec,,Mon,Denver,16,23,39,24,26,0,50,89,NO,1,1,YES,New York,21,23,44,32,30,0,62,106,YES,0,1,NO,83,112,195,77.32,103.91,181.23,-12,0
1992,15-Dec,,Tue,Boston,31,19,50,31,22,21,53,103,YES,3,0,NO,Minnesota,22,26,48,23,32,16,55,103,YES,2,2,NO,98,108,206,92.32,99.91,192.23,3.5,197.5
1992,15-Dec,,Tue,New York,28,31,59,22,27,0,49,108,YES,0,2,NO,Brooklyn,33,23,56,20,18,0,38,94,YES,1,2,YES,115,87,202,109.32,78.91,188.23,-2,189
1992,15-Dec,,Tue,Philadelphia,32,20,52,24,31,0,55,107,NO,2,0,YES,Orlando,40,29,69,31,19,0,50,119,NO,1,3,NO,121,105,226,115.32,96.91,212.23,-6.5,221.5
1992,15-Dec,,Tue,New Orleans,25,28,53,26,31,0,57,110,YES,2,0,YES,Chicago,36,28,64,31,30,0,61,125,YES,1,2,NO,117,118,235,111.32,109.91,221.23,-12,214
1992,15-Dec,,Tue,Houston,24,19,43,28,26,0,54,97,NO,2,1,YES,Cleveland,32,30,62,32,30,0,62,124,YES,0,2,NO,105,116,221,99.32,107.91,207.23,-6.5,199.5
1992,15-Dec,,Tue,Detroit,25,26,51,34,22,0,56,107,NO,2,0,YES,Atlanta,23,13,36,30,28,0,58,94,YES,0,2,NO,87,114,201,81.32,105.91,187.23,-4.5,198
1992,15-Dec,,Tue,Milwaukee,26,26,52,20,28,0,48,100,NO,1,1,YES,Oklahoma City,22,30,52,27,29,0,56,108,NO,2,2,YES,104,104,208,98.32,95.91,194.23,-10.5,214
1992,15-Dec,,Tue,Sacramento,17,25,42,30,26,0,56,98,YES,2,1,NO,Miami,29,16,45,24,37,0,61,106,NO,2,2,NO,87,117,204,81.32,108.91,190.23,-7.5,224
1992,15-Dec,,Tue,Washington,25,24,49,29,32,0,61,110,NO,1,1,YES,Phoenix,28,31,59,30,36,0,66,125,YES,2,2,YES,108,127,235,102.32,118.91,221.23,-14,221.5
1992,15-Dec,,Tue,LAC,33,17,50,21,19,0,40,90,YES,1,0,YES,Golden State,23,32,55,30,24,0,54,109,YES,0,2,YES,105,94,199,99.32,85.91,185.23,-3,232
1992,15-Dec,,Tue,LAL,24,30,54,27,26,0,53,107,YES,1,0,NO,San Antonio,28,19,47,25,29,0,54,101,YES,1,2,YES,101,107,208,95.32,98.91,194.23,-5,198.5
1992,16-Dec,,Wed,Boston,15,21,36,29,26,0,55,91,NO,0,1,YES,Indiana,25,41,66,24,24,0,48,114,YES,1,2,YES,102,103,205,96.32,94.91,191.23,-4.5,214.5
1992,16-Dec,,Wed,Cleveland,29,25,54,30,31,0,61,115,YES,0,1,YES,Philadelphia,26,19,45,28,24,0,52,97,NO,1,0,YES,99,113,212,93.32,104.91,198.23,4,215.5
1992,16-Dec,,Wed,Atlanta,29,31,60,15,13,0,28,88,YES,0,1,NO,Detroit,23,23,46,28,15,0,43,89,NO,1,0,YES,106,71,177,100.32,62.91,163.23,-5.5,192
1992,16-Dec,,Wed,Portland,22,27,49,25,26,0,51,100,YES,2,1,NO,Denver,31,21,52,21,26,0,47,99,NO,2,1,YES,101,98,199,95.32,89.91,185.23,7.5,221
1992,16-Dec,,Wed,Utah,25,15,40,30,23,0,53,93,YES,3,1,NO,New Orleans,27,23,50,21,20,0,41,91,YES,2,0,YES,90,94,184,84.32,85.91,170.23,0,219.5
1992,16-Dec,,Wed,Golden State,23,31,54,30,24,8,54,108,YES,0,2,YES,LAC,27,26,53,28,27,6,55,108,NO,1,0,YES,107,109,216,101.32,100.91,202.23,-6,225.5
1992,16-Dec,,Wed,LAL,28,28,56,28,11,0,39,95,NO,0,1,YES,Dallas,37,18,55,25,22,0,47,102,YES,2,3,NO,111,86,197,105.32,77.91,183.23,11,214.5
1992,17-Dec,,Thu,Brooklyn,29,26,55,27,20,0,47,102,YES,1,1,NO,Milwaukee,20,31,51,22,28,0,50,101,NO,1,1,YES,106,97,203,100.32,88.91,189.23,-1.5,203.5
1992,17-Dec,,Thu,Chicago,29,28,57,25,25,0,50,107,YES,1,1,YES,Washington,27,23,50,24,25,0,49,99,NO,1,1,YES,107,99,206,101.32,90.91,192.23,8,212
1992,17-Dec,,Thu,Sacramento,22,27,49,22,20,0,42,91,NO,1,0,NO,Orlando,37,24,61,21,30,0,51,112,YES,1,1,NO,110,93,203,104.32,84.91,189.23,-9,221.5
1992,17-Dec,,Thu,San Antonio,25,27,52,21,36,0,57,109,YES,1,4,YES,Houston,29,23,52,31,38,0,69,121,NO,1,1,YES,104,126,230,98.32,117.91,216.23,-4.5,194.5
1992,18-Dec,,Fri,New York,35,25,60,24,29,0,53,113,NO,2,0,YES,Boston,23,19,42,29,16,0,45,87,YES,3,1,YES,102,98,200,96.32,89.91,186.23,-2,193
1992,18-Dec,,Fri,Utah,22,23,45,34,33,0,67,112,NO,1,0,NO,Philadelphia,25,20,45,25,28,0,53,98,YES,0,1,NO,90,120,210,84.32,111.91,196.23,6,215
1992,18-Dec,,Fri,Sacramento,31,22,53,26,29,0,55,108,NO,0,1,NO,Cleveland,36,30,66,30,23,0,53,119,NO,0,1,YES,119,108,227,113.32,99.91,213.23,-14.5,217
1992,18-Dec,,Fri,Indiana,22,23,45,29,32,0,61,106,YES,1,0,YES,Detroit,36,24,60,34,28,0,62,122,YES,0,1,NO,105,123,228,99.32,114.91,214.23,-6,200.5
1992,18-Dec,,Fri,Atlanta,31,30,61,20,27,0,47,108,NO,1,0,YES,Miami,24,22,46,30,24,0,54,100,YES,0,2,NO,107,101,208,101.32,92.91,194.23,-7.5,210
1992,18-Dec,,Fri,Minnesota,34,20,54,26,15,0,41,95,YES,2,0,NO,LAC,31,29,60,17,26,0,43,103,YES,0,1,NO,114,84,198,108.32,75.91,184.23,-13,206
1992,18-Dec,,Fri,Portland,19,33,52,25,32,0,57,109,NO,1,1,YES,Oklahoma City,29,30,59,27,40,0,67,126,NO,0,2,NO,111,124,235,105.32,115.91,221.23,-3,214.5
1992,18-Dec,,Fri,Phoenix,35,27,62,25,29,0,54,116,YES,2,3,YES,LAL,14,26,40,27,33,0,60,100,YES,0,1,YES,102,114,216,96.32,105.91,202.23,0,212.5
1992,19-Dec,,Sat,Brooklyn,31,24,55,26,29,0,55,110,NO,1,0,YES,Indiana,29,33,62,31,31,0,62,124,YES,1,0,YES,117,117,234,111.32,108.91,220.23,-4.5,213
1992,19-Dec,,Sat,Miami,21,20,41,18,28,0,46,87,YES,0,1,NO,New York,23,16,39,27,25,0,52,91,YES,5,0,YES,80,98,178,74.32,89.91,164.23,-11,194
1992,19-Dec,,Sat,Philadelphia,29,19,48,22,28,0,50,98,YES,0,1,YES,Chicago,23,23,46,26,24,0,50,96,NO,1,1,YES,94,100,194,88.32,91.91,180.23,-16,212
1992,19-Dec,,Sat,Utah,29,28,57,22,25,0,47,104,NO,0,2,NO,Cleveland,35,25,60,32,29,0,61,121,YES,1,0,NO,117,108,225,111.32,99.91,211.23,-5.5,209.5
1992,19-Dec,,Sat,Detroit,21,27,48,34,21,0,55,103,YES,0,2,YES,Milwaukee,18,22,40,28,22,0,50,90,NO,2,1,NO,88,105,193,82.32,96.91,179.23,-1.5,194.5
1992,19-Dec,,Sat,Orlando,25,30,55,34,36,0,70,125,YES,1,2,YES,Atlanta,22,21,43,23,18,0,41,84,NO,2,0,YES,98,111,209,92.32,102.91,195.23,0,214
1992,19-Dec,,Sat,New Orleans,35,31,66,29,31,0,60,126,YES,2,2,NO,Washington,31,21,52,38,27,0,65,117,NO,1,1,NO,118,125,243,112.32,116.91,229.23,-3.5,220
1992,19-Dec,,Sat,LAL,28,23,51,19,22,0,41,92,YES,0,3,YES,Denver,22,21,43,26,17,0,43,86,YES,2,2,NO,94,84,178,88.32,75.91,164.23,0,212
1992,19-Dec,,Sat,Minnesota,19,24,43,31,31,11,62,105,NO,0,3,YES,Golden State,24,22,46,35,24,17,59,105,YES,0,2,YES,89,121,210,83.32,112.91,196.23,-12.5,214.5
1992,19-Dec,,Sat,LAC,27,26,53,20,28,0,48,101,YES,0,2,YES,Oklahoma City,30,33,63,28,30,0,58,121,YES,2,0,NO,116,106,222,110.32,97.91,208.23,-6.5,217.5
1992,19-Dec,,Sat,Dallas,27,26,53,20,20,0,40,93,YES,2,2,NO,Houston,31,26,57,26,29,0,55,112,YES,2,1,NO,110,95,205,104.32,86.91,191.23,-18,211.5
1992,20-Dec,,Sun,Sacramento,25,23,48,27,23,0,50,98,NO,1,1,NO,Brooklyn,25,23,48,26,30,0,56,104,NO,1,0,YES,96,106,202,90.32,97.91,188.23,-10,214
1992,20-Dec,,Sun,Golden State,25,26,51,33,30,0,63,114,YES,0,1,NO,Portland,42,28,70,33,27,0,60,130,NO,1,1,YES,121,123,244,115.32,114.91,230.23,-11,224
1992,21-Dec,,Mon,Indiana,26,22,48,23,30,0,53,101,YES,1,1,NO,Philadelphia,31,29,60,19,34,0,53,113,YES,4,1,YES,108,106,214,102.32,97.91,200.23,2,221.5
1992,21-Dec,,Mon,Miami,18,29,47,24,11,0,35,82,NO,1,1,YES,Chicago,23,18,41,15,30,0,45,86,NO,1,1,NO,88,80,168,82.32,71.91,154.23,-15,204
1992,21-Dec,,Mon,Cleveland,26,16,42,26,22,21,48,90,YES,1,1,YES,Washington,21,22,43,25,22,17,47,90,YES,1,1,NO,85,95,180,79.32,86.91,166.23,5,213
1992,22-Dec,,Tue,Boston,25,24,49,36,21,0,57,106,YES,3,0,YES,Brooklyn,19,32,51,21,32,0,53,104,YES,3,1,NO,100,110,210,94.32,101.91,196.23,-3,205.5
1992,22-Dec,,Tue,Houston,23,11,34,28,22,0,50,84,YES,2,0,NO,Detroit,16,26,42,24,32,0,56,98,YES,0,2,YES,76,106,182,70.32,97.91,168.23,-5.5,189.5
1992,22-Dec,,Tue,Sacramento,16,30,46,25,17,14,42,88,NO,1,0,NO,Milwaukee,22,20,42,24,22,11,46,88,NO,3,2,NO,88,88,176,82.32,79.91,162.23,-4.5,209
1992,22-Dec,,Tue,New Orleans,33,36,69,33,28,0,61,130,NO,2,0,YES,Atlanta,24,38,62,19,33,0,52,114,YES,3,2,NO,131,113,244,125.32,104.91,230.23,1,217.5
1992,22-Dec,,Tue,Utah,20,23,43,36,19,0,55,98,NO,2,0,NO,Orlando,23,24,47,27,27,0,54,101,YES,3,2,YES,90,109,199,84.32,100.91,185.23,-2.5,210
1992,22-Dec,,Tue,Denver,31,22,53,32,23,0,55,108,YES,2,0,YES,San Antonio,36,31,67,24,22,0,46,113,YES,2,4,YES,120,101,221,114.32,92.91,207.23,-10.5,213
1992,22-Dec,,Tue,Oklahoma City,23,31,54,28,25,0,53,107,YES,2,0,NO,Portland,19,25,44,27,25,0,52,96,NO,3,1,NO,98,105,203,92.32,96.91,189.23,-7.5,213
1992,22-Dec,,Tue,Golden State,31,20,51,31,22,0,53,104,NO,1,0,YES,Phoenix,25,32,57,27,22,0,49,106,YES,0,3,YES,108,102,210,102.32,93.91,196.23,-12,231.5
1992,22-Dec,,Tue,Dallas,25,28,53,20,21,0,41,94,NO,2,0,NO,LAC,36,18,54,26,28,0,54,108,NO,2,2,YES,107,95,202,101.32,86.91,188.23,-17,221
1992,23-Dec,,Wed,Houston,22,23,45,24,25,0,49,94,NO,0,2,YES,Boston,24,24,48,22,28,0,50,98,YES,2,0,YES,93,99,192,87.32,90.91,178.23,-4.5,201.5
1992,23-Dec,,Wed,Washington,33,26,59,20,19,0,39,98,YES,1,2,YES,Chicago,34,21,55,28,24,0,52,107,NO,1,1,NO,114,91,205,108.32,82.91,191.23,-12.5,208
1992,23-Dec,,Wed,Indiana,25,24,49,28,27,0,55,104,NO,1,2,YES,Cleveland,35,26,61,29,28,0,57,118,NO,2,1,YES,110,112,222,104.32,103.91,208.23,-9,219.5
1992,23-Dec,,Wed,Detroit,20,24,44,32,19,0,51,95,YES,0,2,NO,New Orleans,26,20,46,32,29,0,61,107,YES,4,0,YES,90,112,202,84.32,103.91,188.23,-2,205.5
1992,23-Dec,,Wed,Utah,24,19,43,25,24,0,49,92,NO,0,2,YES,Miami,22,24,46,20,20,0,40,86,NO,2,1,YES,89,89,178,83.32,80.91,164.23,2,206.5
1992,23-Dec,,Wed,Phoenix,32,25,57,23,31,0,54,111,YES,0,2,YES,Denver,27,25,52,25,19,0,44,96,YES,2,0,YES,109,98,207,103.32,89.91,193.23,6.5,218
1992,23-Dec,,Wed,Sacramento,25,23,48,23,23,8,46,94,NO,0,3,YES,Minnesota,22,11,33,31,30,2,61,94,NO,2,3,YES,81,107,188,75.32,98.91,174.23,-2.5,202
1992,23-Dec,,Wed,Oklahoma City,22,28,50,16,14,0,30,80,NO,0,2,NO,LAL,20,17,37,17,25,0,42,79,NO,2,3,YES,87,72,159,81.32,63.91,145.23,-4,205.5
1992,23-Dec,,Wed,Dallas,28,27,55,23,19,0,42,97,NO,0,2,YES,Golden State,35,25,60,26,25,0,51,111,YES,2,0,YES,115,93,208,109.32,84.91,194.23,-15,223
1992,25-Dec,,Fri,New York,29,20,49,13,15,0,28,77,YES,5,0,NO,Chicago,19,20,39,25,25,0,50,89,YES,0,1,NO,88,78,166,82.32,69.91,152.23,-8,185.5
1992,25-Dec,,Fri,San Antonio,39,15,54,15,34,0,49,103,YES,2,0,NO,LAC,17,29,46,17,31,0,48,94,NO,1,2,NO,100,97,197,94.32,88.91,183.23,-7,214
1992,26-Dec,,Sat,Boston,20,28,48,17,27,0,44,92,YES,2,0,NO,Utah,27,31,58,22,28,0,50,108,NO,1,2,YES,106,94,200,100.32,85.91,186.23,-8,206.5
1992,26-Dec,,Sat,Brooklyn,27,24,51,35,33,0,68,119,YES,3,1,YES,Cleveland,35,28,63,25,26,0,51,114,NO,1,2,NO,114,119,233,108.32,110.91,219.23,-9,209.5
1992,26-Dec,,Sat,New York,31,22,53,26,19,2,45,98,NO,0,2,YES,Milwaukee,28,31,59,20,19,4,39,98,YES,1,3,NO,112,84,196,106.32,75.91,182.23,2,187
1992,26-Dec,,Sat,Philadelphia,25,26,51,35,22,7,57,108,YES,4,0,NO,Portland,30,37,67,24,17,13,41,108,NO,3,3,NO,118,98,216,112.32,89.91,202.23,-13.5,215
1992,26-Dec,,Sat,Chicago,23,29,52,20,23,0,43,95,YES,0,2,NO,Indiana,27,17,44,19,21,0,40,84,YES,2,2,YES,96,83,179,90.32,74.91,165.23,5,208.5
1992,26-Dec,,Sat,Detroit,24,19,43,22,34,0,56,99,NO,2,1,NO,Washington,27,19,46,25,26,0,51,97,NO,1,2,YES,89,107,196,83.32,98.91,182.23,2.5,200.5
1992,26-Dec,,Sat,Atlanta,26,32,58,26,29,0,55,113,YES,3,1,NO,Minnesota,33,27,60,25,20,0,45,105,YES,1,2,NO,118,100,218,112.32,91.91,204.23,-2,197
1992,26-Dec,,Sat,Orlando,26,21,47,16,37,0,53,100,YES,3,1,YES,Miami,24,25,49,29,28,0,57,106,NO,1,2,NO,96,110,206,90.32,101.91,192.23,-1,210
1992,26-Dec,,Sat,Denver,22,18,40,20,22,0,42,82,YES,2,0,NO,Houston,22,25,47,28,15,0,43,90,NO,2,2,YES,87,85,172,81.32,76.91,158.23,-10,205
1992,26-Dec,,Sat,Oklahoma City,28,27,55,28,27,0,55,110,NO,2,2,YES,Phoenix,27,33,60,27,26,0,53,113,NO,0,2,YES,115,108,223,109.32,99.91,209.23,-8,214
1992,26-Dec,,Sat,Golden State,32,31,63,22,25,0,47,110,YES,2,1,NO,Dallas,24,35,59,18,19,0,37,96,YES,2,2,YES,122,84,206,116.32,75.91,192.23,9,221
1992,26-Dec,,Sat,San Antonio,24,23,47,34,23,0,57,104,NO,0,1,YES,LAL,25,27,52,21,19,0,40,92,YES,1,2,NO,99,97,196,93.32,88.91,182.23,-5.5,203.5
1992,27-Dec,,Sun,Boston,28,24,52,23,27,0,50,102,NO,0,1,NO,Sacramento,29,33,62,25,31,0,56,118,NO,1,3,YES,114,106,220,108.32,97.91,206.23,1,208.5
1992,27-Dec,,Sun,Philadelphia,27,28,55,26,29,0,55,110,NO,0,2,NO,LAC,34,21,55,23,28,0,51,106,NO,2,1,NO,110,106,216,104.32,97.91,202.23,-11,213
1992,27-Dec,,Sun,Denver,17,22,39,22,27,0,49,88,NO,0,2,YES,Phoenix,33,27,60,31,38,0,69,129,NO,2,0,NO,99,118,217,93.32,109.91,203.23,-15,219.5
1992,28-Dec,,Mon,New Orleans,27,24,51,26,26,0,52,103,YES,4,0,YES,Brooklyn,24,28,52,29,23,0,52,104,YES,1,1,YES,103,104,207,97.32,95.91,193.23,-4.5,221
1992,28-Dec,,Mon,Detroit,21,21,42,31,16,0,47,89,NO,1,1,YES,Cleveland,29,18,47,23,28,0,51,98,YES,0,1,NO,89,98,187,83.32,89.91,173.23,-7,198.5
1992,28-Dec,,Mon,Milwaukee,24,25,49,21,24,0,45,94,YES,1,4,NO,Orlando,25,33,58,24,28,0,52,110,NO,1,1,YES,107,97,204,101.32,88.91,190.23,-8,206.5
1992,28-Dec,,Mon,Atlanta,29,21,50,19,27,0,46,96,NO,1,0,YES,Washington,30,17,47,27,23,0,50,97,YES,1,1,NO,97,96,193,91.32,87.91,179.23,-4,212.5
1992,28-Dec,,Mon,LAL,32,22,54,16,26,0,42,96,YES,1,1,NO,Miami,14,31,45,25,37,0,62,107,NO,1,1,NO,99,104,203,93.32,95.91,189.23,0,196
1992,28-Dec,,Mon,Minnesota,32,18,50,16,29,0,45,95,YES,1,1,YES,Utah,26,37,63,27,24,0,51,114,NO,1,1,NO,113,96,209,107.32,87.91,195.23,-16,202
1992,28-Dec,,Mon,Golden State,34,23,57,30,19,0,49,106,NO,1,0,NO,San Antonio,31,22,53,23,29,0,52,105,YES,1,1,YES,110,101,211,104.32,92.91,197.23,-5,223.5
1992,29-Dec,,Tue,Boston,19,20,39,20,28,0,48,87,NO,1,0,NO,Oklahoma City,18,31,49,30,32,0,62,111,NO,3,2,YES,88,110,198,82.32,101.91,184.23,0,212.5
1992,29-Dec,,Tue,Indiana,16,21,37,23,31,0,54,91,YES,2,0,YES,New York,19,24,43,26,28,0,54,97,YES,0,2,YES,80,108,188,74.32,99.91,174.23,-9,195
1992,29-Dec,,Tue,Chicago,30,34,64,27,23,0,50,114,NO,2,0,NO,New Orleans,25,27,52,26,25,0,51,103,NO,3,0,YES,116,101,217,110.32,92.91,203.23,5.5,212
1992,29-Dec,,Tue,Cleveland,28,22,50,29,35,0,64,114,YES,0,3,YES,Atlanta,18,19,37,25,34,0,59,96,NO,3,0,YES,87,123,210,81.32,114.91,196.23,5,209
1992,29-Dec,,Tue,Golden State,33,31,64,29,39,0,68,132,NO,0,3,YES,Houston,34,32,66,20,26,0,46,112,YES,0,2,NO,130,114,244,124.32,105.91,230.23,-6,210.5
1992,29-Dec,,Tue,Dallas,20,15,35,21,25,0,46,81,YES,2,0,NO,Sacramento,35,35,70,29,40,0,69,139,NO,3,1,NO,105,115,220,99.32,106.91,206.23,-12,214
1992,30-Dec,,Wed,Boston,24,22,46,31,22,0,53,99,NO,0,3,YES,LAC,17,23,40,31,34,0,65,105,YES,2,2,NO,86,118,204,80.32,109.91,190.23,-7,206
1992,30-Dec,,Wed,Brooklyn,31,35,66,27,25,0,52,118,YES,1,2,NO,Minnesota,20,27,47,15,30,0,45,92,NO,2,1,YES,113,97,210,107.32,88.91,196.23,4,200
1992,30-Dec,,Wed,New York,26,18,44,31,19,0,50,94,YES,0,2,YES,Indiana,29,29,58,18,14,0,32,90,YES,2,0,YES,102,82,184,96.32,73.91,170.23,-3,195
1992,30-Dec,,Wed,Philadelphia,26,27,53,26,31,0,57,110,NO,2,2,NO,Utah,33,23,56,33,30,0,63,119,YES,2,1,NO,109,120,229,103.32,111.91,215.23,-11.5,212
1992,30-Dec,,Wed,Chicago,28,17,45,30,30,0,60,105,NO,0,2,YES,Miami,25,24,49,21,30,0,51,100,YES,2,1,NO,94,111,205,88.32,102.91,191.23,7,199.5
1992,30-Dec,,Wed,Washington,27,22,49,30,31,0,61,110,YES,1,2,YES,Detroit,31,24,55,33,30,0,63,118,YES,2,1,YES,104,124,228,98.32,115.91,214.23,-9.5,197
1992,30-Dec,,Wed,LAL,22,25,47,22,27,0,49,96,NO,1,2,NO,Orlando,27,20,47,22,24,0,46,93,NO,2,1,NO,94,95,189,88.32,86.91,175.23,-6.5,202.5
1992,30-Dec,,Wed,San Antonio,26,23,49,30,35,0,65,114,YES,1,3,YES,Denver,19,29,48,27,19,0,46,94,YES,2,2,YES,97,111,208,91.32,102.91,194.23,0,209
1992,30-Dec,,Wed,Dallas,21,28,49,25,18,0,43,92,NO,0,2,NO,Portland,32,24,56,20,35,0,55,111,NO,2,3,NO,105,98,203,99.32,89.91,189.23,-19,214.5
1992,30-Dec,,Wed,Houston,25,26,51,26,33,0,59,110,YES,0,2,NO,Phoenix,33,22,55,37,41,0,78,133,YES,3,2,NO,106,137,243,100.32,128.91,229.23,-11,212.5
1993,2-Jan,,Sat,Brooklyn,33,35,68,31,18,0,49,117,NO,2,2,NO,New Orleans,33,42,75,26,17,0,43,118,NO,2,3,NO,143,92,235,137.31,84.62,221.98,-4,219.5
1993,2-Jan,,Sat,LAC,24,19,43,24,19,12,43,86,YES,2,0,NO,New York,18,19,37,24,25,11,49,86,NO,2,2,YES,80,92,172,74.31,84.62,158.98,-8.5,192.5
1993,2-Jan,,Sat,Philadelphia,29,17,46,21,31,0,52,98,NO,2,3,YES,Sacramento,36,38,74,38,42,0,80,154,NO,2,3,NO,120,132,252,114.31,124.62,238.98,-5.5,218.5
1993,2-Jan,,Sat,Indiana,24,36,60,20,20,0,40,100,YES,2,2,YES,Chicago,31,22,53,28,28,0,56,109,NO,2,2,YES,113,96,209,107.31,88.62,195.98,-11.5,204
1993,2-Jan,,Sat,LAL,34,22,56,13,22,0,35,91,NO,2,0,NO,Cleveland,35,23,58,18,30,0,48,106,YES,2,3,YES,114,83,197,108.31,75.62,183.98,-10,206
1993,2-Jan,,Sat,Detroit,16,22,38,35,25,0,60,98,YES,2,2,NO,Orlando,28,22,50,23,24,0,47,97,NO,2,2,NO,88,107,195,82.31,99.62,181.98,-4,197
1993,2-Jan,,Sat,Milwaukee,26,17,43,34,29,0,63,106,NO,4,0,YES,Atlanta,20,26,46,23,24,0,47,93,NO,2,3,NO,89,110,199,83.31,102.62,185.98,-3.5,208
1993,2-Jan,,Sat,Miami,33,22,55,22,16,0,38,93,YES,2,2,YES,Washington,27,25,52,30,18,0,48,100,YES,2,2,YES,107,86,193,101.31,78.62,179.98,-3.5,206.5
1993,2-Jan,,Sat,Denver,32,29,61,21,22,0,43,104,YES,2,2,NO,Oklahoma City,36,27,63,29,16,0,45,108,NO,2,3,NO,124,88,212,118.31,80.62,198.98,-14,214
1993,2-Jan,,Sat,Dallas,19,12,31,17,23,0,40,71,NO,2,2,YES,Minnesota,19,26,45,30,28,0,58,103,YES,2,2,NO,76,98,174,70.31,90.62,160.98,-9.5,207
1993,2-Jan,,Sat,Utah,32,31,63,16,31,0,47,110,YES,2,2,YES,Portland,22,27,49,27,26,0,53,102,NO,0,2,NO,112,100,212,106.31,92.62,198.98,-8,207
1993,2-Jan,,Sat,Houston,23,31,54,22,31,0,53,107,NO,2,0,NO,Golden State,23,32,55,32,26,0,58,113,YES,2,3,YES,109,111,220,103.31,103.62,206.98,-5.5,218
1993,3-Jan,,Sun,LAC,32,31,63,20,29,0,49,112,NO,0,1,NO,Boston,32,25,57,32,31,0,63,120,YES,1,3,YES,120,112,232,114.31,104.62,218.98,-5,210
1993,3-Jan,,Sun,LAL,24,26,50,16,35,0,51,101,NO,0,1,NO,Milwaukee,34,20,54,27,28,0,55,109,NO,1,0,YES,104,106,210,98.31,98.62,196.98,-2,196
1993,3-Jan,,Sun,Houston,30,20,50,20,27,4,47,97,NO,0,1,YES,Portland,19,19,38,27,32,6,59,97,YES,1,0,NO,88,106,194,82.31,98.62,180.98,-7.5,206.5
1993,3-Jan,,Sun,Phoenix,31,33,64,28,15,6,43,107,YES,3,1,NO,San Antonio,28,26,54,28,25,7,53,107,YES,1,3,YES,118,96,214,112.31,88.62,200.98,2.5,215.5
1993,5-Jan,,Tue,Boston,27,29,56,23,28,0,51,107,YES,1,0,YES,New Orleans,27,23,50,25,28,0,53,103,NO,2,2,NO,106,104,210,100.31,96.62,196.98,-6.5,220.5
1993,5-Jan,,Tue,Brooklyn,23,20,43,35,24,0,59,102,NO,2,0,NO,Orlando,23,23,46,30,23,0,53,99,NO,2,2,NO,89,112,201,83.31,104.62,187.98,-4,211
1993,5-Jan,,Tue,Cleveland,23,24,47,31,13,0,44,91,YES,2,0,YES,New York,27,24,51,19,25,0,44,95,YES,2,2,NO,98,88,186,92.31,80.62,172.98,-3,189
1993,5-Jan,,Tue,LAL,23,27,50,20,21,0,41,91,NO,1,0,NO,Chicago,24,30,54,14,20,0,34,88,YES,0,2,NO,104,75,179,98.31,67.62,165.98,-10,197
1993,5-Jan,,Tue,Detroit,15,18,33,27,23,0,50,83,NO,2,0,YES,Miami,27,20,47,18,24,0,42,89,YES,1,2,YES,80,92,172,74.31,84.62,158.98,1,193.5
1993,5-Jan,,Tue,LAC,28,21,49,26,31,0,57,106,NO,1,0,NO,Indiana,31,35,66,28,20,0,48,114,YES,0,2,YES,115,105,220,109.31,97.62,206.98,-3.5,217
1993,5-Jan,,Tue,Minnesota,28,25,53,23,24,0,47,100,YES,2,0,YES,Milwaukee,31,25,56,22,36,0,58,114,NO,1,1,NO,109,105,214,103.31,97.62,200.98,-8.5,197.5
1993,5-Jan,,Tue,Washington,30,20,50,31,26,0,57,107,YES,2,2,YES,Atlanta,28,22,50,22,28,0,50,100,YES,1,2,NO,100,107,207,94.31,99.62,193.98,-3,212.5
1993,5-Jan,,Tue,Denver,24,29,53,19,34,0,53,106,NO,2,2,YES,Sacramento,32,29,61,34,31,0,65,126,YES,2,2,NO,114,118,232,108.31,110.62,218.98,-11,219
1993,5-Jan,,Tue,Golden State,33,27,60,21,25,0,46,106,YES,2,1,YES,Oklahoma City,27,27,54,24,38,0,62,116,YES,2,2,NO,114,108,222,108.31,100.62,208.98,-6.5,225
1993,5-Jan,,Tue,Portland,22,29,51,27,31,0,58,109,YES,1,1,NO,Dallas,17,26,43,17,35,0,52,95,NO,1,2,YES,94,110,204,88.31,102.62,190.98,13.5,209
1993,5-Jan,,Tue,San Antonio,23,21,44,19,24,0,43,87,YES,1,1,YES,Utah,29,28,57,30,26,0,56,113,YES,1,2,YES,101,99,200,95.31,91.62,186.98,-8,206.5
1993,5-Jan,,Tue,Phoenix,36,22,58,23,25,0,48,106,NO,1,1,NO,Houston,24,29,53,26,25,0,51,104,NO,1,1,YES,111,99,210,105.31,91.62,196.98,-2.5,211.5
1993,6-Jan,,Wed,Indiana,29,23,52,23,19,0,42,94,YES,0,2,NO,Boston,35,28,63,21,19,0,40,103,NO,1,0,YES,115,82,197,109.31,74.62,183.98,-5,217
1993,6-Jan,,Wed,Brooklyn,25,26,51,23,32,0,55,106,NO,0,1,NO,Philadelphia,35,24,59,36,37,0,73,132,YES,1,3,YES,110,128,238,104.31,120.62,224.98,1.5,215
1993,6-Jan,,Wed,Chicago,34,21,55,21,19,0,40,95,YES,0,1,YES,Cleveland,25,29,54,30,33,0,63,117,NO,2,0,YES,109,103,212,103.31,95.62,198.98,-2,201.5
1993,6-Jan,,Wed,LAC,20,21,41,27,35,0,62,103,NO,0,1,NO,Detroit,25,33,58,28,24,0,52,110,NO,1,0,YES,99,114,213,93.31,106.62,199.98,-5,196
1993,6-Jan,,Wed,LAL,31,19,50,28,20,0,48,98,NO,0,1,YES,Minnesota,24,19,43,15,20,0,35,78,NO,1,0,YES,93,83,176,87.31,75.62,162.98,3.5,194
1993,7-Jan,,Thu,Atlanta,26,27,53,21,26,0,47,100,YES,1,0,NO,Milwaukee,23,20,43,30,21,0,51,94,YES,0,1,NO,96,98,194,90.31,90.62,180.98,-6.5,203.5
1993,7-Jan,,Thu,Miami,18,25,43,36,26,0,62,105,YES,1,1,NO,Golden State,25,33,58,32,29,0,61,119,YES,1,1,YES,101,123,224,95.31,115.62,210.98,-10,218
1993,7-Jan,,Thu,Portland,29,18,47,30,36,0,66,113,NO,1,1,NO,Houston,35,17,52,20,19,0,39,91,YES,0,1,NO,99,105,204,93.31,97.62,190.98,0,201.5
1993,7-Jan,,Thu,Utah,26,18,44,16,39,0,55,99,YES,1,1,NO,San Antonio,28,25,53,25,31,0,56,109,NO,1,1,YES,97,111,208,91.31,103.62,194.98,-2,204
1993,7-Jan,,Thu,Phoenix,31,35,66,16,29,0,45,111,NO,1,4,NO,Dallas,33,21,54,35,18,0,53,107,NO,1,1,NO,120,98,218,114.31,90.62,204.98,16,212.5
1993,8-Jan,,Fri,Brooklyn,23,24,47,24,17,0,41,88,NO,1,0,YES,Boston,20,27,47,30,25,0,55,102,YES,1,1,NO,94,96,190,88.31,88.62,176.98,-4.5,207.5
1993,8-Jan,,Fri,New York,25,24,49,30,15,0,45,94,YES,2,1,YES,Orlando,22,22,44,23,28,0,51,95,NO,0,2,NO,93,96,189,87.31,88.62,175.98,0,0
1993,8-Jan,,Fri,Philadelphia,34,32,66,24,29,0,53,119,YES,1,0,YES,Washington,26,28,54,34,29,0,63,117,YES,0,2,YES,120,116,236,114.31,108.62,222.98,-3.5,217.5
1993,8-Jan,,Fri,Milwaukee,24,17,41,26,28,0,54,95,YES,0,1,YES,Chicago,30,29,59,31,30,0,61,120,YES,0,1,YES,100,115,215,94.31,107.62,201.98,-11,198.5
1993,8-Jan,,Fri,Atlanta,24,30,54,26,21,0,47,101,NO,0,3,YES,Detroit,29,18,47,28,17,0,45,92,NO,0,1,NO,101,92,193,95.31,84.62,179.98,-9.5,192.5
1993,8-Jan,,Fri,Houston,20,22,42,26,22,0,48,90,YES,0,1,YES,Denver,36,16,52,30,33,0,63,115,NO,0,2,YES,94,111,205,88.31,103.62,191.98,1,203.5
1993,8-Jan,,Fri,Oklahoma City,27,26,53,19,26,0,45,98,YES,2,0,NO,Minnesota,24,28,52,18,23,0,41,93,YES,0,1,NO,105,86,191,99.31,78.62,177.98,7,199.5
1993,8-Jan,,Fri,LAC,22,23,45,27,29,0,56,101,NO,1,1,NO,New Orleans,33,29,62,31,22,0,53,115,YES,2,2,NO,107,109,216,101.31,101.62,202.98,-4.5,224
1993,8-Jan,,Fri,Sacramento,25,21,46,29,15,0,44,90,YES,2,0,YES,LAL,29,23,52,21,20,0,41,93,NO,1,1,YES,98,85,183,92.31,77.62,169.98,-5,207
1993,9-Jan,,Sat,Washington,15,19,34,24,21,0,45,79,YES,0,2,YES,Brooklyn,36,29,65,31,28,0,59,124,NO,3,0,YES,99,104,203,93.31,96.62,189.98,-6,209.5
1993,9-Jan,,Sat,Chicago,26,22,48,17,26,0,43,91,YES,0,2,NO,Philadelphia,27,28,55,29,20,0,49,104,YES,2,0,YES,103,92,195,97.31,84.62,181.98,7,212.5
1993,9-Jan,,Sat,Minnesota,16,33,49,20,24,0,44,93,YES,0,3,YES,Cleveland,32,31,63,25,28,0,53,116,NO,2,2,NO,112,97,209,106.31,89.62,195.98,-16,209.5
1993,9-Jan,,Sat,Golden State,32,27,59,23,26,0,49,108,YES,1,2,NO,Detroit,22,27,49,33,22,0,55,104,NO,1,0,NO,108,104,212,102.31,96.62,198.98,-4.5,208.5
1993,9-Jan,,Sat,Indiana,34,29,63,21,20,0,41,104,NO,2,2,YES,Orlando,21,22,43,24,21,0,45,88,NO,2,0,NO,106,86,192,100.31,78.62,178.98,-4,212
1993,9-Jan,,Sat,Miami,21,24,45,26,23,0,49,94,NO,1,0,NO,Sacramento,25,28,53,23,32,0,55,108,NO,2,0,YES,98,104,202,92.31,96.62,188.98,-6,211
1993,9-Jan,,Sat,Oklahoma City,22,27,49,27,31,0,58,107,NO,0,2,YES,Denver,20,25,45,21,29,0,50,95,YES,2,0,NO,94,108,202,88.31,100.62,188.98,5.5,205
1993,9-Jan,,Sat,Portland,25,20,45,23,25,0,48,93,NO,1,2,YES,San Antonio,21,29,50,31,28,0,59,109,YES,1,1,NO,95,107,202,89.31,99.62,188.98,-2.5,208
1993,9-Jan,,Sat,Utah,31,37,68,34,24,0,58,126,NO,1,0,NO,Dallas,12,27,39,37,26,0,63,102,NO,1,1,NO,107,121,228,101.31,113.62,214.98,14.5,208.5
1993,10-Jan,,Sun,Boston,26,26,52,30,18,0,48,100,YES,1,1,NO,New York,25,16,41,23,33,0,56,97,YES,1,1,YES,93,104,197,87.31,96.62,183.98,-6.5,187.5
1993,10-Jan,,Sun,LAC,27,31,58,17,29,0,46,104,NO,1,1,YES,Milwaukee,21,26,47,33,19,0,52,99,YES,1,1,YES,105,98,203,99.31,90.62,189.98,-1.5,207.5
1993,10-Jan,,Sun,Miami,27,33,60,17,24,0,41,101,NO,0,1,NO,LAL,17,25,42,18,29,0,47,89,YES,3,1,NO,102,88,190,96.31,80.62,176.98,-8,194.5
1993,10-Jan,,Sun,Utah,30,14,44,18,28,0,46,90,NO,0,1,YES,Houston,22,21,43,29,25,0,54,97,YES,1,1,YES,87,100,187,81.31,92.62,173.98,-2,202
1993,11-Jan,,Mon,San Antonio,33,25,58,26,25,0,51,109,YES,1,1,NO,Detroit,23,23,46,26,19,0,45,91,NO,1,1,NO,104,96,200,98.31,88.62,186.98,-5,194.5
1993,11-Jan,,Mon,New Orleans,28,41,69,34,29,0,63,132,YES,2,2,NO,Dallas,16,32,48,32,33,0,65,113,YES,1,1,NO,117,128,245,111.31,120.62,231.98,10.5,223.5
1993,12-Jan,,Tue,Boston,34,33,67,20,34,0,54,121,NO,1,0,YES,Cleveland,32,25,57,30,28,0,58,115,YES,0,2,NO,124,112,236,118.31,104.62,222.98,-8.5,210.5
1993,12-Jan,,Tue,New York,27,26,53,23,28,0,51,104,YES,1,0,NO,Sacramento,30,24,54,15,24,0,39,93,NO,1,2,NO,107,90,197,101.31,82.62,183.98,-1.5,195
1993,12-Jan,,Tue,Philadelphia,24,21,45,23,25,0,48,93,YES,2,0,YES,Indiana,26,33,59,20,33,0,53,112,NO,2,2,YES,104,101,205,98.31,93.62,191.98,-5.5,223.5
1993,12-Jan,,Tue,Chicago,29,31,60,31,31,0,62,122,NO,2,2,YES,Orlando,23,34,57,18,31,0,49,106,YES,2,2,NO,117,111,228,111.31,103.62,214.98,5,196.5
1993,12-Jan,,Tue,Milwaukee,24,18,42,25,31,0,56,98,YES,1,1,YES,Washington,25,38,63,27,31,0,58,121,YES,0,2,YES,105,114,219,99.31,106.62,205.98,-4.5,208
1993,12-Jan,,Tue,Golden State,40,30,70,19,29,0,48,118,NO,2,0,NO,Atlanta,26,36,62,29,35,0,64,126,NO,1,3,YES,132,112,244,126.31,104.62,230.98,2.5,225.5
1993,12-Jan,,Tue,Miami,24,25,49,21,24,28,45,94,NO,1,1,NO,Utah,21,24,45,30,19,31,49,94,NO,1,1,YES,94,94,188,88.31,86.62,174.98,-11,200.5
1993,12-Jan,,Tue,Denver,28,30,58,24,18,0,42,100,YES,2,0,YES,Portland,24,29,53,28,28,0,56,109,NO,1,2,YES,111,98,209,105.31,90.62,195.98,-14,214
1993,12-Jan,,Tue,Phoenix,32,30,62,30,21,0,51,113,NO,4,1,NO,Oklahoma City,33,34,67,29,26,0,55,122,YES,1,2,YES,129,106,235,123.31,98.62,221.98,-2.5,217
1993,12-Jan,,Tue,Houston,32,26,58,33,22,0,55,113,YES,1,1,YES,LAC,21,26,47,29,27,0,56,103,NO,1,1,YES,105,111,216,99.31,103.62,202.98,-5.5,198
1993,13-Jan,,Wed,Washington,32,22,54,18,21,0,39,93,YES,0,2,YES,Boston,28,20,48,31,19,0,50,98,NO,1,0,YES,102,89,191,96.31,81.62,177.98,-9,214.5
1993,13-Jan,,Wed,Cleveland,26,15,41,24,33,0,57,98,YES,0,1,NO,Brooklyn,19,23,42,27,35,0,62,104,NO,1,3,NO,83,119,202,77.31,111.62,188.98,2.5,206
1993,13-Jan,,Wed,New York,23,24,47,24,21,0,45,92,NO,0,1,NO,Denver,20,27,47,32,29,0,61,108,YES,1,0,YES,94,106,200,88.31,98.62,186.98,5,193
1993,13-Jan,,Wed,Golden State,26,31,57,35,30,0,65,122,NO,0,1,NO,Philadelphia,29,26,55,35,39,0,74,129,YES,1,0,YES,112,139,251,106.31,131.62,237.98,2.5,228
1993,13-Jan,,Wed,Dallas,18,25,43,24,29,0,53,96,YES,1,1,YES,Detroit,33,25,58,26,28,0,54,112,YES,0,1,NO,101,107,208,95.31,99.62,194.98,-17,200
1993,13-Jan,,Wed,San Antonio,20,21,41,28,20,0,48,89,NO,1,0,NO,Minnesota,19,20,39,25,17,0,42,81,NO,1,3,YES,80,90,170,74.31,82.62,156.98,6.5,199.5
1993,14-Jan,,Thu,Detroit,30,24,54,15,22,0,37,91,YES,0,1,NO,Atlanta,18,28,46,30,32,0,62,108,YES,1,1,NO,100,99,199,94.31,91.62,185.98,-3,200.5
1993,14-Jan,,Thu,San Antonio,23,31,54,28,26,0,54,108,NO,0,1,YES,Milwaukee,12,29,41,28,24,0,52,93,NO,1,1,YES,95,106,201,89.31,98.62,187.98,3.5,195
1993,14-Jan,,Thu,Miami,17,22,39,19,29,6,48,87,NO,1,0,NO,Portland,27,15,42,22,23,17,45,87,YES,0,1,NO,81,93,174,75.31,85.62,160.98,-12.5,203
1993,14-Jan,,Thu,Oklahoma City,20,24,44,19,26,0,45,89,YES,1,0,YES,Utah,25,18,43,32,21,0,53,96,NO,1,1,NO,87,98,185,81.31,90.62,171.98,-4,203
1993,14-Jan,,Thu,LAL,36,24,60,21,21,0,42,102,YES,3,0,YES,LAC,25,26,51,30,24,0,54,105,YES,0,1,NO,111,96,207,105.31,88.62,193.98,-4,199
1993,14-Jan,,Thu,Phoenix,28,24,52,33,29,0,62,114,NO,1,0,YES,Sacramento,29,32,61,10,33,0,43,104,YES,1,1,NO,113,105,218,107.31,97.62,204.98,3.5,225.5
1993,14-Jan,,Thu,New Orleans,23,29,52,26,24,0,50,102,NO,2,1,NO,Houston,38,27,65,28,21,0,49,114,NO,1,1,YES,117,99,216,111.31,91.62,202.98,-3.5,215
1993,15-Jan,,Fri,Orlando,23,28,51,33,29,0,62,113,YES,2,0,NO,Boston,20,21,41,22,31,0,53,94,YES,0,1,NO,92,115,207,86.31,107.62,193.98,-7,208.5
1993,15-Jan,,Fri,Philadelphia,23,23,46,27,24,8,51,97,YES,1,0,YES,Brooklyn,26,21,47,21,29,13,50,97,YES,0,1,NO,93,101,194,87.31,93.62,180.98,-7,216.5
1993,15-Jan,,Fri,New York,29,25,54,30,23,0,53,107,NO,1,0,NO,Dallas,23,22,45,30,18,0,48,93,YES,0,1,YES,99,101,200,93.31,93.62,186.98,13,198
1993,15-Jan,,Fri,Golden State,27,24,51,30,20,0,50,101,NO,1,0,NO,Chicago,35,37,72,19,31,0,50,122,NO,0,2,YES,123,100,223,117.31,92.62,209.98,-9,218.5
1993,15-Jan,,Fri,Cleveland,25,24,49,39,44,0,83,132,NO,1,0,YES,Indiana,36,28,64,23,33,0,56,120,NO,0,2,NO,113,139,252,107.31,131.62,238.98,2.5,211.5
1993,15-Jan,,Fri,Miami,18,30,48,22,29,0,51,99,NO,0,4,YES,Phoenix,36,20,56,32,19,0,51,107,YES,2,0,YES,104,102,206,98.31,94.62,192.98,-14,211
1993,15-Jan,,Fri,Denver,20,21,41,19,29,0,48,89,YES,1,0,YES,Minnesota,31,20,51,17,31,0,48,99,NO,2,1,NO,92,96,188,86.31,88.62,174.98,-4,197.5
1993,15-Jan,,Fri,LAC,19,27,46,18,40,0,58,104,YES,0,2,NO,Oklahoma City,36,24,60,32,31,0,63,123,YES,1,0,YES,106,121,227,100.31,113.62,213.98,-9,216
1993,15-Jan,,Fri,Portland,23,33,56,19,21,0,40,96,YES,0,1,YES,LAL,34,18,52,22,25,0,47,99,NO,2,0,YES,108,87,195,102.31,79.62,181.98,5.5,201
1993,16-Jan,,Sat,Boston,26,31,57,28,25,0,53,110,YES,0,1,NO,Milwaukee,24,27,51,22,26,0,48,99,NO,2,1,NO,108,101,209,102.31,93.62,195.98,3.5,201.5
1993,16-Jan,,Sat,Brooklyn,26,22,48,29,32,0,61,109,YES,0,1,YES,Washington,26,23,49,19,33,0,52,101,YES,2,2,YES,97,113,210,91.31,105.62,196.98,2,0
1993,16-Jan,,Sat,New York,23,25,48,27,27,0,54,102,NO,0,1,YES,Houston,23,22,45,22,37,0,59,104,YES,1,1,NO,93,113,206,87.31,105.62,192.98,-3,189.5
1993,16-Jan,,Sat,Detroit,28,21,49,27,32,0,59,108,NO,1,2,NO,Philadelphia,27,31,58,33,32,0,65,123,NO,1,0,YES,107,124,231,101.31,116.62,217.98,-2.5,205.5
1993,16-Jan,,Sat,Orlando,26,32,58,20,34,16,54,112,NO,0,1,NO,Chicago,32,20,52,36,24,12,60,112,NO,1,0,NO,110,114,224,104.31,106.62,210.98,-11,202
1993,16-Jan,,Sat,Atlanta,19,24,43,27,29,0,56,99,YES,1,2,NO,Cleveland,26,29,55,34,38,0,72,127,NO,3,0,YES,98,128,226,92.31,120.62,212.98,-8,216.5
1993,16-Jan,,Sat,Golden State,35,30,65,29,22,0,51,116,NO,0,1,YES,Indiana,38,38,76,18,23,0,41,117,YES,1,0,NO,141,92,233,135.31,84.62,219.98,-2.5,230.5
1993,16-Jan,,Sat,Dallas,20,26,46,26,19,0,45,91,YES,0,2,YES,Denver,22,23,45,33,28,0,61,106,YES,2,0,YES,91,106,197,85.31,98.62,183.98,-11,210
1993,16-Jan,,Sat,Sacramento,34,25,59,28,20,0,48,107,YES,1,1,NO,Utah,26,24,50,27,31,0,58,108,YES,1,1,NO,109,106,215,103.31,98.62,201.98,-11,209.5
1993,16-Jan,,Sat,New Orleans,21,28,49,23,39,0,62,111,NO,1,2,YES,San Antonio,30,31,61,30,33,0,63,124,NO,2,1,YES,110,125,235,104.31,117.62,221.98,-6.5,218
1993,17-Jan,,Sun,Oklahoma City,22,21,43,28,26,0,54,97,YES,1,0,YES,Portland,24,34,58,19,32,0,51,109,YES,1,1,YES,101,105,206,95.31,97.62,192.98,-5.5,0
1993,18-Jan,,Mon,Boston,21,22,43,19,31,0,50,93,NO,1,1,YES,Chicago,30,29,59,20,24,0,44,103,YES,2,1,NO,102,94,196,96.31,86.62,182.98,-10.5,202.5
1993,18-Jan,,Mon,Indiana,28,24,52,24,21,0,45,97,YES,1,0,YES,Brooklyn,33,14,47,24,29,0,53,100,NO,2,1,YES,99,98,197,93.31,90.62,183.98,-6,209.5
1993,18-Jan,,Mon,Phoenix,29,22,51,30,22,0,52,103,YES,2,1,NO,New York,25,26,51,23,32,0,55,106,NO,1,1,YES,102,107,209,96.31,99.62,195.98,-3.5,199
1993,18-Jan,,Mon,Orlando,28,29,57,26,28,7,54,111,NO,1,3,YES,Philadelphia,36,24,60,34,17,13,51,111,YES,1,1,NO,117,105,222,111.31,97.62,208.98,-4,224
1993,18-Jan,,Mon,LAC,23,27,50,20,24,0,44,94,NO,2,3,YES,Minnesota,30,28,58,15,20,0,35,93,NO,1,2,NO,108,79,187,102.31,71.62,173.98,4,196.5
1993,18-Jan,,Mon,Utah,17,27,44,27,25,0,52,96,YES,1,1,NO,Oklahoma City,24,28,52,26,28,0,54,106,YES,1,0,YES,96,106,202,90.31,98.62,188.98,-6,208
1993,18-Jan,,Mon,Sacramento,28,27,55,25,31,0,56,111,NO,1,0,YES,Golden State,28,27,55,33,19,0,52,107,NO,1,1,YES,110,108,218,104.31,100.62,204.98,-9,230
1993,18-Jan,,Mon,Houston,32,19,51,23,36,0,59,110,YES,1,0,NO,LAL,20,16,36,30,24,0,54,90,NO,1,2,NO,87,113,200,81.31,105.62,186.98,-5,195.5
1993,19-Jan,,Tue,Detroit,27,30,57,12,34,0,46,103,NO,2,1,NO,Dallas,28,22,50,27,36,0,63,113,NO,1,2,YES,107,109,216,101.31,101.62,202.98,12,204
1993,19-Jan,,Tue,Washington,26,27,53,21,22,0,43,96,YES,2,2,YES,Indiana,33,22,55,37,24,0,61,116,NO,1,0,YES,108,104,212,102.31,96.62,198.98,-8.5,215
1993,19-Jan,,Tue,Portland,27,40,67,25,27,0,52,119,YES,1,0,NO,Milwaukee,26,25,51,14,27,0,41,92,YES,1,2,NO,118,93,211,112.31,85.62,197.98,3,208.5
1993,19-Jan,,Tue,Atlanta,25,25,50,25,27,0,52,102,NO,2,0,NO,New Orleans,24,33,57,26,17,0,43,100,YES,0,2,YES,107,95,202,101.31,87.62,188.98,-4.5,224.5
1993,19-Jan,,Tue,Denver,23,37,60,28,22,0,50,110,YES,2,1,NO,San Antonio,36,22,58,31,32,0,63,121,NO,2,2,NO,118,113,231,112.31,105.62,217.98,-12,210.5
1993,19-Jan,,Tue,Houston,26,19,45,25,32,0,57,102,NO,0,1,YES,Sacramento,22,26,48,23,25,0,48,96,YES,2,0,YES,93,105,198,87.31,97.62,184.98,-1.5,204
1993,20-Jan,,Wed,Atlanta,33,30,63,15,28,0,43,106,NO,0,1,YES,Boston,29,33,62,31,28,0,59,121,YES,6,1,YES,125,102,227,119.31,94.62,213.98,-8,207.5
1993,20-Jan,,Wed,New Orleans,20,25,45,27,19,0,46,91,YES,0,1,NO,New York,35,26,61,28,25,0,53,114,YES,1,1,NO,106,99,205,100.31,91.62,191.98,-7.5,0
1993,20-Jan,,Wed,Philadelphia,20,36,56,26,24,9,50,106,YES,1,1,YES,Miami,34,36,70,7,29,6,36,106,YES,1,4,YES,126,86,212,120.31,78.62,198.98,-4,211
1993,20-Jan,,Wed,Phoenix,26,34,60,25,34,0,59,119,NO,1,1,NO,Cleveland,31,37,68,25,30,0,55,123,YES,1,3,NO,128,114,242,122.31,106.62,228.98,-4,220
1993,20-Jan,,Wed,Portland,19,30,49,31,30,0,61,110,NO,0,1,YES,Minnesota,24,20,44,23,27,0,50,94,YES,2,1,NO,93,111,204,87.31,103.62,190.98,7,197
1993,20-Jan,,Wed,Oklahoma City,36,28,64,21,26,0,47,111,YES,1,1,NO,LAL,25,26,51,24,26,0,50,101,YES,1,1,NO,115,97,212,109.31,89.62,198.98,3,193
1993,20-Jan,,Wed,Utah,20,25,45,29,39,0,68,113,NO,1,1,YES,Golden State,16,34,50,32,38,0,70,120,NO,1,1,NO,95,138,233,89.31,130.62,219.98,-3,222
1993,21-Jan,,Thu,Chicago,31,28,59,25,23,0,48,107,YES,2,0,YES,Brooklyn,23,22,45,29,20,0,49,94,YES,0,2,NO,104,97,201,98.31,89.62,187.98,3,202
1993,21-Jan,,Thu,Detroit,25,31,56,29,35,0,64,120,NO,1,0,NO,Houston,35,32,67,34,25,0,59,126,YES,1,1,YES,123,123,246,117.31,115.62,232.98,-7,200
1993,21-Jan,,Thu,Milwaukee,33,29,62,23,25,0,48,110,YES,1,1,YES,Indiana,31,34,65,24,19,0,43,108,NO,1,1,NO,127,91,218,121.31,83.62,204.98,-9,212.5
1993,21-Jan,,Thu,Denver,24,28,52,26,32,0,58,110,NO,1,1,YES,Dallas,18,23,41,22,31,0,53,94,YES,2,1,NO,93,111,204,87.31,103.62,190.98,6,213
1993,22-Jan,,Fri,Brooklyn,29,22,51,20,20,0,40,91,YES,0,1,YES,Atlanta,29,20,49,27,26,0,53,102,NO,0,1,YES,100,93,193,94.31,85.62,179.98,-3,209.5
1993,22-Jan,,Fri,New York,29,21,50,31,28,0,59,109,YES,1,3,YES,Philadelphia,25,26,51,20,20,0,40,91,YES,0,1,YES,101,99,200,95.31,91.62,186.98,0,205.5
1993,22-Jan,,Fri,New Orleans,21,30,51,27,27,0,54,105,NO,1,1,YES,Chicago,19,32,51,22,24,0,46,97,YES,1,0,YES,102,100,202,96.31,92.62,188.98,-10.5,218
1993,22-Jan,,Fri,Cleveland,34,25,59,23,18,0,41,100,YES,1,0,NO,LAC,25,23,48,23,21,0,44,92,NO,1,3,YES,107,85,192,101.31,77.62,178.98,1,213.5
1993,22-Jan,,Fri,Detroit,29,25,54,25,30,0,55,109,NO,0,2,YES,San Antonio,33,27,60,32,31,0,63,123,NO,1,2,NO,114,118,232,108.31,110.62,218.98,-9,212
1993,22-Jan,,Fri,Miami,25,20,45,31,34,0,65,110,YES,1,1,YES,Orlando,26,26,52,25,27,0,52,104,NO,3,3,YES,97,117,214,91.31,109.62,200.98,-7,203
1993,22-Jan,,Fri,Phoenix,27,32,59,33,30,0,63,122,NO,1,0,NO,Washington,25,32,57,33,25,0,58,115,NO,1,2,YES,116,121,237,110.31,113.62,223.98,6,221.5
1993,22-Jan,,Fri,Oklahoma City,22,27,49,24,18,27,42,91,NO,1,1,NO,Golden State,23,28,51,19,21,23,40,91,YES,3,1,NO,100,82,182,94.31,74.62,168.98,-1,224.5
1993,22-Jan,,Fri,Sacramento,41,22,63,32,32,0,64,127,YES,2,0,YES,Portland,34,40,74,26,35,0,61,135,YES,1,1,YES,137,125,262,131.31,117.62,248.98,-13,214
1993,22-Jan,,Fri,LAL,28,18,46,26,22,0,48,94,YES,1,1,NO,Utah,25,22,47,27,24,0,51,98,NO,1,1,YES,93,99,192,87.31,91.62,178.98,-10,199
1993,23-Jan,,Sat,Philadelphia,33,29,62,20,31,0,51,113,YES,0,2,NO,Milwaukee,33,33,66,21,17,0,38,104,NO,2,1,YES,128,89,217,122.31,81.62,203.98,-1.5,215.5
1993,23-Jan,,Sat,Cleveland,26,24,50,26,19,0,45,95,NO,0,2,NO,Denver,23,27,50,20,27,0,47,97,NO,1,1,YES,100,92,192,94.31,84.62,178.98,5,211
1993,23-Jan,,Sat,Houston,29,26,55,29,29,0,58,113,YES,1,0,NO,Indiana,23,21,44,22,34,0,56,100,YES,0,1,NO,99,114,213,93.31,106.62,199.98,-3,212.5
1993,23-Jan,,Sat,Phoenix,27,22,49,37,24,0,61,110,NO,0,1,NO,Atlanta,32,26,58,20,13,0,33,91,NO,1,0,NO,107,94,201,101.31,86.62,187.98,4.5,225
1993,23-Jan,,Sat,Minnesota,35,31,66,14,28,0,42,108,YES,2,1,NO,Sacramento,26,32,58,29,26,0,55,113,YES,1,0,YES,124,97,221,118.31,89.62,207.98,-7.5,201
1993,24-Jan,,Sun,Houston,17,14,31,26,26,0,52,83,NO,0,1,NO,Brooklyn,18,22,40,27,33,0,60,100,NO,1,1,YES,71,112,183,65.31,104.62,169.98,-5,199.5
1993,24-Jan,,Sun,Chicago,21,23,44,28,27,0,55,99,YES,1,1,NO,San Antonio,30,25,55,21,27,0,48,103,YES,2,1,NO,99,103,202,93.31,95.62,188.98,-1.5,206
1993,24-Jan,,Sun,Indiana,29,24,53,27,32,0,59,112,YES,0,2,NO,New Orleans,28,29,57,33,15,0,48,105,NO,2,1,YES,110,107,217,104.31,99.62,203.98,-6,224.5
1993,24-Jan,,Sun,Dallas,31,26,57,23,26,0,49,106,YES,2,1,YES,Miami,30,28,58,37,27,0,64,122,YES,1,1,YES,115,113,228,109.31,105.62,214.98,-16,211
1993,24-Jan,,Sun,LAL,24,28,52,24,30,6,54,106,NO,1,1,NO,Washington,32,20,52,28,26,4,54,106,NO,1,1,NO,104,108,212,98.31,100.62,198.98,-1.5,203
1993,24-Jan,,Sun,Oklahoma City,23,22,45,28,22,0,50,95,NO,1,2,YES,LAC,23,29,52,35,29,0,64,116,NO,2,1,NO,97,114,211,91.31,106.62,197.98,4,202.5
1993,24-Jan,,Sun,Portland,20,26,46,37,41,0,78,124,YES,1,1,YES,Utah,27,26,53,28,32,0,60,113,NO,1,1,NO,99,138,237,93.31,130.62,223.98,-4,207
1993,25-Jan,,Mon,Phoenix,32,36,68,25,28,0,53,121,NO,1,1,NO,Detroit,33,29,62,23,34,0,57,119,NO,1,2,YES,130,110,240,124.31,102.62,226.98,6,218
1993,25-Jan,,Mon,Sacramento,32,26,58,18,30,0,48,106,YES,1,1,NO,Atlanta,24,28,52,33,32,0,65,117,YES,0,1,NO,110,113,223,104.31,105.62,209.98,-5.5,216.5
1993,25-Jan,,Mon,Minnesota,21,29,50,24,23,0,47,97,NO,1,1,YES,Denver,18,32,50,29,23,0,52,102,YES,1,1,NO,100,99,199,94.31,91.62,185.98,-5.5,0
1993,26-Jan,,Tue,LAL,16,25,41,19,31,0,50,91,NO,1,1,NO,Brooklyn,23,23,46,26,34,0,60,106,YES,1,1,NO,87,110,197,81.31,102.62,183.98,-4.5,193
1993,26-Jan,,Tue,Philadelphia,23,20,43,20,27,0,47,90,NO,2,0,YES,New York,25,21,46,31,21,0,52,98,NO,1,3,YES,89,99,188,83.31,91.62,174.98,-8,202.5
1993,26-Jan,,Tue,Chicago,33,31,64,32,27,0,59,123,NO,1,1,NO,Dallas,15,22,37,17,34,0,51,88,NO,2,1,YES,101,110,211,95.31,102.62,197.98,16,211.5
1993,26-Jan,,Tue,Cleveland,27,21,48,23,25,0,48,96,NO,2,1,YES,Utah,32,30,62,23,28,0,51,113,YES,0,1,NO,110,99,209,104.31,91.62,195.98,-4,207
1993,26-Jan,,Tue,Houston,23,20,43,20,23,0,43,86,NO,1,1,YES,Milwaukee,20,25,45,22,33,0,55,100,YES,1,2,NO,88,98,186,82.31,90.62,172.98,4,202.5
1993,26-Jan,,Tue,Atlanta,19,27,46,19,41,0,60,106,YES,0,1,NO,Orlando,30,22,52,33,35,0,68,120,YES,1,3,NO,98,128,226,92.31,120.62,212.98,-7,214.5
1993,26-Jan,,Tue,Miami,27,26,53,23,20,6,43,96,YES,1,1,YES,Washington,29,15,44,27,25,8,52,96,YES,2,1,NO,97,95,192,91.31,87.62,178.98,-2.5,207
1993,26-Jan,,Tue,Golden State,36,38,74,28,31,0,59,133,YES,3,0,YES,Portland,39,30,69,38,36,0,74,143,YES,3,1,YES,143,133,276,137.31,125.62,262.98,-9,234.5
1993,27-Jan,,Wed,Boston,25,22,47,24,23,0,47,94,YES,6,1,NO,Detroit,21,23,44,33,26,0,59,103,NO,1,1,NO,91,106,197,85.31,98.62,183.98,3.5,213.5
1993,27-Jan,,Wed,Indiana,27,24,51,34,35,7,69,120,NO,2,0,YES,Philadelphia,34,33,67,25,28,5,53,120,NO,1,0,YES,118,122,240,112.31,114.62,226.98,-2.5,221
1993,27-Jan,,Wed,Denver,18,23,41,23,31,0,54,95,YES,1,0,YES,Golden State,30,36,66,25,32,0,57,123,NO,1,0,YES,107,111,218,101.31,103.62,204.98,-10,227
1993,27-Jan,,Wed,Phoenix,21,44,65,24,19,9,43,108,NO,1,2,YES,Minnesota,38,27,65,29,14,8,43,108,YES,1,1,YES,130,86,216,124.31,78.62,202.98,10.5,210
1993,27-Jan,,Wed,San Antonio,37,26,63,22,34,0,56,119,YES,2,2,YES,Oklahoma City,23,27,50,17,32,0,49,99,NO,2,2,YES,113,105,218,107.31,97.62,204.98,-6.5,210
1993,27-Jan,,Wed,Utah,25,21,46,29,22,0,51,97,YES,0,2,YES,LAC,22,21,43,32,32,0,64,107,YES,1,2,NO,89,115,204,83.31,107.62,190.98,0,207.5
1993,27-Jan,,Wed,Sacramento,26,24,50,30,27,0,57,107,NO,1,1,NO,New Orleans,25,33,58,32,27,0,59,117,NO,1,2,NO,108,116,224,102.31,108.62,210.98,-6,224.5
1993,28-Jan,,Thu,Brooklyn,22,24,46,24,30,0,54,100,YES,1,1,NO,Denver,29,24,53,29,28,0,57,110,NO,1,0,YES,99,111,210,93.31,103.62,196.98,5,202.5
1993,28-Jan,,Thu,Atlanta,32,31,63,25,22,0,47,110,NO,1,1,YES,New York,24,23,47,32,26,0,58,105,NO,4,1,NO,110,105,215,104.31,97.62,201.98,-8.5,195
1993,28-Jan,,Thu,Chicago,24,14,38,20,25,0,45,83,NO,1,1,NO,Houston,23,25,48,18,28,0,46,94,NO,1,1,YES,86,91,177,80.31,83.62,163.98,3.5,203
1993,28-Jan,,Thu,Orlando,22,29,51,35,27,0,62,113,YES,1,0,YES,Cleveland,27,22,49,39,39,0,78,127,YES,1,1,YES,100,140,240,94.31,132.62,226.98,-8.5,220.5
1993,28-Jan,,Thu,LAL,22,23,45,28,37,0,65,110,NO,1,0,NO,Indiana,34,40,74,26,27,0,53,127,NO,1,0,YES,119,118,237,113.31,110.62,223.98,-3.5,204.5
1993,28-Jan,,Thu,Milwaukee,37,22,59,24,26,0,50,109,YES,1,1,NO,Miami,25,18,43,29,15,0,44,87,NO,1,1,YES,102,94,196,96.31,86.62,182.98,-7.5,203.5
1993,29-Jan,,Fri,Boston,22,24,46,29,24,17,53,99,NO,1,1,YES,Orlando,28,28,56,22,21,6,43,99,YES,2,0,YES,102,96,198,96.31,88.62,184.98,-3,210.5
1993,29-Jan,,Fri,Washington,24,24,48,16,22,0,38,86,YES,2,0,YES,Philadelphia,24,24,48,18,26,0,44,92,YES,0,1,NO,96,82,178,90.31,74.62,164.98,-6,222
1993,29-Jan,,Fri,Minnesota,17,27,44,30,29,0,59,103,YES,1,0,YES,Detroit,23,30,53,25,34,0,59,112,YES,0,1,NO,97,118,215,91.31,110.62,201.98,-7.5,200
1993,29-Jan,,Fri,LAC,23,29,52,19,35,0,54,106,YES,1,0,NO,Golden State,21,31,52,28,25,0,53,105,YES,2,1,NO,104,107,211,98.31,99.62,197.98,-6,227
1993,29-Jan,,Fri,LAL,28,37,65,29,29,0,58,123,NO,0,1,NO,New Orleans,34,28,62,19,27,0,46,108,YES,0,1,NO,127,104,231,121.31,96.62,217.98,-6,211.5
1993,29-Jan,,Fri,Sacramento,30,33,63,26,41,0,67,130,NO,1,0,NO,Dallas,24,40,64,33,23,0,56,120,YES,0,2,NO,127,123,250,121.31,115.62,236.98,8.5,219
1993,30-Jan,,Sat,Brooklyn,22,29,51,26,28,0,54,105,NO,1,1,NO,Houston,24,36,60,25,23,0,48,108,NO,2,1,NO,111,102,213,105.31,94.62,199.98,-4,199
1993,30-Jan,,Sat,Philadelphia,36,28,64,32,27,0,59,123,YES,0,3,YES,Atlanta,38,34,72,40,37,0,77,149,NO,2,1,YES,136,136,272,130.31,128.62,258.98,-5.5,219
1993,30-Jan,,Sat,Chicago,30,27,57,23,22,0,45,102,NO,1,1,NO,Denver,27,27,54,30,25,0,55,109,YES,3,1,NO,111,100,211,105.31,92.62,197.98,9,202.5
1993,30-Jan,,Sat,Cleveland,23,18,41,28,26,0,54,95,YES,1,2,YES,Miami,23,29,52,22,24,0,46,98,NO,3,1,NO,93,100,193,87.31,92.62,179.98,4,205.5
1993,30-Jan,,Sat,Detroit,22,22,44,35,27,0,62,106,YES,0,5,NO,Indiana,27,26,53,28,29,0,57,110,YES,2,1,NO,97,119,216,91.31,111.62,202.98,-8.5,216.5
1993,30-Jan,,Sat,Milwaukee,16,29,45,22,15,0,37,82,NO,1,1,YES,Minnesota,15,23,38,24,29,0,53,91,YES,2,0,YES,83,90,173,77.31,82.62,159.98,-3,195.5
1993,30-Jan,,Sat,New Orleans,27,33,60,27,26,14,53,113,YES,0,1,YES,Washington,30,29,59,29,25,8,54,113,YES,2,0,YES,119,107,226,113.31,99.62,212.98,0,223
1993,30-Jan,,Sat,Portland,13,20,33,27,26,0,53,86,YES,3,2,YES,Oklahoma City,22,23,45,26,37,0,63,108,YES,1,2,NO,78,116,194,72.31,108.62,180.98,-5,216.5
1993,30-Jan,,Sat,LAC,27,32,59,25,21,0,46,105,NO,0,2,YES,Utah,32,38,70,23,20,0,43,113,NO,1,2,YES,129,89,218,123.31,81.62,204.98,-9.5,211.5
1993,30-Jan,,Sat,Dallas,22,23,45,23,37,0,60,105,YES,0,1,YES,Phoenix,31,35,66,26,34,0,60,126,YES,2,2,YES,111,120,231,105.31,112.62,217.98,-23,228.5
1993,30-Jan,,Sat,Sacramento,31,29,60,26,38,0,64,124,NO,0,1,YES,San Antonio,31,32,63,32,34,0,66,129,NO,2,2,YES,123,130,253,117.31,122.62,239.98,-10,223
1993,31-Jan,,Sun,LAL,25,29,54,24,18,0,42,96,NO,1,1,YES,Boston,31,18,49,19,19,0,38,87,NO,4,1,YES,103,80,183,97.31,72.62,169.98,-5.5,207.5
1993,1-Feb,,Mon,Brooklyn,25,32,57,27,31,0,58,115,NO,1,0,NO,Dallas,27,24,51,20,25,0,45,96,NO,1,1,YES,108,103,211,102.31,95.62,197.98,12,216
1993,1-Feb,,Mon,Chicago,18,22,40,20,36,0,56,96,NO,1,1,NO,Utah,20,25,45,30,17,0,47,92,NO,1,1,NO,85,103,188,79.31,95.62,174.98,-3,201.5
1993,1-Feb,,Mon,Golden State,20,22,42,32,28,0,60,102,YES,2,0,NO,Milwaukee,26,28,54,31,31,0,62,116,NO,1,1,YES,96,122,218,90.31,114.62,204.98,4,221
1993,1-Feb,,Mon,Orlando,32,21,53,28,38,0,66,119,YES,2,0,NO,Sacramento,24,33,57,32,26,0,58,115,NO,1,1,YES,110,124,234,104.31,116.62,220.98,-5,224.5
1993,1-Feb,,Mon,Oklahoma City,20,26,46,26,28,0,54,100,YES,1,0,NO,New Orleans,29,27,56,26,30,0,56,112,YES,1,1,YES,102,110,212,96.31,102.62,198.98,3,214
1993,2-Feb,,Tue,Brooklyn,26,20,46,28,19,0,47,93,NO,0,1,YES,San Antonio,28,26,54,32,25,0,57,111,NO,1,2,NO,100,104,204,94.31,96.62,190.98,-8,211.5
1993,2-Feb,,Tue,Washington,31,16,47,27,26,0,53,100,YES,2,2,YES,New York,29,29,58,24,23,0,47,105,NO,1,4,NO,105,100,205,99.31,92.62,191.98,-11,196.5
1993,2-Feb,,Tue,Golden State,18,28,46,22,22,0,44,90,NO,0,1,NO,Cleveland,29,17,46,31,23,0,54,100,YES,0,2,YES,92,98,190,86.31,90.62,176.98,-10,232
1993,2-Feb,,Tue,Indiana,23,32,55,26,23,0,49,104,YES,2,1,NO,Houston,31,26,57,27,31,0,58,115,YES,0,2,NO,112,107,219,106.31,99.62,205.98,-5.5,210
1993,2-Feb,,Tue,Oklahoma City,30,29,59,24,26,0,50,109,NO,0,1,NO,Atlanta,31,38,69,25,24,0,49,118,YES,0,2,NO,128,99,227,122.31,91.62,213.98,2,213
1993,2-Feb,,Tue,Orlando,28,33,61,27,22,0,49,110,NO,0,2,NO,LAL,25,25,50,22,25,0,47,97,NO,1,1,YES,111,96,207,105.31,88.62,193.98,-5,213
1993,2-Feb,,Tue,Minnesota,24,26,50,27,27,0,54,104,YES,2,0,NO,Portland,15,28,43,21,27,0,48,91,NO,2,2,YES,93,102,195,87.31,94.62,181.98,-16,208
1993,2-Feb,,Tue,Phoenix,28,29,57,30,21,0,51,108,YES,2,0,YES,LAC,36,30,66,19,27,0,46,112,NO,1,2,YES,123,97,220,117.31,89.62,206.98,5,222
1993,3-Feb,,Wed,New Orleans,30,35,65,26,38,0,64,129,YES,1,1,YES,Philadelphia,17,39,56,32,30,0,62,118,YES,1,3,YES,121,126,247,115.31,118.62,233.98,-3,230
1993,3-Feb,,Wed,Chicago,23,25,48,35,24,0,59,107,NO,1,0,NO,Sacramento,23,18,41,24,23,0,47,88,YES,2,1,NO,89,106,195,83.31,98.62,181.98,4.5,213
1993,3-Feb,,Wed,Cleveland,30,22,52,20,36,0,56,108,YES,0,1,YES,Milwaukee,17,28,45,20,35,0,55,100,YES,1,1,NO,97,111,208,91.31,103.62,194.98,4,203.5
1993,3-Feb,,Wed,Atlanta,26,30,56,27,13,0,40,96,YES,0,2,YES,Miami,27,26,53,30,33,0,63,116,NO,1,3,NO,109,103,212,103.31,95.62,198.98,-3,210
1993,3-Feb,,Wed,Denver,19,28,47,30,19,0,49,96,YES,3,2,YES,Utah,25,24,49,22,29,0,51,100,YES,0,1,NO,96,100,196,90.31,92.62,182.98,-12,209.5
1993,3-Feb,,Wed,Minnesota,14,23,37,29,36,0,65,102,NO,0,1,NO,Phoenix,28,33,61,33,28,0,61,122,NO,1,0,YES,98,126,224,92.31,118.62,210.98,-17,216.5
1993,3-Feb,,Wed,Houston,22,29,51,31,37,0,68,119,YES,0,1,YES,Dallas,24,25,49,29,24,0,53,102,NO,1,1,NO,100,121,221,94.31,113.62,207.98,14,212
1993,4-Feb,,Thu,Oklahoma City,16,28,44,27,26,6,53,97,NO,1,1,NO,Brooklyn,25,33,58,13,26,16,39,97,YES,2,1,YES,102,92,194,96.31,84.62,180.98,-1.5,201.5
1993,4-Feb,,Thu,Golden State,25,26,51,28,22,0,50,101,NO,1,0,NO,New York,27,21,48,28,29,0,57,105,YES,0,1,NO,99,107,206,93.31,99.62,192.98,-7,208.5
1993,4-Feb,,Thu,Chicago,21,16,37,35,24,11,59,96,NO,0,2,NO,LAC,23,24,47,26,23,9,49,96,NO,1,1,NO,84,108,192,78.31,100.62,178.98,3,201.5
1993,4-Feb,,Thu,Indiana,25,21,46,30,39,0,69,115,NO,1,0,NO,San Antonio,31,31,62,40,31,0,71,133,NO,1,1,NO,108,140,248,102.31,132.62,234.98,-9,222.5
1993,4-Feb,,Thu,Utah,29,22,51,29,30,0,59,110,YES,0,3,YES,LAL,36,27,63,21,30,0,51,114,YES,0,1,NO,114,110,224,108.31,102.62,210.98,-2.5,203
1993,5-Feb,,Fri,Philadelphia,23,22,45,23,25,0,48,93,YES,1,2,YES,Boston,30,21,51,22,32,0,54,105,NO,1,4,NO,96,102,198,90.31,94.62,184.98,-6.5,218
1993,5-Feb,,Fri,New York,27,25,52,30,26,0,56,108,YES,0,1,YES,Miami,29,25,54,30,21,0,51,105,YES,1,1,NO,106,107,213,100.31,99.62,199.98,0,0
1993,5-Feb,,Fri,Detroit,26,21,47,27,15,0,42,89,NO,5,1,YES,Cleveland,27,25,52,23,34,0,57,109,YES,0,1,YES,99,99,198,93.31,91.62,184.98,-11,216
1993,5-Feb,,Fri,Indiana,31,31,62,27,15,0,42,104,NO,0,4,YES,Dallas,37,31,68,26,11,0,37,105,YES,0,1,NO,130,79,209,124.31,71.62,195.98,10.5,223.5
1993,5-Feb,,Fri,Milwaukee,33,27,60,33,18,0,51,111,YES,1,1,YES,New Orleans,24,29,53,33,32,0,65,118,NO,3,1,YES,113,116,229,107.31,108.62,215.98,-8.5,217
1993,5-Feb,,Fri,Orlando,33,21,54,30,30,0,60,114,NO,2,1,NO,Portland,23,26,49,25,32,0,57,106,NO,1,2,NO,103,117,220,97.31,109.62,206.98,-9,221
1993,5-Feb,,Fri,Golden State,26,19,45,34,32,0,66,111,NO,0,1,NO,Washington,37,36,73,22,43,0,65,138,NO,0,2,YES,118,131,249,112.31,123.62,235.98,0,223.5
1993,5-Feb,,Fri,Minnesota,20,29,49,31,32,0,63,112,NO,1,0,NO,Houston,24,22,46,30,29,0,59,105,NO,2,1,YES,95,122,217,89.31,114.62,203.98,-12.5,198
1993,5-Feb,,Fri,LAL,29,22,51,25,28,0,53,104,YES,0,2,YES,Phoenix,35,33,68,37,27,0,64,132,NO,1,1,NO,119,117,236,113.31,109.62,222.98,-11,224.5
1993,6-Feb,,Sat,Cleveland,34,29,63,28,29,0,57,120,YES,0,2,NO,Atlanta,30,18,48,34,27,0,61,109,YES,2,2,YES,111,118,229,105.31,110.62,215.98,2.5,216.5
1993,6-Feb,,Sat,Oklahoma City,32,37,69,25,26,0,51,120,NO,1,0,NO,Washington,22,21,43,22,27,0,49,92,YES,1,0,NO,112,100,212,106.31,92.62,198.98,3,211
1993,6-Feb,,Sat,Dallas,25,18,43,16,34,0,50,93,YES,0,1,NO,Denver,22,29,51,31,29,0,60,111,YES,2,2,YES,94,110,204,88.31,102.62,190.98,-15,214.5
1993,6-Feb,,Sat,Minnesota,29,19,48,20,27,0,47,95,NO,0,3,YES,San Antonio,24,34,58,22,24,0,46,104,NO,2,1,NO,106,93,199,100.31,85.62,185.98,-13,211
1993,6-Feb,,Sat,Sacramento,24,26,50,30,30,0,60,110,YES,2,2,YES,LAC,34,32,66,24,29,0,53,119,YES,2,1,NO,116,113,229,110.31,105.62,215.98,-8.5,218
1993,7-Feb,,Sun,Golden State,20,22,42,18,22,0,40,82,NO,1,1,YES,Boston,21,22,43,20,24,0,44,87,NO,1,1,NO,85,84,169,79.31,76.62,155.98,-9,215
1993,7-Feb,,Sun,Brooklyn,31,28,59,26,20,0,46,105,YES,2,2,YES,Milwaukee,27,26,53,24,25,0,49,102,YES,1,1,YES,112,95,207,106.31,87.62,193.98,1.5,203.5
1993,7-Feb,,Sun,Miami,17,32,49,20,13,0,33,82,YES,1,1,NO,New York,27,29,56,24,24,0,48,104,YES,0,1,YES,105,81,186,99.31,73.62,172.98,-8,191.5
1993,7-Feb,,Sun,Chicago,28,28,56,22,23,0,45,101,NO,2,2,NO,Portland,18,28,46,17,28,0,45,91,YES,4,1,NO,102,90,192,96.31,82.62,178.98,-2,204
1993,7-Feb,,Sun,Oklahoma City,26,26,52,31,20,0,51,103,NO,0,1,YES,Detroit,24,37,61,19,21,0,40,101,NO,1,1,YES,113,91,204,107.31,83.62,190.98,0,206
1993,7-Feb,,Sun,Orlando,28,22,50,29,26,0,55,105,NO,1,0,NO,Phoenix,25,25,50,27,44,0,71,121,NO,2,1,NO,100,126,226,94.31,118.62,212.98,-10,235
1993,8-Feb,,Mon,New York,29,25,54,30,22,14,52,106,YES,0,2,YES,Philadelphia,33,24,57,26,23,9,49,106,NO,1,2,YES,111,101,212,105.31,93.62,198.98,1,202
1993,8-Feb,,Mon,Orlando,26,23,49,28,19,0,47,96,NO,0,1,YES,Utah,25,30,55,31,22,0,53,108,YES,0,3,YES,104,100,204,98.31,92.62,190.98,-9,213
1993,8-Feb,,Mon,Washington,28,22,50,26,30,0,56,106,YES,1,1,NO,Houston,28,21,49,22,29,0,51,100,YES,1,2,NO,99,107,206,93.31,99.62,192.98,-10,210
1993,8-Feb,,Mon,Dallas,22,31,53,19,21,7,40,93,NO,1,1,YES,LAL,26,17,43,34,16,15,50,93,NO,1,2,YES,96,90,186,90.31,82.62,172.98,-17,218
1993,9-Feb,,Tue,Milwaukee,29,24,53,17,22,0,39,92,YES,1,2,NO,Boston,28,26,54,18,32,0,50,104,YES,3,1,NO,107,89,196,101.31,81.62,182.98,-8.5,203
1993,9-Feb,,Tue,Cleveland,25,30,55,28,24,0,52,107,NO,2,0,NO,New Orleans,20,32,52,29,22,0,51,103,NO,1,3,NO,107,103,210,101.31,95.62,196.98,0,221.5
1993,9-Feb,,Tue,Miami,26,24,50,26,30,0,56,106,NO,1,0,NO,Detroit,27,27,54,28,23,0,51,105,YES,0,1,NO,104,107,211,98.31,99.62,197.98,-4.5,197
1993,9-Feb,,Tue,Atlanta,34,25,59,31,35,0,66,125,YES,2,1,NO,Golden State,40,25,65,28,21,0,49,114,NO,1,1,YES,124,115,239,118.31,107.62,225.98,-3.5,218
1993,9-Feb,,Tue,Denver,24,21,45,25,26,0,51,96,YES,2,0,NO,Oklahoma City,24,30,54,23,15,0,38,92,NO,1,1,YES,99,89,188,93.31,81.62,174.98,-12,210
1993,9-Feb,,Tue,Utah,31,29,60,28,31,0,59,119,YES,0,1,NO,Sacramento,32,28,60,24,30,0,54,114,NO,1,2,YES,120,113,233,114.31,105.62,219.98,0,215.5
1993,9-Feb,,Tue,LAC,30,21,51,24,22,0,46,97,YES,2,0,NO,San Antonio,30,34,64,22,26,0,48,112,NO,1,2,NO,115,94,209,109.31,86.62,195.98,-9,219
1993,10-Feb,,Wed,Detroit,16,25,41,25,20,0,45,86,YES,0,1,YES,Brooklyn,28,25,53,27,29,0,56,109,YES,1,2,YES,94,101,195,88.31,93.62,181.98,-8.5,206
1993,10-Feb,,Wed,Houston,26,24,50,29,19,0,48,98,YES,1,0,NO,Philadelphia,22,16,38,27,25,0,52,90,YES,2,1,NO,88,100,188,82.31,92.62,174.98,1,215
1993,10-Feb,,Wed,Chicago,28,28,56,31,28,0,59,115,NO,2,1,YES,Indiana,34,24,58,28,18,0,46,104,NO,1,4,YES,114,105,219,108.31,97.62,205.98,4.5,205
1993,10-Feb,,Wed,Cleveland,20,24,44,20,23,0,43,87,NO,0,1,YES,Orlando,23,22,45,27,24,0,51,96,YES,0,1,YES,89,94,183,83.31,86.62,169.98,0,209
1993,10-Feb,,Wed,Miami,28,24,52,22,27,0,49,101,NO,0,1,YES,Minnesota,22,23,45,27,18,0,45,90,YES,1,3,YES,97,94,191,91.31,86.62,177.98,-3.5,193
1993,10-Feb,,Wed,Washington,25,18,43,30,37,0,67,110,NO,1,0,NO,Dallas,22,25,47,27,28,0,55,102,NO,2,1,YES,90,122,212,84.31,114.62,198.98,7.5,214.5
1993,10-Feb,,Wed,Denver,27,30,57,18,27,0,45,102,NO,0,2,YES,LAL,29,31,60,21,30,0,51,111,NO,3,1,NO,117,96,213,111.31,88.62,199.98,-7,207
1993,10-Feb,,Wed,LAC,26,27,53,19,28,0,47,100,NO,0,1,YES,Phoenix,41,33,74,23,25,0,48,122,YES,0,2,NO,127,95,222,121.31,87.62,208.98,-13,229
1993,11-Feb,,Thu,Houston,22,22,44,25,26,0,51,95,NO,0,1,NO,New York,32,30,62,37,26,0,63,125,YES,0,2,YES,106,114,220,100.31,106.62,206.98,-7,192.5
1993,11-Feb,,Thu,Atlanta,28,27,55,18,32,0,50,105,NO,1,1,NO,Sacramento,33,27,60,22,34,0,56,116,NO,1,1,NO,115,106,221,109.31,98.62,207.98,-2.5,228
1993,11-Feb,,Thu,Orlando,25,29,54,28,25,0,53,107,YES,0,2,YES,New Orleans,21,32,53,28,35,0,63,116,YES,0,1,NO,107,116,223,101.31,108.62,209.98,-5,222.5
1993,11-Feb,,Thu,Washington,26,11,37,29,29,0,58,95,NO,0,1,NO,San Antonio,18,26,44,37,24,0,61,105,NO,1,1,NO,81,119,200,75.31,111.62,186.98,-14,217.5
1993,11-Feb,,Thu,Utah,25,21,46,28,27,0,55,101,NO,1,1,YES,Oklahoma City,17,29,46,26,24,0,50,96,NO,1,1,NO,92,105,197,86.31,97.62,183.98,-7,206.5
1993,11-Feb,,Thu,Phoenix,30,32,62,20,40,0,60,122,YES,0,1,NO,Golden State,28,26,54,19,27,0,46,100,YES,1,1,NO,116,106,222,110.31,98.62,208.98,6,231
1993,12-Feb,,Fri,Brooklyn,20,30,50,28,19,0,47,97,YES,1,1,YES,Detroit,31,29,60,24,22,0,46,106,YES,1,1,YES,110,93,203,104.31,85.62,189.98,3,204.5
1993,12-Feb,,Fri,New York,27,20,47,27,30,0,57,104,YES,0,1,NO,Chicago,26,25,51,24,23,0,47,98,NO,0,1,YES,98,104,202,92.31,96.62,188.98,-8,188
1993,12-Feb,,Fri,Milwaukee,27,22,49,21,28,0,49,98,NO,2,0,YES,Cleveland,22,31,53,30,37,0,67,120,YES,0,1,YES,102,116,218,96.31,108.62,204.98,-12,210.5
1993,12-Feb,,Fri,Minnesota,28,27,55,24,23,0,47,102,YES,1,0,YES,Indiana,22,28,50,22,28,0,50,100,YES,0,1,NO,105,97,202,99.31,89.62,188.98,-8,211
1993,12-Feb,,Fri,New Orleans,30,29,59,27,30,0,57,116,YES,0,1,YES,Miami,30,31,61,29,17,0,46,107,YES,1,1,YES,120,103,223,114.31,95.62,209.98,-1,216.5
1993,12-Feb,,Fri,Portland,27,18,45,23,43,0,66,111,YES,4,1,YES,LAC,16,30,46,30,28,0,58,104,YES,1,1,YES,91,124,215,85.31,116.62,201.98,3,212
1993,13-Feb,,Sat,Boston,26,22,48,22,15,0,37,85,YES,3,2,NO,San Antonio,24,22,46,26,18,0,44,90,YES,1,1,NO,94,81,175,88.31,73.62,161.98,-9,209.5
1993,13-Feb,,Sat,Philadelphia,21,34,55,27,37,0,64,119,YES,2,2,NO,Dallas,28,18,46,18,32,0,50,96,YES,2,2,NO,101,114,215,95.31,106.62,201.98,8,218.5
1993,13-Feb,,Sat,Cleveland,29,28,57,33,26,0,59,116,YES,0,1,YES,Chicago,27,25,52,39,20,0,59,111,NO,1,0,NO,109,118,227,103.31,110.62,213.98,-6.5,200
1993,13-Feb,,Sat,Indiana,30,26,56,22,37,0,59,115,YES,0,1,NO,Milwaukee,27,41,68,18,31,0,49,117,NO,1,0,YES,124,108,232,118.31,100.62,218.98,-1,210
1993,13-Feb,,Sat,Atlanta,31,29,60,23,38,0,61,121,NO,1,0,NO,Utah,34,14,48,29,35,0,64,112,YES,1,1,YES,108,125,233,102.31,117.62,219.98,-9,216
1993,13-Feb,,Sat,Washington,25,26,51,20,33,0,53,104,NO,1,0,NO,Denver,28,33,61,26,36,0,62,123,YES,1,2,YES,112,115,227,106.31,107.62,213.98,-6.5,211.5
1993,13-Feb,,Sat,Houston,26,18,44,28,25,0,53,97,NO,1,2,YES,Minnesota,22,21,43,17,28,0,45,88,NO,1,0,YES,87,98,185,81.31,90.62,171.98,4,193.5
1993,13-Feb,,Sat,Phoenix,26,30,56,15,23,0,38,94,NO,1,2,YES,Oklahoma City,21,23,44,27,24,0,51,95,NO,2,1,NO,100,89,189,94.31,81.62,175.98,-3.5,222
1993,13-Feb,,Sat,Golden State,32,32,64,24,23,0,47,111,YES,1,0,YES,Sacramento,23,30,53,36,21,0,57,110,YES,1,1,NO,117,104,221,111.31,96.62,207.98,-7,222.5
1993,14-Feb,,Sun,Miami,27,30,57,27,19,8,46,103,YES,1,0,YES,Brooklyn,20,27,47,31,25,14,56,103,NO,1,1,YES,104,102,206,98.31,94.62,192.98,-7.5,200
1993,14-Feb,,Sun,New York,15,19,34,20,25,21,45,79,NO,1,1,YES,Orlando,21,18,39,19,21,23,40,79,YES,1,2,YES,73,85,158,67.31,77.62,144.98,1.5,198.5
1993,14-Feb,,Sun,Detroit,26,23,49,21,37,0,58,107,YES,1,1,YES,New Orleans,33,35,68,18,31,0,49,117,YES,0,1,YES,117,107,224,111.31,99.62,210.98,-10,215.5
1993,14-Feb,,Sun,Atlanta,22,16,38,31,27,0,58,96,NO,0,1,NO,LAL,36,33,69,34,32,0,66,135,YES,3,3,NO,107,124,231,101.31,116.62,217.98,-4.5,216
1993,14-Feb,,Sun,Washington,18,29,47,23,24,0,47,94,NO,0,1,NO,Golden State,28,32,60,31,23,0,54,114,NO,1,0,YES,107,101,208,101.31,93.62,194.98,-6,222
1993,14-Feb,,Sun,LAC,29,19,48,28,20,0,48,96,YES,1,0,YES,Portland,27,20,47,21,18,0,39,86,NO,1,1,YES,95,87,182,89.31,79.62,168.98,-10,214
1993,15-Feb,,Mon,Sacramento,24,22,46,32,23,0,55,101,YES,1,1,NO,Chicago,28,33,61,24,34,0,58,119,NO,1,1,NO,107,113,220,101.31,105.62,206.98,-14.5,212.5
1993,15-Feb,,Mon,Indiana,28,26,54,24,27,0,51,105,NO,1,1,YES,Cleveland,31,22,53,30,27,0,57,110,NO,1,1,YES,107,108,215,101.31,100.62,201.98,-11,224
1993,15-Feb,,Mon,New Orleans,32,36,68,22,32,0,54,122,YES,0,1,YES,Milwaukee,34,35,69,30,29,0,59,128,YES,0,1,NO,137,113,250,131.31,105.62,236.98,1,221
1993,15-Feb,,Mon,Denver,26,24,50,25,35,19,60,110,YES,1,1,NO,Miami,27,23,50,34,26,20,60,110,NO,1,0,YES,100,120,220,94.31,112.62,206.98,-4.5,206.5
1993,15-Feb,,Mon,Utah,22,34,56,29,27,0,56,112,YES,1,1,NO,Minnesota,21,17,38,28,25,0,53,91,NO,2,1,NO,94,109,203,88.31,101.62,189.98,5.5,196
1993,15-Feb,,Mon,San Antonio,32,25,57,31,14,0,45,102,YES,1,0,NO,LAC,24,20,44,27,28,0,55,99,NO,2,0,YES,101,100,201,95.31,92.62,187.98,-4,208
1993,16-Feb,,Tue,Boston,31,15,46,28,23,0,51,97,NO,2,1,NO,Phoenix,27,27,54,26,30,0,56,110,NO,1,2,YES,100,107,207,94.31,99.62,193.98,-13,217.5
1993,16-Feb,,Tue,Milwaukee,24,19,43,32,13,0,45,88,YES,0,1,YES,Brooklyn,22,19,41,30,29,0,59,100,YES,6,1,NO,84,104,188,78.31,96.62,174.98,-10,207
1993,16-Feb,,Tue,Dallas,20,21,41,20,26,0,46,87,YES,2,0,NO,New York,34,34,68,31,18,0,49,117,YES,0,1,YES,109,95,204,103.31,87.62,190.98,-20,202
1993,16-Feb,,Tue,Philadelphia,26,25,51,24,36,0,60,111,NO,2,1,NO,Houston,40,36,76,36,37,0,73,149,NO,1,2,YES,127,133,260,121.31,125.62,246.98,-7.5,214
1993,16-Feb,,Tue,Orlando,24,23,47,31,35,7,66,113,YES,1,0,YES,Detroit,23,24,47,31,35,11,66,113,YES,0,1,YES,94,132,226,88.31,124.62,212.98,0,207.5
1993,16-Feb,,Tue,Atlanta,23,25,48,25,17,0,42,90,NO,1,1,NO,Portland,24,27,51,29,25,0,54,105,NO,1,1,NO,99,96,195,93.31,88.62,181.98,-8.5,222
1993,16-Feb,,Tue,Washington,23,23,46,32,24,0,56,102,NO,1,1,NO,Oklahoma City,31,33,64,27,21,0,48,112,YES,1,2,NO,110,104,214,104.31,96.62,200.98,-13,209
1993,16-Feb,,Tue,San Antonio,24,32,56,27,29,0,56,112,NO,0,1,YES,Golden State,28,34,62,37,34,0,71,133,NO,1,1,NO,118,127,245,112.31,119.62,231.98,4,0
1993,17-Feb,,Wed,New York,25,33,58,32,34,0,66,124,YES,0,5,YES,New Orleans,33,31,64,31,21,0,52,116,NO,5,1,YES,122,118,240,116.31,110.62,226.98,0,207
1993,17-Feb,,Wed,Utah,17,22,39,22,35,0,57,96,NO,1,0,NO,Chicago,27,25,52,25,37,0,62,114,NO,5,1,NO,91,119,210,85.31,111.62,196.98,-8,201.5
1993,17-Feb,,Wed,Dallas,23,18,41,21,35,0,56,97,NO,0,6,YES,Cleveland,30,30,60,28,36,0,64,124,NO,5,1,NO,101,120,221,95.31,112.62,207.98,-23,216
1993,17-Feb,,Wed,Detroit,16,26,42,30,35,0,65,107,YES,0,5,YES,Miami,25,31,56,27,28,0,55,111,YES,5,1,NO,98,120,218,92.31,112.62,204.98,-5.5,203
1993,17-Feb,,Wed,Sacramento,27,23,50,27,22,0,49,99,NO,1,0,NO,Indiana,36,28,64,22,39,0,61,125,NO,5,1,YES,114,110,224,108.31,102.62,210.98,-7.5,225
1993,17-Feb,,Wed,Denver,34,20,54,17,28,0,45,99,NO,1,5,YES,Orlando,30,27,57,30,24,0,54,111,NO,5,0,YES,111,99,210,105.31,91.62,196.98,-7,209.5
1993,18-Feb,,Thu,Boston,21,8,29,20,35,0,55,84,NO,1,4,NO,Houston,21,24,45,37,37,0,74,119,YES,4,1,NO,74,129,203,68.31,121.62,189.98,-5.5,202
1993,18-Feb,,Thu,Philadelphia,27,24,51,27,20,0,47,98,NO,1,4,NO,San Antonio,23,27,50,25,28,0,53,103,NO,4,1,YES,101,100,201,95.31,92.62,187.98,-10,220
1993,18-Feb,,Thu,Utah,25,28,53,22,30,0,52,105,NO,0,4,YES,Milwaukee,29,22,51,19,24,0,43,94,YES,4,1,YES,104,95,199,98.31,87.62,185.98,3,207.5
1993,18-Feb,,Thu,Atlanta,24,31,55,30,34,0,64,119,NO,1,4,YES,Phoenix,33,41,74,28,29,0,57,131,YES,4,1,NO,129,121,250,123.31,113.62,236.98,-11,227.5
1993,18-Feb,,Thu,Washington,20,27,47,26,22,0,48,95,NO,1,4,NO,LAC,25,35,60,25,23,0,48,108,NO,4,2,NO,107,96,203,101.31,88.62,189.98,-9,210.5
1993,18-Feb,,Thu,Sacramento,28,31,59,26,29,0,55,114,NO,0,4,NO,Minnesota,22,35,57,34,30,0,64,121,YES,4,2,NO,116,119,235,110.31,111.62,221.98,-4.5,206
1993,18-Feb,,Thu,Oklahoma City,38,22,60,35,36,0,71,131,YES,1,4,NO,Golden State,25,23,48,36,32,0,68,116,NO,5,1,NO,108,139,247,102.31,131.62,233.98,3,215.5
1993,18-Feb,,Thu,LAL,28,24,52,27,24,0,51,103,YES,3,5,NO,Portland,20,30,50,27,28,0,55,105,YES,4,1,NO,102,106,208,96.31,98.62,194.98,-9.5,210
1993,23-Feb,,Tue,Boston,20,15,35,23,28,0,51,86,NO,4,0,YES,Indiana,30,29,59,27,27,0,54,113,YES,0,5,NO,94,105,199,88.31,97.62,185.98,-3.5,208.5
1993,23-Feb,,Tue,Brooklyn,20,16,36,28,31,0,59,95,YES,6,0,NO,New Orleans,23,31,54,32,18,0,50,104,NO,1,5,NO,90,109,199,84.31,101.62,185.98,-4,220
1993,23-Feb,,Tue,Minnesota,23,13,36,23,32,0,55,91,YES,4,0,YES,New York,32,14,46,25,24,0,49,95,YES,0,5,YES,82,104,186,76.31,96.62,172.98,-14,195.5
1993,23-Feb,,Tue,Philadelphia,23,25,48,26,15,0,41,89,NO,4,0,YES,Detroit,31,32,63,18,20,0,38,101,NO,2,5,YES,111,79,190,105.31,71.62,176.98,-5,213
1993,23-Feb,,Tue,Milwaukee,22,23,45,23,27,0,50,95,YES,4,0,YES,Chicago,37,17,54,21,24,0,45,99,YES,1,5,NO,99,95,194,93.31,87.62,180.98,-14.5,207
1993,23-Feb,,Tue,Miami,26,22,48,24,28,0,52,100,YES,5,0,YES,Cleveland,29,20,49,25,28,0,53,102,YES,2,5,NO,97,105,202,91.31,97.62,188.98,-12,213
1993,23-Feb,,Tue,Washington,24,34,58,18,18,0,36,94,NO,4,0,YES,Atlanta,33,29,62,29,18,0,47,109,YES,0,4,YES,120,83,203,114.31,75.62,189.98,-7,219
1993,23-Feb,,Tue,Portland,28,33,61,22,24,0,46,107,YES,4,0,NO,Orlando,25,27,52,46,27,0,73,125,NO,1,5,NO,113,119,232,107.31,111.62,218.98,1.5,209.5
1993,23-Feb,,Tue,Oklahoma City,33,29,62,25,16,0,41,103,NO,4,0,NO,Denver,21,26,47,26,26,0,52,99,YES,0,5,YES,109,93,202,103.31,85.62,188.98,4.5,208.5
1993,23-Feb,,Tue,Houston,18,31,49,25,31,0,56,105,YES,4,1,YES,Utah,20,24,44,17,17,0,34,78,YES,0,4,YES,93,90,183,87.31,82.62,169.98,-6.5,203.5
1993,23-Feb,,Tue,Sacramento,28,29,57,32,27,0,59,116,NO,4,0,YES,LAC,33,28,61,31,31,0,62,123,YES,2,4,NO,118,121,239,112.31,113.62,225.98,-10.5,218
1993,23-Feb,,Tue,Phoenix,28,27,55,22,28,0,50,105,YES,4,1,NO,San Antonio,29,24,53,27,23,0,50,103,YES,1,4,NO,108,100,208,102.31,92.62,194.98,-3,216.5
1993,24-Feb,,Wed,Brooklyn,23,17,40,25,23,0,48,88,NO,0,1,YES,Boston,26,30,56,19,28,0,47,103,YES,1,0,YES,96,95,191,90.31,87.62,177.98,-3.5,199.5
1993,24-Feb,,Wed,New York,27,20,47,14,30,0,44,91,YES,0,1,NO,Milwaukee,19,27,46,20,24,0,44,90,YES,1,0,YES,93,88,181,87.31,80.62,167.98,4.5,198
1993,24-Feb,,Wed,Atlanta,31,33,64,33,35,0,68,132,YES,0,1,YES,Philadelphia,27,30,57,23,27,0,50,107,NO,1,0,YES,121,118,239,115.31,110.62,225.98,-2.5,226
1993,24-Feb,,Wed,Indiana,28,23,51,32,18,0,50,101,YES,0,1,YES,Washington,31,31,62,27,16,0,43,105,NO,1,0,YES,113,93,206,107.31,85.62,192.98,-1,213
1993,24-Feb,,Wed,Portland,21,14,35,32,24,0,56,91,NO,0,1,NO,Miami,31,20,51,28,23,0,51,102,NO,1,0,YES,86,107,193,80.31,99.62,179.98,4,209.5
1993,24-Feb,,Wed,Denver,23,28,51,31,31,0,62,113,YES,0,2,NO,Dallas,22,14,36,30,26,0,56,92,YES,1,6,YES,87,118,205,81.31,110.62,191.98,8.5,211
1993,24-Feb,,Wed,Oklahoma City,19,31,50,20,19,0,39,89,NO,0,1,NO,Minnesota,21,19,40,17,20,0,37,77,NO,1,0,YES,90,76,166,84.31,68.62,152.98,7.5,197.5
1993,24-Feb,,Wed,Utah,26,24,50,29,29,0,58,108,YES,0,1,NO,Golden State,27,32,59,28,33,0,61,120,NO,1,5,NO,109,119,228,103.31,111.62,214.98,0,219.5
1993,24-Feb,,Wed,LAL,36,23,59,29,16,0,45,104,NO,5,1,YES,Sacramento,25,28,53,23,23,0,46,99,NO,1,0,YES,112,91,203,106.31,83.62,189.98,-1,216
1993,25-Feb,,Thu,Chicago,32,32,64,24,20,0,44,108,YES,1,1,YES,Orlando,27,17,44,28,34,0,62,106,YES,0,1,NO,108,106,214,102.31,98.62,200.98,0,0
1993,25-Feb,,Thu,Phoenix,17,34,51,27,26,0,53,104,NO,1,0,YES,Houston,37,28,65,28,38,0,66,131,NO,1,1,YES,116,119,235,110.31,111.62,221.98,1,214
1993,25-Feb,,Thu,San Antonio,22,24,46,28,30,0,58,104,YES,1,0,NO,New Orleans,28,31,59,26,26,0,52,111,YES,0,1,NO,105,110,215,99.31,102.62,201.98,1,217.5
1993,26-Feb,,Fri,Boston,25,33,58,20,32,0,52,110,YES,1,1,YES,Atlanta,28,28,56,20,23,0,43,99,YES,0,1,YES,114,95,209,108.31,87.62,195.98,-4,208.5
1993,26-Feb,,Fri,Portland,27,20,47,27,28,0,55,102,NO,1,1,NO,Brooklyn,14,23,37,25,29,0,54,91,NO,1,1,YES,84,109,193,78.31,101.62,179.98,0,202.5
1993,26-Feb,,Fri,New York,16,23,39,23,18,0,41,80,NO,1,1,NO,Detroit,27,23,50,33,25,0,58,108,NO,0,2,NO,89,99,188,83.31,91.62,174.98,3,191
1993,26-Feb,,Fri,Milwaukee,31,32,63,28,20,0,48,111,YES,1,0,NO,Philadelphia,36,26,62,23,29,0,52,114,YES,2,1,NO,125,100,225,119.31,92.62,211.98,-5,218.5
1993,26-Feb,,Fri,Cleveland,27,26,53,24,37,0,61,114,YES,2,1,NO,LAL,30,22,52,24,26,0,50,102,NO,1,1,YES,105,111,216,99.31,103.62,202.98,3,208.5
1993,26-Feb,,Fri,New Orleans,29,20,49,22,34,0,56,105,YES,0,1,NO,Indiana,28,38,66,43,28,0,71,137,NO,1,1,YES,115,127,242,109.31,119.62,228.98,-4.5,227
1993,26-Feb,,Fri,San Antonio,22,22,44,15,27,0,42,86,NO,0,1,NO,Miami,21,24,45,20,28,0,48,93,NO,1,1,NO,89,90,179,83.31,82.62,165.98,2,0
1993,26-Feb,,Fri,Orlando,29,15,44,27,21,0,48,92,YES,0,1,YES,Washington,25,22,47,21,23,0,44,91,YES,4,1,NO,91,92,183,85.31,84.62,169.98,2,212.5
1993,26-Feb,,Fri,Dallas,24,26,50,23,16,0,39,89,YES,1,1,NO,Minnesota,24,32,56,17,26,0,43,99,YES,1,1,NO,106,82,188,100.31,74.62,174.98,-11,198
1993,26-Feb,,Fri,Oklahoma City,37,42,79,33,29,0,62,141,NO,1,0,YES,Sacramento,23,29,52,36,32,0,68,120,YES,0,1,NO,131,130,261,125.31,122.62,247.98,4,212.5
1993,26-Feb,,Fri,Utah,22,23,45,29,32,0,61,106,NO,1,0,YES,Phoenix,27,27,54,23,36,0,59,113,NO,1,0,YES,99,120,219,93.31,112.62,205.98,-9,218
1993,26-Feb,,Fri,LAC,32,23,55,25,26,0,51,106,YES,2,1,NO,Golden State,25,30,55,23,20,0,43,98,YES,0,1,NO,110,94,204,104.31,86.62,190.98,-3.5,222
1993,27-Feb,,Sat,Atlanta,20,30,50,22,20,0,42,92,YES,0,2,NO,Chicago,25,30,55,32,25,0,57,112,YES,2,1,YES,105,99,204,99.31,91.62,190.98,-10,211
1993,27-Feb,,Sat,Milwaukee,23,20,43,29,23,0,52,95,NO,0,2,YES,Detroit,28,25,53,17,23,0,40,93,NO,1,0,NO,96,92,188,90.31,84.62,174.98,-7,204.5
1993,27-Feb,,Sat,Denver,27,28,55,22,25,0,47,102,NO,2,0,YES,Houston,30,18,48,30,29,0,59,107,YES,2,1,NO,103,106,209,97.31,98.62,195.98,-10,207
1993,27-Feb,,Sat,Golden State,26,23,49,12,31,0,43,92,YES,0,1,YES,Oklahoma City,23,22,45,30,34,0,64,109,NO,2,0,YES,94,107,201,88.31,99.62,187.98,-10,222.5
1993,27-Feb,,Sat,Sacramento,32,21,53,33,35,0,68,121,YES,0,3,YES,Utah,35,33,68,26,23,0,49,117,NO,1,0,YES,121,117,238,115.31,109.62,224.98,-11.5,222
1993,28-Feb,,Sun,Portland,28,27,55,25,30,0,55,110,NO,1,1,YES,Boston,28,28,56,31,35,0,66,122,YES,0,1,YES,111,121,232,105.31,113.62,218.98,1,203.5
1993,28-Feb,,Sun,New York,18,25,43,14,19,0,33,76,NO,1,1,YES,Brooklyn,29,23,52,26,24,0,50,102,NO,1,1,NO,95,83,178,89.31,75.62,164.98,0,192.5
1993,28-Feb,,Sun,Cleveland,22,18,40,33,28,0,61,101,NO,1,1,NO,Phoenix,20,35,55,16,23,0,39,94,YES,1,1,NO,95,100,195,89.31,92.62,181.98,-6,222
1993,28-Feb,,Sun,Dallas,29,19,48,26,22,0,48,96,NO,1,1,NO,Indiana,23,33,56,35,19,0,54,110,NO,1,1,NO,104,102,206,98.31,94.62,192.98,-17,218.5
1993,28-Feb,,Sun,Minnesota,13,25,38,29,26,0,55,93,YES,1,1,NO,Miami,23,18,41,33,31,0,64,105,NO,2,1,NO,79,119,198,73.31,111.62,184.98,-8,197
1993,28-Feb,,Sun,San Antonio,27,26,53,20,21,0,41,94,NO,1,1,NO,Orlando,19,21,40,23,27,0,50,90,NO,1,1,YES,93,91,184,87.31,83.62,170.98,-1.5,205.5
1993,28-Feb,,Sun,New Orleans,22,33,55,25,23,0,48,103,NO,1,0,NO,Denver,22,34,56,25,29,0,54,110,NO,1,0,YES,111,102,213,105.31,94.62,199.98,-2,223.5
1993,28-Feb,,Sun,LAC,35,31,66,23,23,0,46,112,NO,1,1,YES,LAL,33,32,65,27,32,0,59,124,YES,1,1,NO,131,105,236,125.31,97.62,222.98,-3,205
1993,1-Mar,,Mon,Boston,24,22,46,20,29,0,49,95,YES,0,1,YES,Detroit,20,27,47,23,29,0,52,99,NO,1,1,NO,93,101,194,87.31,93.62,180.98,-3.5,198
1993,1-Mar,,Mon,Philadelphia,24,31,55,37,26,0,63,118,YES,2,1,NO,Golden State,35,43,78,34,19,0,53,131,NO,1,1,YES,133,116,249,127.31,108.62,235.98,-4,225
1993,1-Mar,,Mon,New Orleans,24,36,60,26,24,0,50,110,NO,0,2,NO,Utah,31,28,59,19,29,0,48,107,YES,1,1,NO,119,98,217,113.31,90.62,203.98,-8,221.5
1993,2-Mar,,Tue,Chicago,24,21,45,22,20,0,42,87,YES,2,0,YES,Brooklyn,26,15,41,18,21,0,39,80,NO,1,1,NO,86,81,167,80.31,73.62,153.98,4,192.5
1993,2-Mar,,Tue,Atlanta,23,29,52,17,29,0,46,98,NO,2,1,NO,New York,31,28,59,23,25,0,48,107,NO,1,1,YES,111,94,205,105.31,86.62,191.98,-8,203
1993,2-Mar,,Tue,Cleveland,23,30,53,22,19,11,41,94,NO,1,1,NO,Oklahoma City,25,18,43,29,22,14,51,94,NO,1,2,NO,96,92,188,90.31,84.62,174.98,-4,206
1993,2-Mar,,Tue,San Antonio,23,18,41,28,26,0,54,95,NO,1,0,NO,Indiana,31,27,58,23,28,0,51,109,NO,1,1,NO,99,105,204,93.31,97.62,190.98,-2,209.5
1993,2-Mar,,Tue,Dallas,19,20,39,23,24,0,47,86,NO,1,0,NO,Milwaukee,21,28,49,41,30,0,71,120,NO,2,2,YES,88,118,206,82.31,110.62,192.98,-14,210
1993,2-Mar,,Tue,Minnesota,21,16,37,32,20,0,52,89,NO,1,1,YES,Orlando,22,24,46,28,34,0,62,108,YES,1,1,NO,83,114,197,77.31,106.62,183.98,-9,197.5
1993,2-Mar,,Tue,LAL,27,19,46,35,34,0,69,115,YES,1,0,NO,Denver,34,35,69,28,30,0,58,127,NO,1,1,NO,115,127,242,109.31,119.62,228.98,-3.5,209
1993,2-Mar,,Tue,Phoenix,34,17,51,22,24,0,46,97,YES,1,0,YES,Portland,30,20,50,24,28,0,52,102,YES,1,1,YES,101,98,199,95.31,90.62,185.98,3,215
1993,2-Mar,,Tue,Houston,33,20,53,25,21,0,46,99,YES,2,0,NO,LAC,22,15,37,25,21,0,46,83,YES,1,1,YES,90,92,182,84.31,84.62,168.98,-2,203.5
1993,3-Mar,,Wed,San Antonio,26,20,46,20,25,0,45,91,NO,0,1,NO,Boston,31,31,62,39,31,0,70,132,NO,1,1,YES,108,115,223,102.31,107.62,209.98,-2.5,195
1993,3-Mar,,Wed,Philadelphia,24,31,55,31,29,0,60,115,NO,1,1,NO,Phoenix,43,29,72,24,29,0,53,125,NO,1,0,YES,127,113,240,121.31,105.62,226.98,-13.5,229.5
1993,3-Mar,,Wed,Dallas,29,17,46,28,23,0,51,97,NO,0,2,YES,Chicago,32,34,66,33,26,0,59,125,NO,1,0,YES,112,110,222,106.31,102.62,208.98,-22,0
1993,3-Mar,,Wed,Utah,24,33,57,24,25,0,49,106,YES,1,0,NO,Detroit,19,33,52,16,30,0,46,98,YES,1,1,NO,109,95,204,103.31,87.62,190.98,-2,196.5
1993,3-Mar,,Wed,Washington,25,37,62,25,19,0,44,106,YES,4,0,YES,Miami,34,29,63,33,29,0,62,125,NO,1,2,NO,125,106,231,119.31,98.62,217.98,-10,199.5
1993,3-Mar,,Wed,LAL,31,35,66,20,31,0,51,117,NO,0,1,YES,Golden State,27,32,59,32,20,0,52,111,NO,3,1,NO,125,103,228,119.31,95.62,214.98,-4,221.5
1993,3-Mar,,Wed,Houston,30,14,44,23,22,0,45,89,NO,0,2,YES,Sacramento,19,25,44,21,21,0,42,86,YES,1,3,YES,88,87,175,82.31,79.62,161.98,4,213.5
1993,4-Mar,,Thu,Orlando,23,25,48,21,28,0,49,97,YES,1,0,NO,Brooklyn,24,21,45,36,35,0,71,116,NO,1,1,NO,93,120,213,87.31,112.62,199.98,-4,196.5
1993,4-Mar,,Thu,Utah,20,26,46,38,27,0,65,111,NO,0,1,NO,New York,33,37,70,23,32,0,55,125,NO,3,1,NO,116,120,236,110.31,112.62,222.98,-7.5,195.5
1993,4-Mar,,Thu,Cleveland,24,20,44,31,28,0,59,103,NO,1,2,NO,Minnesota,26,32,58,16,21,0,37,95,NO,1,1,YES,102,96,198,96.31,88.62,184.98,10.5,192.5
1993,4-Mar,,Thu,Atlanta,26,28,54,27,30,0,57,111,NO,1,1,YES,Indiana,32,45,77,30,29,0,59,136,YES,2,1,NO,131,116,247,125.31,108.62,233.98,-6.5,225
1993,4-Mar,,Thu,LAC,27,36,63,26,28,0,54,117,YES,1,0,NO,Washington,31,16,47,29,22,0,51,98,YES,4,0,YES,110,105,215,104.31,97.62,201.98,6,207
1993,4-Mar,,Thu,Portland,19,20,39,27,22,0,49,88,YES,1,0,YES,Denver,34,22,56,22,25,0,47,103,YES,1,1,NO,95,96,191,89.31,88.62,177.98,-2,208.5
1993,4-Mar,,Thu,New Orleans,33,22,55,34,23,0,57,112,NO,2,0,NO,Oklahoma City,38,31,69,27,42,0,69,138,NO,1,1,NO,124,126,250,118.31,118.62,236.98,-9,222
1993,5-Mar,,Fri,Detroit,22,22,44,26,31,0,57,101,YES,1,1,NO,Boston,25,24,49,27,29,0,56,105,NO,1,1,NO,93,113,206,87.31,105.62,192.98,-5.5,198.5
1993,5-Mar,,Fri,Philadelphia,22,21,43,28,16,10,44,87,NO,1,0,NO,LAL,33,12,45,22,20,14,42,87,NO,1,1,YES,88,86,174,82.31,78.62,160.98,-6.5,223.5
1993,5-Mar,,Fri,San Antonio,17,23,40,29,26,12,55,95,NO,1,0,NO,Chicago,35,19,54,24,17,7,41,95,NO,3,1,NO,94,96,190,88.31,88.62,176.98,-9,0
1993,5-Mar,,Fri,Orlando,24,17,41,27,23,0,50,91,NO,0,1,YES,Milwaukee,24,30,54,26,29,0,55,109,NO,1,2,NO,95,105,200,89.31,97.62,186.98,1,207.5
1993,5-Mar,,Fri,LAC,34,24,58,25,22,0,47,105,NO,0,1,NO,Miami,30,27,57,25,27,0,52,109,NO,1,1,NO,115,99,214,109.31,91.62,200.98,-4,208
1993,5-Mar,,Fri,New Orleans,23,27,50,25,19,0,44,94,NO,0,1,NO,Portland,29,24,53,20,19,0,39,92,YES,1,0,YES,103,83,186,97.31,75.62,172.98,-5.5,218
1993,5-Mar,,Fri,Sacramento,33,21,54,34,34,0,68,122,YES,1,0,NO,Phoenix,33,26,59,42,29,0,71,130,YES,0,1,NO,113,139,252,107.31,131.62,238.98,-17.5,232
1993,6-Mar,,Sat,Denver,18,18,36,29,25,0,54,90,YES,1,1,NO,Brooklyn,36,20,56,30,31,0,61,117,YES,3,1,NO,92,115,207,86.31,107.62,193.98,-6.5,199
1993,6-Mar,,Sat,Philadelphia,23,19,42,19,32,0,51,93,NO,0,1,NO,Oklahoma City,38,36,74,37,38,0,75,149,YES,1,1,NO,116,126,242,110.31,118.62,228.98,-13.5,222.5
1993,6-Mar,,Sat,Utah,27,25,52,30,36,0,66,118,NO,1,2,YES,Atlanta,28,34,62,46,31,0,77,139,NO,1,1,YES,114,143,257,108.31,135.62,243.98,-1.5,219
1993,6-Mar,,Sat,San Antonio,28,20,48,25,32,0,57,105,NO,0,2,YES,Minnesota,36,23,59,22,25,0,47,106,NO,1,1,NO,107,104,211,101.31,96.62,197.98,6,191
1993,6-Mar,,Sat,Phoenix,20,30,50,32,27,0,59,109,YES,0,2,NO,Dallas,22,29,51,25,26,0,51,102,YES,2,2,YES,101,110,211,95.31,102.62,197.98,15,218.5
1993,6-Mar,,Sat,Sacramento,24,20,44,25,33,0,58,102,NO,0,2,YES,Houston,37,32,69,28,22,0,50,119,NO,2,2,YES,113,108,221,107.31,100.62,207.98,-14,218
1993,7-Mar,,Sun,Cleveland,27,22,49,21,18,0,39,88,NO,2,0,YES,Boston,20,23,43,28,25,0,53,96,YES,2,1,NO,92,92,184,86.31,84.62,170.98,3,201
1993,7-Mar,,Sun,Detroit,21,23,44,26,28,0,54,98,NO,1,1,YES,Milwaukee,24,28,52,29,10,0,39,91,NO,1,1,NO,96,93,189,90.31,85.62,175.98,0,197.5
1993,7-Mar,,Sun,Indiana,29,25,54,24,21,0,45,99,YES,2,0,YES,Miami,29,23,52,27,35,0,62,114,YES,1,1,NO,106,107,213,100.31,99.62,199.98,-4,215
1993,7-Mar,,Sun,LAC,21,27,48,23,24,0,47,95,NO,1,0,NO,Orlando,28,24,52,30,30,0,60,112,YES,0,1,YES,100,107,207,94.31,99.62,193.98,-5,210
1993,7-Mar,,Sun,Portland,27,26,53,30,30,0,60,113,YES,1,2,NO,Golden State,23,13,36,33,27,0,60,96,YES,2,3,NO,89,120,209,83.31,112.62,195.98,2,213.5
1993,7-Mar,,Sun,New Orleans,21,30,51,30,24,0,54,105,NO,1,1,YES,LAL,33,28,61,17,23,0,40,101,YES,1,1,NO,112,94,206,106.31,86.62,192.98,-3.5,223
1993,8-Mar,,Mon,Orlando,24,29,53,26,18,10,44,97,YES,0,1,YES,New York,26,26,52,26,19,12,45,97,NO,1,3,NO,105,89,194,99.31,81.62,180.98,-9,195
1993,8-Mar,,Mon,Philadelphia,24,24,48,19,25,0,44,92,NO,1,1,YES,Minnesota,21,18,39,14,30,0,44,83,YES,0,1,NO,87,88,175,81.31,80.62,161.98,-4,205
1993,8-Mar,,Mon,Denver,23,30,53,24,30,0,54,107,NO,1,1,NO,Cleveland,29,33,62,24,36,0,60,122,NO,2,0,YES,115,114,229,109.31,106.62,215.98,-8,207.5
1993,8-Mar,,Mon,Oklahoma City,24,33,57,18,24,0,42,99,YES,1,0,NO,Indiana,31,25,56,27,22,0,49,105,YES,1,0,YES,113,91,204,107.31,83.62,190.98,2.5,216
1993,8-Mar,,Mon,LAC,25,31,56,33,24,0,57,113,NO,0,1,YES,Atlanta,36,28,64,24,33,0,57,121,YES,0,1,NO,120,114,234,114.31,106.62,220.98,-5.5,218.5
1993,9-Mar,,Tue,Oklahoma City,21,23,44,25,14,0,39,83,NO,0,1,NO,Chicago,25,16,41,23,22,0,45,86,YES,1,3,NO,85,84,169,79.31,76.62,155.98,-6.5,0
1993,9-Mar,,Tue,LAL,40,25,65,28,30,0,58,123,YES,1,0,NO,Detroit,32,28,60,34,27,0,61,121,NO,1,1,YES,125,119,244,119.31,111.62,230.98,-3.5,202
1993,9-Mar,,Tue,Atlanta,36,27,63,34,20,0,54,117,YES,0,2,YES,Milwaukee,23,29,52,24,27,0,51,103,NO,1,1,NO,115,105,220,109.31,97.62,206.98,-2.5,216
1993,9-Mar,,Tue,Miami,22,26,48,24,22,0,46,94,YES,1,1,YES,Houston,21,30,51,24,29,0,53,104,NO,1,2,NO,99,99,198,93.31,91.62,184.98,-9,206
1993,9-Mar,,Tue,Washington,23,21,44,28,32,0,60,104,YES,4,0,YES,New Orleans,31,27,58,26,40,0,66,124,YES,1,1,YES,102,126,228,96.31,118.62,214.98,-12,221.5
1993,9-Mar,,Tue,Minnesota,26,22,48,29,30,0,59,107,YES,0,1,NO,Utah,36,26,62,32,22,0,54,116,YES,3,2,YES,110,113,223,104.31,105.62,209.98,-12.5,204
1993,9-Mar,,Tue,Phoenix,32,31,63,34,31,0,65,128,NO,2,0,YES,Sacramento,26,22,48,31,29,0,60,108,NO,1,2,YES,111,125,236,105.31,117.62,222.98,8,228.5
1993,9-Mar,,Tue,Dallas,9,21,30,26,28,0,54,84,YES,2,0,YES,San Antonio,33,21,54,32,33,0,65,119,NO,3,2,YES,84,119,203,78.31,111.62,189.98,-19,209.5
1993,10-Mar,,Wed,Boston,24,23,47,28,29,0,57,104,YES,2,1,YES,Philadelphia,28,22,50,28,22,0,50,100,NO,1,1,YES,97,107,204,91.31,99.62,190.98,0,205
1993,10-Mar,,Wed,Brooklyn,29,27,56,29,24,0,53,109,YES,3,0,NO,LAC,25,23,48,25,25,0,50,98,NO,1,1,YES,104,103,207,98.31,95.62,193.98,-5.5,201.5
1993,10-Mar,,Wed,LAL,25,22,47,21,36,0,57,104,NO,0,1,NO,New York,22,32,54,21,35,0,56,110,YES,1,1,NO,101,113,214,95.31,105.62,200.98,-9,202
1993,10-Mar,,Wed,Indiana,25,22,47,34,25,0,59,106,YES,1,3,NO,Orlando,25,24,49,31,39,0,70,119,YES,1,1,YES,96,129,225,90.31,121.62,211.98,-5,214.5
1993,10-Mar,,Wed,Denver,29,22,51,40,35,0,75,126,NO,1,0,NO,Washington,30,21,51,27,34,0,61,112,NO,1,0,YES,102,136,238,96.31,128.62,224.98,3,209.5
1993,10-Mar,,Wed,Portland,32,34,66,23,35,0,58,124,NO,2,0,NO,Dallas,25,24,49,20,27,0,47,96,YES,2,0,YES,115,105,220,109.31,97.62,206.98,13,205
1993,10-Mar,,Wed,Golden State,25,19,44,24,32,0,56,100,YES,2,0,YES,Phoenix,28,30,58,26,27,0,53,111,NO,2,0,YES,102,109,211,96.31,101.62,197.98,-15,226
1993,11-Mar,,Thu,Brooklyn,25,26,51,31,21,0,52,103,NO,0,1,NO,Golden State,28,28,56,22,13,0,35,91,NO,4,0,YES,107,87,194,101.31,79.62,180.98,1.5,210.5
1993,11-Mar,,Thu,Chicago,29,23,52,23,20,0,43,95,YES,1,0,YES,Miami,24,29,53,18,26,0,44,97,NO,1,1,YES,105,87,192,99.31,79.62,178.98,5,201
1993,11-Mar,,Thu,New Orleans,26,27,53,20,26,0,46,99,YES,1,0,NO,Cleveland,29,27,56,31,31,0,62,118,YES,3,2,NO,109,108,217,103.31,100.62,203.98,-9,224.5
1993,11-Mar,,Thu,Denver,25,21,46,29,29,0,58,104,NO,0,3,YES,Detroit,29,25,54,31,27,0,58,112,NO,2,1,NO,100,116,216,94.31,108.62,202.98,-5,209.5
1993,11-Mar,,Thu,Oklahoma City,25,34,59,27,30,0,57,116,NO,1,1,NO,Milwaukee,23,34,57,27,21,0,48,105,YES,0,1,NO,116,105,221,110.31,97.62,207.98,6.5,203
1993,11-Mar,,Thu,Minnesota,26,22,48,16,31,0,47,95,NO,1,0,NO,Sacramento,20,32,52,25,32,0,57,109,NO,1,1,NO,100,104,204,94.31,96.62,190.98,-5,212
1993,11-Mar,,Thu,Portland,30,18,48,18,25,0,43,91,NO,0,1,NO,Houston,27,18,45,34,25,0,59,104,NO,1,1,NO,93,102,195,87.31,94.62,181.98,-6,206
1993,12-Mar,,Fri,Milwaukee,34,23,57,30,28,0,58,115,YES,0,3,NO,Boston,30,30,60,28,21,0,49,109,NO,1,1,YES,117,107,224,111.31,99.62,210.98,-11,204.5
1993,12-Mar,,Fri,New York,22,38,60,25,24,0,49,109,YES,1,1,YES,Washington,21,31,52,20,26,0,46,98,NO,2,1,NO,112,95,207,106.31,87.62,193.98,8,200
1993,12-Mar,,Fri,LAL,28,21,49,28,24,0,52,101,NO,1,1,NO,Philadelphia,27,22,49,25,21,0,46,95,YES,3,1,NO,98,98,196,92.31,90.62,182.98,2,212
1993,12-Mar,,Fri,New Orleans,25,34,59,28,21,0,49,108,NO,0,1,NO,Chicago,35,27,62,31,30,0,61,123,YES,1,0,YES,121,110,231,115.31,102.62,217.98,-9.5,214.5
1993,12-Mar,,Fri,Orlando,23,20,43,24,25,0,49,92,YES,1,1,YES,Atlanta,27,24,51,30,29,0,59,110,NO,1,2,YES,94,108,202,88.31,100.62,188.98,-5.5,222
1993,12-Mar,,Fri,Minnesota,15,21,36,26,31,0,57,93,NO,0,1,YES,LAC,25,23,48,37,32,0,69,117,YES,1,1,NO,84,126,210,78.31,118.62,196.98,-10.5,203
1993,13-Mar,,Sat,Brooklyn,41,30,71,33,20,0,53,124,NO,1,1,NO,Phoenix,22,28,50,19,24,0,43,93,NO,3,2,NO,121,96,217,115.31,88.62,203.98,-9.5,216
1993,13-Mar,,Sat,Oklahoma City,33,19,52,24,26,0,50,102,NO,1,0,NO,Miami,20,34,54,26,26,0,52,106,YES,1,1,NO,106,102,208,100.31,94.62,194.98,4,205
1993,13-Mar,,Sat,Portland,25,21,46,24,29,0,53,99,NO,1,1,YES,San Antonio,25,27,52,26,30,0,56,108,NO,1,3,NO,98,109,207,92.31,101.62,193.98,-6,205
1993,13-Mar,,Sat,Utah,30,18,48,21,26,0,47,95,YES,3,1,NO,Houston,24,20,44,26,34,0,60,104,NO,2,1,NO,92,107,199,86.31,99.62,185.98,-7,206
1993,13-Mar,,Sat,Dallas,21,21,42,26,26,0,52,94,YES,2,1,YES,Sacramento,28,28,56,32,34,0,66,122,NO,2,1,NO,98,118,216,92.31,110.62,202.98,-15,218.5
1993,14-Mar,,Sun,New Orleans,29,24,53,26,17,0,43,96,NO,1,1,YES,Boston,28,26,54,23,16,0,39,93,YES,1,1,NO,107,82,189,101.31,74.62,175.98,-4.5,217
1993,14-Mar,,Sun,Indiana,21,27,48,27,15,0,42,90,NO,3,2,YES,New York,34,28,62,29,30,0,59,121,NO,1,1,YES,110,101,211,104.31,93.62,197.98,-7.5,205
1993,14-Mar,,Sun,Chicago,23,24,47,29,23,0,52,99,YES,1,0,YES,Detroit,36,18,54,22,25,0,47,101,YES,1,2,NO,101,99,200,95.31,91.62,186.98,5,195.5
1993,14-Mar,,Sun,LAL,28,32,60,27,20,0,47,107,NO,1,0,NO,Atlanta,36,30,66,24,27,0,51,117,YES,1,1,NO,126,98,224,120.31,90.62,210.98,-5,222
1993,14-Mar,,Sun,Oklahoma City,31,23,54,27,24,0,51,105,NO,0,1,YES,Orlando,36,17,53,30,14,0,44,97,YES,1,1,YES,107,95,202,101.31,87.62,188.98,2.5,207.5
1993,14-Mar,,Sun,LAC,37,28,65,34,25,0,59,124,YES,1,0,NO,Minnesota,25,20,45,39,23,0,62,107,NO,1,1,YES,110,121,231,104.31,113.62,217.98,4,198.5
1993,15-Mar,,Mon,Brooklyn,24,27,51,26,17,0,43,94,NO,1,1,YES,Portland,31,19,50,26,34,0,60,110,YES,1,1,YES,101,103,204,95.31,95.62,190.98,-4,202
1993,15-Mar,,Mon,LAC,25,34,59,16,19,0,35,94,NO,0,2,YES,Chicago,34,18,52,22,27,0,49,101,NO,3,0,YES,111,84,195,105.31,76.62,181.98,-11,206
1993,15-Mar,,Mon,Cleveland,25,33,58,24,19,0,43,101,YES,3,0,YES,Washington,21,25,46,34,25,0,59,105,YES,1,2,NO,104,102,206,98.31,94.62,192.98,0,212
1993,15-Mar,,Mon,Miami,25,30,55,16,20,12,36,91,YES,1,0,NO,Denver,21,22,43,26,22,9,48,91,YES,0,3,YES,98,84,182,92.31,76.62,168.98,-5.5,207
1993,15-Mar,,Mon,Utah,26,23,49,34,26,0,60,109,NO,1,1,YES,Dallas,20,24,44,23,29,0,52,96,NO,1,1,YES,93,112,205,87.31,104.62,191.98,15,212.5
1993,15-Mar,,Mon,LAL,28,22,50,19,23,0,42,92,NO,0,1,YES,San Antonio,20,19,39,20,28,0,48,87,YES,1,1,NO,89,90,179,83.31,82.62,165.98,-11,211
1993,16-Mar,,Tue,Boston,31,33,64,32,18,0,50,114,YES,1,1,NO,Golden State,23,28,51,20,17,0,37,88,NO,1,4,NO,115,87,202,109.31,79.62,188.98,2,209.5
1993,16-Mar,,Tue,Milwaukee,17,30,47,22,30,0,52,99,NO,3,0,NO,New York,22,27,49,29,24,0,53,102,YES,1,1,NO,96,105,201,90.31,97.62,187.98,-12,201.5
1993,16-Mar,,Tue,Philadelphia,27,24,51,17,30,0,47,98,YES,3,0,YES,Cleveland,31,28,59,34,17,0,51,110,NO,1,0,YES,110,98,208,104.31,90.62,194.98,-12,212
1993,16-Mar,,Tue,Detroit,33,24,57,32,24,0,56,113,YES,1,0,NO,Sacramento,28,25,53,27,30,0,57,110,YES,1,2,NO,110,113,223,104.31,105.62,209.98,-2.5,213
1993,16-Mar,,Tue,Atlanta,30,31,61,32,29,0,61,122,YES,1,0,NO,New Orleans,22,23,45,36,26,0,62,107,NO,1,1,YES,106,123,229,100.31,115.62,215.98,-5,228.5
1993,16-Mar,,Tue,Miami,21,21,42,22,21,0,43,85,NO,0,1,NO,Oklahoma City,27,23,50,18,30,0,48,98,NO,1,1,YES,92,91,183,86.31,83.62,169.98,-11,205.5
1993,16-Mar,,Tue,Orlando,27,28,55,20,18,0,38,93,YES,1,0,NO,Houston,17,25,42,29,23,0,52,94,YES,1,2,NO,97,90,187,91.31,82.62,173.98,-9,204
1993,16-Mar,,Tue,Denver,28,25,53,21,23,0,44,97,YES,0,1,YES,Minnesota,24,21,45,29,26,0,55,100,YES,1,1,NO,98,99,197,92.31,91.62,183.98,0,201
1993,17-Mar,,Wed,Atlanta,26,17,43,24,26,0,50,93,NO,0,1,YES,Brooklyn,31,27,58,25,31,0,56,114,NO,1,1,YES,101,106,207,95.31,98.62,193.98,-7,214
1993,17-Mar,,Wed,Washington,26,18,44,20,30,0,50,94,YES,1,1,NO,Philadelphia,18,24,42,19,28,0,47,89,NO,1,0,YES,86,97,183,80.31,89.62,169.98,-7,206.5
1993,17-Mar,,Wed,Detroit,16,20,36,21,23,0,44,80,NO,0,1,NO,Utah,26,27,53,23,28,0,51,104,NO,1,1,YES,89,95,184,83.31,87.62,170.98,-9,209
1993,17-Mar,,Wed,Milwaukee,25,24,49,8,34,0,42,91,NO,0,1,NO,Indiana,18,30,48,33,33,0,66,114,NO,1,2,YES,97,108,205,91.31,100.62,191.98,-10,214
1993,17-Mar,,Wed,Orlando,24,27,51,22,23,0,45,96,NO,0,1,NO,Dallas,15,28,43,26,33,0,59,102,YES,1,1,NO,94,104,198,88.31,96.62,184.98,14,208.5
1993,17-Mar,,Wed,Portland,21,28,49,30,32,0,62,111,YES,1,1,YES,Phoenix,29,40,69,28,32,0,60,129,NO,1,3,NO,118,122,240,112.31,114.62,226.98,-9,218.5
1993,17-Mar,,Wed,San Antonio,29,26,55,24,22,0,46,101,YES,1,1,YES,LAL,34,20,54,25,21,0,46,100,NO,1,1,YES,109,92,201,103.31,84.62,187.98,2.5,206
1993,18-Mar,,Thu,Boston,27,29,56,19,30,0,49,105,NO,1,0,NO,Denver,29,28,57,29,15,0,44,101,NO,1,1,YES,113,93,206,107.31,85.62,192.98,-2.5,204.5
1993,18-Mar,,Thu,New York,30,27,57,29,29,0,58,115,YES,1,2,YES,Cleveland,16,28,44,22,29,0,51,95,YES,1,1,NO,101,109,210,95.31,101.62,196.98,-4.5,199.5
1993,18-Mar,,Thu,Miami,29,38,67,36,30,0,66,133,NO,1,1,YES,LAC,29,27,56,32,29,0,61,117,NO,1,2,YES,123,127,250,117.31,119.62,236.98,-6,205
1993,18-Mar,,Thu,Minnesota,15,20,35,23,27,0,50,85,YES,1,0,NO,New Orleans,27,37,64,26,23,0,49,113,YES,0,1,NO,99,99,198,93.31,91.62,184.98,-11.5,214.5
1993,18-Mar,,Thu,Sacramento,27,26,53,28,30,0,58,111,YES,1,0,YES,Oklahoma City,39,27,66,32,33,0,65,131,YES,0,1,NO,119,123,242,113.31,115.62,228.98,-14.5,225.5
1993,18-Mar,,Thu,Houston,28,22,50,20,28,0,48,98,YES,1,0,NO,Golden State,25,27,52,23,10,0,33,85,YES,0,1,NO,102,81,183,96.31,73.62,169.98,6,205
1993,19-Mar,,Fri,Boston,34,20,54,26,49,0,75,129,NO,0,1,NO,LAL,37,30,67,27,25,0,52,119,NO,1,1,NO,121,127,248,115.31,119.62,234.98,-4,205
1993,19-Mar,,Fri,Milwaukee,20,23,43,22,20,0,42,85,NO,1,0,YES,Brooklyn,16,25,41,29,29,0,58,99,NO,1,1,NO,84,100,184,78.31,92.62,170.98,-11,201.5
1993,19-Mar,,Fri,Dallas,27,19,46,29,14,0,43,89,YES,1,1,NO,Philadelphia,27,20,47,23,17,0,40,87,YES,0,1,NO,93,83,176,87.31,75.62,162.98,-12.5,201.5
1993,19-Mar,,Fri,Washington,33,26,59,21,19,0,40,99,NO,1,0,YES,Chicago,26,30,56,23,25,0,48,104,YES,0,3,NO,115,88,203,109.31,80.62,189.98,-15,204.5
1993,19-Mar,,Fri,Detroit,20,21,41,34,22,0,56,97,NO,1,1,NO,Phoenix,24,38,62,34,31,0,65,127,NO,1,1,NO,103,121,224,97.31,113.62,210.98,-10.5,218
1993,19-Mar,,Fri,New Orleans,34,21,55,24,29,0,53,108,YES,0,1,NO,Indiana,24,25,49,26,37,0,63,112,YES,1,1,NO,104,116,220,98.31,108.62,206.98,-6,224
1993,19-Mar,,Fri,Minnesota,24,26,50,24,29,0,53,103,NO,0,1,YES,Atlanta,39,26,65,26,30,0,56,121,NO,3,1,YES,115,109,224,109.31,101.62,210.98,-12,212
1993,19-Mar,,Fri,Orlando,26,17,43,24,26,0,50,93,NO,1,0,NO,San Antonio,23,19,42,29,25,0,54,96,YES,1,1,YES,85,104,189,79.31,96.62,175.98,-9,203
1993,19-Mar,,Fri,Oklahoma City,36,23,59,21,28,0,49,108,YES,0,1,NO,Utah,20,33,53,25,19,0,44,97,YES,0,1,NO,112,93,205,106.31,85.62,191.98,-3,205.5
1993,19-Mar,,Fri,Houston,23,20,43,29,22,4,51,94,NO,0,1,YES,Portland,20,33,53,20,21,12,41,94,NO,1,1,YES,96,92,188,90.31,84.62,174.98,-2.5,197
1993,19-Mar,,Fri,Golden State,29,32,61,15,37,0,52,113,YES,0,2,YES,Sacramento,26,23,49,26,26,0,52,101,NO,3,0,YES,110,104,214,104.31,96.62,200.98,-3.5,0
1993,20-Mar,,Sat,Philadelphia,24,27,51,20,15,0,35,86,YES,0,2,YES,Milwaukee,28,22,50,31,31,0,62,112,YES,3,0,YES,101,97,198,95.31,89.62,184.98,-5.5,199
1993,20-Mar,,Sat,Chicago,38,28,66,33,27,0,60,126,YES,0,2,YES,Washington,24,27,51,26,24,0,50,101,NO,1,0,YES,117,110,227,111.31,102.62,213.98,10.5,203.5
1993,20-Mar,,Sat,Cleveland,20,29,49,26,16,0,42,91,YES,1,2,YES,Miami,15,23,38,34,24,0,58,96,YES,2,1,YES,87,100,187,81.31,92.62,173.98,2.5,205
1993,20-Mar,,Sat,Orlando,30,30,60,26,28,0,54,114,NO,0,2,YES,Denver,35,15,50,30,28,0,58,108,NO,1,1,NO,110,112,222,104.31,104.62,208.98,-5.5,205
1993,20-Mar,,Sat,Utah,24,25,49,31,20,0,51,100,YES,0,1,NO,LAC,25,20,45,31,31,0,62,107,YES,2,1,NO,94,113,207,88.31,105.62,193.98,-3,211
1993,21-Mar,,Sun,Boston,35,21,56,27,23,0,50,106,NO,1,2,YES,Portland,26,34,60,21,23,0,44,104,YES,1,1,NO,116,94,210,110.31,86.62,196.98,-5.5,204
1993,21-Mar,,Sun,Dallas,14,16,30,22,32,0,54,84,NO,1,1,NO,Brooklyn,23,29,52,21,33,0,54,106,YES,0,1,NO,82,108,190,76.31,100.62,176.98,-20,199.5
1993,21-Mar,,Sun,San Antonio,21,20,41,27,28,0,55,96,YES,1,1,NO,New York,39,19,58,35,22,0,57,115,YES,1,2,YES,99,112,211,93.31,104.62,197.98,-5.5,197
1993,21-Mar,,Sun,Detroit,17,26,43,35,28,0,63,106,NO,1,0,NO,LAL,18,27,45,29,27,0,56,101,NO,2,1,NO,88,119,207,82.31,111.62,193.98,-5.5,208.5
1993,21-Mar,,Sun,Indiana,30,23,53,31,25,0,56,109,YES,1,1,NO,Phoenix,29,38,67,16,25,0,41,108,NO,1,1,NO,120,97,217,114.31,89.62,203.98,-10.5,228.5
1993,21-Mar,,Sun,New Orleans,25,28,53,26,20,0,46,99,NO,1,1,YES,Minnesota,23,26,49,23,23,0,46,95,YES,1,1,YES,102,92,194,96.31,84.62,180.98,6,210.5
1993,21-Mar,,Sun,Oklahoma City,31,30,61,18,21,0,39,100,NO,1,1,YES,Houston,26,19,45,19,25,0,44,89,YES,1,1,YES,106,83,189,100.31,75.62,175.98,-5,0
1993,22-Mar,,Mon,Brooklyn,20,28,48,25,19,0,44,92,YES,0,1,YES,Washington,26,25,51,22,24,0,46,97,NO,1,1,NO,99,90,189,93.31,82.62,175.98,7,203
1993,22-Mar,,Mon,Detroit,19,25,44,28,19,0,47,91,NO,0,3,YES,Golden State,20,26,46,27,23,0,50,96,YES,2,2,YES,90,97,187,84.31,89.62,173.98,0,207
1993,22-Mar,,Mon,Utah,18,26,44,25,24,0,49,93,NO,1,0,YES,Denver,27,21,48,26,33,0,59,107,YES,0,1,NO,92,108,200,86.31,100.62,186.98,-1.5,210
1993,23-Mar,,Tue,New York,31,22,53,17,22,0,39,92,YES,1,1,NO,Phoenix,28,31,59,33,29,0,62,121,YES,0,1,NO,112,101,213,106.31,93.62,199.98,-7,0
1993,23-Mar,,Tue,Denver,20,16,36,20,24,0,44,80,YES,0,1,YES,Philadelphia,20,19,39,22,27,0,49,88,NO,0,2,YES,75,93,168,69.31,85.62,154.98,-3,203
1993,23-Mar,,Tue,Minnesota,22,21,43,25,32,0,57,100,YES,1,0,YES,Chicago,26,29,55,27,25,0,52,107,YES,0,2,YES,98,109,207,92.31,101.62,193.98,-17,200
1993,23-Mar,,Tue,San Antonio,24,22,46,22,22,0,44,90,NO,1,0,NO,Cleveland,30,26,56,39,32,0,71,127,YES,2,2,YES,102,115,217,96.31,107.62,203.98,-6.5,206
1993,23-Mar,,Tue,Indiana,26,22,48,28,25,0,53,101,NO,1,1,NO,Utah,28,25,53,27,39,0,66,119,NO,1,0,YES,101,119,220,95.31,111.62,206.98,-7,212
1993,23-Mar,,Tue,Dallas,34,27,61,24,22,0,46,107,NO,1,0,NO,Atlanta,26,35,61,28,36,0,64,125,NO,1,3,NO,122,110,232,116.31,102.62,218.98,-19,213
1993,23-Mar,,Tue,Miami,23,27,50,21,18,0,39,89,YES,2,0,NO,Orlando,23,23,46,30,27,0,57,103,YES,2,2,YES,96,96,192,90.31,88.62,178.98,-2.5,199.5
1993,23-Mar,,Tue,Portland,26,31,57,24,27,0,51,108,YES,1,1,NO,Oklahoma City,26,21,47,30,22,0,52,99,NO,1,1,YES,104,103,207,98.31,95.62,193.98,-6.5,205.5
1993,23-Mar,,Tue,LAC,22,30,52,29,23,0,52,104,YES,2,0,YES,Sacramento,33,36,69,24,28,0,52,121,NO,1,3,NO,121,104,225,115.31,96.62,211.98,3,222
1993,23-Mar,,Tue,Houston,29,26,55,27,29,0,56,111,YES,1,1,NO,New Orleans,19,23,42,29,32,0,61,103,YES,0,1,YES,97,117,214,91.31,109.62,200.98,-3,206
1993,24-Mar,,Wed,Miami,27,29,56,30,23,0,53,109,NO,0,1,YES,Boston,28,30,58,25,32,0,57,115,NO,1,2,YES,114,110,224,108.31,102.62,210.98,-8.5,202.5
1993,24-Mar,,Wed,New Orleans,30,31,61,38,17,0,55,116,YES,0,1,NO,Brooklyn,31,36,67,26,25,0,51,118,YES,1,1,YES,128,106,234,122.31,98.62,220.98,-6.5,204
1993,24-Mar,,Wed,Chicago,32,20,52,35,26,0,61,113,YES,0,1,YES,Philadelphia,29,31,60,15,25,0,40,100,NO,1,0,NO,112,101,213,106.31,93.62,199.98,9,195
1993,24-Mar,,Wed,Milwaukee,26,26,52,30,23,0,53,105,YES,3,1,NO,LAC,25,26,51,29,36,0,65,116,YES,1,0,YES,103,118,221,97.31,110.62,207.98,-8.5,208
1993,24-Mar,,Wed,Dallas,29,28,57,30,14,0,44,101,NO,0,1,NO,Washington,24,32,56,21,21,0,42,98,NO,1,1,NO,113,86,199,107.31,78.62,185.98,-13.5,205
1993,24-Mar,,Wed,San Antonio,27,29,56,28,21,0,49,105,NO,0,1,YES,Minnesota,23,19,42,28,22,0,50,92,NO,1,0,YES,98,99,197,92.31,91.62,183.98,7,196.5
1993,24-Mar,,Wed,Phoenix,33,27,60,27,33,0,60,120,YES,0,1,YES,LAL,29,26,55,20,30,0,50,105,NO,1,2,NO,115,110,225,109.31,102.62,211.98,3.5,213.5
1993,25-Mar,,Thu,New York,18,27,45,20,22,0,42,87,NO,1,0,NO,Utah,27,28,55,23,26,0,49,104,YES,0,1,NO,100,91,191,94.31,83.62,177.98,-3,202.5
1993,25-Mar,,Thu,Indiana,32,25,57,34,29,0,63,120,NO,1,1,NO,Oklahoma City,33,20,53,31,33,0,64,117,NO,1,1,NO,110,127,237,104.31,119.62,223.98,-11,217.5
1993,25-Mar,,Thu,Houston,21,22,43,29,24,0,53,96,NO,1,0,NO,Atlanta,30,25,55,23,28,0,51,106,NO,1,1,NO,98,104,202,92.31,96.62,188.98,-2.5,212
1993,25-Mar,,Thu,Golden State,26,28,54,20,14,0,34,88,YES,2,0,NO,Denver,28,29,57,22,20,0,42,99,NO,1,1,YES,111,76,187,105.31,68.62,173.98,-9,207
1993,25-Mar,,Thu,Portland,19,22,41,30,31,11,61,102,NO,1,0,YES,Sacramento,31,24,55,20,27,9,47,102,NO,1,1,NO,96,108,204,90.31,100.62,190.98,3.5,216
1993,26-Mar,,Fri,Dallas,24,30,54,24,19,0,43,97,NO,1,1,YES,Boston,24,24,48,26,32,0,58,106,NO,1,1,NO,102,101,203,96.31,93.62,189.98,-20,207
1993,26-Mar,,Fri,Brooklyn,22,24,46,29,25,0,54,100,YES,1,0,NO,Miami,26,31,57,24,29,0,53,110,YES,0,1,YES,103,107,210,97.31,99.62,196.98,-5,197
1993,26-Mar,,Fri,New York,24,28,52,31,22,0,53,105,NO,0,1,NO,LAL,29,21,50,28,17,0,45,95,NO,1,1,NO,102,98,200,96.31,90.62,186.98,1,201
1993,26-Mar,,Fri,Cleveland,27,27,54,25,24,0,49,103,YES,2,1,NO,Philadelphia,24,23,47,18,19,0,37,84,NO,1,1,NO,101,86,187,95.31,78.62,173.98,10,200
1993,26-Mar,,Fri,Orlando,25,17,42,21,23,0,44,86,YES,2,0,YES,Chicago,28,20,48,38,21,0,59,107,NO,3,1,YES,90,103,193,84.31,95.62,179.98,-11,204
1993,26-Mar,,Fri,New Orleans,29,28,57,23,27,0,50,107,NO,1,1,YES,Detroit,24,33,57,22,36,0,58,115,NO,1,3,YES,114,108,222,108.31,100.62,208.98,-1,213.5
1993,26-Mar,,Fri,Milwaukee,34,28,62,23,18,0,41,103,NO,1,0,NO,Phoenix,22,35,57,31,21,0,52,109,YES,1,1,YES,119,93,212,113.31,85.62,198.98,-14.5,218.5
1993,26-Mar,,Fri,Houston,18,22,40,23,27,0,50,90,NO,0,1,NO,Washington,17,18,35,16,18,0,34,69,YES,1,1,NO,75,84,159,69.31,76.62,145.98,7,200
1993,26-Mar,,Fri,Golden State,28,25,53,20,21,0,41,94,NO,0,1,YES,Minnesota,20,29,49,18,24,0,42,91,NO,1,1,NO,102,83,185,96.31,75.62,171.98,-3.5,194.5
1993,26-Mar,,Fri,LAC,28,36,64,22,24,0,46,110,YES,1,0,NO,Portland,29,30,59,35,28,0,63,122,YES,1,0,YES,123,109,232,117.31,101.62,218.98,-6,209.5
1993,26-Mar,,Fri,Utah,34,28,62,20,22,0,42,104,YES,0,2,YES,San Antonio,24,25,49,22,27,0,49,98,YES,1,1,YES,111,91,202,105.31,83.62,188.98,-7.5,204.5
1993,27-Mar,,Sat,Brooklyn,22,18,40,22,22,0,44,84,NO,0,2,YES,Orlando,22,20,42,26,30,0,56,98,NO,2,0,YES,82,100,182,76.31,92.62,168.98,-6,196
1993,27-Mar,,Sat,Indiana,27,25,52,28,26,0,54,106,NO,1,0,NO,Denver,30,29,59,28,36,0,64,123,YES,1,1,NO,111,118,229,105.31,110.62,215.98,-3,215
1993,27-Mar,,Sat,Milwaukee,32,24,56,31,38,0,69,125,NO,0,1,YES,Sacramento,32,27,59,16,30,0,46,105,YES,1,1,NO,115,115,230,109.31,107.62,216.98,-5,213
1993,27-Mar,,Sat,Miami,28,25,53,23,30,0,53,106,YES,0,2,NO,Atlanta,34,29,63,29,26,0,55,118,NO,1,1,NO,116,108,224,110.31,100.62,210.98,-7,216.5
1993,27-Mar,,Sat,LAC,26,20,46,33,29,0,62,108,NO,0,2,YES,Oklahoma City,23,35,58,30,24,0,54,112,YES,2,1,NO,104,116,220,98.31,108.62,206.98,-12,219
1993,28-Mar,,Sun,Washington,26,26,52,32,29,0,61,113,YES,1,0,NO,Boston,32,28,60,32,22,0,54,114,NO,0,1,NO,112,115,227,106.31,107.62,213.98,-11,206.5
1993,28-Mar,,Sun,New York,27,23,50,20,24,0,44,94,NO,1,1,YES,Golden State,16,19,35,26,23,0,49,84,NO,1,1,YES,85,93,178,79.31,85.62,164.98,5,197
1993,28-Mar,,Sun,Phoenix,35,25,60,27,23,0,50,110,YES,1,1,NO,Philadelphia,20,34,54,14,32,0,46,100,YES,1,1,NO,114,96,210,108.31,88.62,196.98,10.5,211
1993,28-Mar,,Sun,Cleveland,17,16,33,28,17,0,45,78,NO,1,3,NO,Detroit,25,23,48,16,27,0,43,91,YES,1,1,NO,81,88,169,75.31,80.62,155.98,4,206.5
1993,28-Mar,,Sun,Indiana,28,26,54,16,20,0,36,90,NO,0,2,YES,LAL,23,23,46,24,22,0,46,92,YES,1,1,NO,100,82,182,94.31,74.62,168.98,-5.5,218
1993,28-Mar,,Sun,Houston,23,22,45,35,20,0,55,100,NO,1,3,YES,Minnesota,18,29,47,25,29,0,54,101,YES,1,1,NO,92,109,201,86.31,101.62,187.98,8.5,189
1993,28-Mar,,Sun,Portland,28,40,68,26,27,0,53,121,YES,1,0,NO,New Orleans,32,31,63,27,24,0,51,114,NO,1,1,YES,131,104,235,125.31,96.62,221.98,-5.5,218
1993,28-Mar,,Sun,San Antonio,32,28,60,22,32,0,54,114,YES,1,1,YES,Dallas,33,27,60,16,31,0,47,107,NO,2,1,YES,120,101,221,114.31,93.62,207.98,13,200
1993,29-Mar,,Mon,Sacramento,15,26,41,24,24,0,48,89,YES,1,0,NO,Boston,32,21,53,31,26,0,57,110,NO,1,0,NO,94,105,199,88.31,97.62,185.98,-13,224
1993,29-Mar,,Mon,Washington,25,25,50,40,24,0,64,114,NO,0,1,NO,Milwaukee,18,25,43,30,34,0,64,107,YES,2,1,YES,93,128,221,87.31,120.62,207.98,-8,208.5
1993,29-Mar,,Mon,Portland,26,21,47,29,32,10,61,108,NO,0,1,NO,Atlanta,30,23,53,31,24,19,55,108,YES,1,1,NO,100,116,216,94.31,108.62,202.98,-5,224
1993,29-Mar,,Mon,Denver,22,26,48,31,35,0,66,114,YES,1,1,YES,Utah,26,29,55,16,30,0,46,101,NO,1,2,YES,103,112,215,97.31,104.62,201.98,-9.5,207.5
1993,30-Mar,,Tue,Philadelphia,20,21,41,23,13,0,36,77,YES,1,0,NO,Brooklyn,22,24,46,24,21,0,45,91,NO,1,2,YES,87,81,168,81.31,73.62,154.98,-10,192
1993,30-Mar,,Tue,Sacramento,19,28,47,24,16,0,40,87,NO,0,1,NO,New York,20,31,51,29,29,0,58,109,NO,1,1,YES,98,98,196,92.31,90.62,182.98,-14,211
1993,30-Mar,,Tue,Phoenix,36,29,65,21,27,0,48,113,NO,1,2,NO,Chicago,25,33,58,23,28,0,51,109,NO,2,3,NO,123,99,222,117.31,91.62,208.98,-5.5,211
1993,30-Mar,,Tue,Detroit,13,22,35,35,21,0,56,91,YES,1,0,YES,Orlando,22,29,51,28,26,0,54,105,NO,1,2,NO,86,110,196,80.31,102.62,182.98,-5,197.5
1993,30-Mar,,Tue,Miami,27,30,57,33,26,0,59,116,NO,2,1,NO,New Orleans,25,26,51,17,21,0,38,89,YES,1,1,NO,108,97,205,102.31,89.62,191.98,-5,216
1993,30-Mar,,Tue,Minnesota,25,27,52,30,21,0,51,103,YES,1,0,NO,Golden State,28,24,52,27,21,0,48,100,YES,2,1,NO,104,99,203,98.31,91.62,189.98,-6,191.5
1993,30-Mar,,Tue,Oklahoma City,24,28,52,29,16,0,45,97,YES,2,0,NO,San Antonio,26,18,44,26,29,0,55,99,YES,0,1,YES,96,100,196,90.31,92.62,182.98,-3,203
1993,30-Mar,,Tue,LAL,25,23,48,27,18,0,45,93,YES,1,0,YES,LAC,28,28,56,19,26,0,45,101,NO,2,2,YES,104,90,194,98.31,82.62,180.98,-4.5,212
1993,31-Mar,,Wed,Philadelphia,31,29,60,22,21,0,43,103,NO,0,1,YES,Boston,32,24,56,22,31,0,53,109,NO,1,1,NO,116,96,212,110.31,88.62,198.98,-12.5,197.5
1993,31-Mar,,Wed,Portland,33,24,57,25,29,0,54,111,NO,1,1,NO,Detroit,26,33,59,30,31,0,61,120,NO,1,0,YES,116,115,231,110.31,107.62,217.98,2,204.5
1993,31-Mar,,Wed,Washington,26,21,47,15,33,0,48,95,NO,1,0,YES,Indiana,28,21,49,34,31,0,65,114,NO,1,2,YES,96,113,209,90.31,105.62,195.98,-11.5,214
1993,31-Mar,,Wed,Atlanta,22,26,48,26,29,0,55,103,YES,1,1,NO,Denver,29,18,47,24,23,0,47,94,NO,1,1,YES,95,102,197,89.31,94.62,183.98,-2,219
1993,31-Mar,,Wed,Minnesota,35,19,54,34,38,0,72,126,NO,0,1,NO,LAL,26,30,56,35,22,0,57,113,NO,3,0,YES,110,129,239,104.31,121.62,225.98,-10.5,198
1993,31-Mar,,Wed,Oklahoma City,21,29,50,24,29,0,53,103,NO,0,2,YES,Dallas,18,27,45,26,25,0,51,96,NO,1,2,NO,95,104,199,89.31,96.62,185.98,12.5,204
1993,31-Mar,,Wed,San Antonio,21,25,46,18,21,0,39,85,YES,0,1,YES,Utah,25,25,50,16,27,0,43,93,YES,3,1,NO,96,82,178,90.31,74.62,164.98,-4.5,202.5
1993,1-Apr,,Thu,Miami,26,17,43,29,10,0,39,82,NO,1,0,YES,Brooklyn,28,31,59,23,13,0,36,95,YES,0,1,NO,102,75,177,96.31,67.62,163.98,-6,194.5
1993,1-Apr,,Thu,Cleveland,18,14,32,22,29,0,51,83,NO,3,0,NO,New York,24,21,45,22,24,0,46,91,YES,0,1,NO,77,97,174,71.31,89.62,160.98,-4.5,195
1993,1-Apr,,Thu,Milwaukee,29,27,56,30,29,0,59,115,YES,2,0,NO,Houston,33,31,64,24,33,0,57,121,NO,1,3,YES,120,116,236,114.31,108.62,222.98,-11.5,201.5
1993,1-Apr,,Thu,New Orleans,32,22,54,21,27,0,48,102,YES,1,0,YES,Orlando,20,28,48,25,20,0,45,93,YES,0,1,NO,102,93,195,96.31,85.62,181.98,-5.5,209.5
1993,1-Apr,,Thu,Sacramento,30,30,60,24,33,0,57,117,NO,1,0,NO,Washington,27,19,46,21,30,0,51,97,NO,1,0,YES,106,108,214,100.31,100.62,200.98,-4.5,215.5
1993,2-Apr,,Fri,Phoenix,29,32,61,31,26,0,57,118,NO,2,1,NO,Boston,29,32,61,19,34,0,53,114,NO,1,1,NO,122,110,232,116.31,102.62,218.98,2.5,218
1993,2-Apr,,Fri,Brooklyn,21,32,53,29,23,0,52,105,YES,0,1,NO,Chicago,35,30,65,30,23,0,53,118,YES,1,2,NO,118,105,223,112.31,97.62,209.98,-10,193.5
1993,2-Apr,,Fri,New York,30,30,60,27,36,0,63,123,YES,0,1,NO,Miami,23,17,40,32,35,0,67,107,NO,1,0,YES,100,130,230,94.31,122.62,216.98,0,194
1993,2-Apr,,Fri,Portland,14,31,45,32,19,0,51,96,NO,1,0,NO,Philadelphia,27,26,53,20,18,0,38,91,NO,1,1,YES,98,89,187,92.31,81.62,173.98,7,204
1993,2-Apr,,Fri,Cleveland,30,29,59,23,31,0,54,113,NO,0,1,YES,New Orleans,27,31,58,29,27,0,56,114,NO,4,0,YES,117,110,227,111.31,102.62,213.98,1,211.5
1993,2-Apr,,Fri,Sacramento,22,27,49,29,22,0,51,100,NO,0,1,NO,Detroit,33,32,65,24,20,0,44,109,NO,3,1,NO,114,95,209,108.31,87.62,195.98,-9,215
1993,2-Apr,,Fri,Orlando,19,30,49,27,26,0,53,102,YES,0,1,NO,Indiana,22,26,48,37,33,0,70,118,NO,1,1,NO,97,123,220,91.31,115.62,206.98,-6.5,210.5
1993,2-Apr,,Fri,Milwaukee,36,20,56,24,27,0,51,107,NO,0,3,YES,Denver,36,29,65,25,26,0,51,116,NO,1,1,NO,121,102,223,115.31,94.62,209.98,-9,211.5
1993,2-Apr,,Fri,Atlanta,29,22,51,29,19,0,48,99,NO,1,0,NO,LAC,28,29,57,27,27,0,54,111,NO,1,2,NO,108,102,210,102.31,94.62,196.98,-2.5,219
1993,2-Apr,,Fri,Minnesota,30,24,54,24,23,0,47,101,NO,1,1,NO,San Antonio,38,23,61,20,27,0,47,108,NO,1,1,YES,115,94,209,109.31,86.62,195.98,-11,202
1993,2-Apr,,Fri,Golden State,34,25,59,36,39,0,75,134,YES,2,0,NO,Dallas,30,19,49,18,26,0,44,93,YES,1,1,NO,108,119,227,102.31,111.62,213.98,4.5,198
1993,3-Apr,,Sat,Atlanta,27,30,57,23,25,0,48,105,NO,0,2,YES,Oklahoma City,29,32,61,37,31,0,68,129,NO,2,2,YES,118,116,234,112.31,108.62,220.98,-8.5,223
1993,3-Apr,,Sat,Portland,25,31,56,25,21,0,46,102,NO,0,2,YES,Washington,34,22,56,32,26,0,58,114,YES,2,1,NO,112,104,216,106.31,96.62,202.98,-6.5,0
1993,3-Apr,,Sat,Golden State,35,25,60,25,26,0,51,111,NO,0,2,NO,Houston,37,27,64,28,26,0,54,118,NO,2,1,NO,124,105,229,118.31,97.62,215.98,-14,203.5
1993,4-Apr,,Sun,Chicago,22,28,50,33,18,0,51,101,YES,1,1,NO,Boston,21,30,51,15,23,0,38,89,YES,3,1,NO,101,89,190,95.31,81.62,176.98,3.5,203
1993,4-Apr,,Sun,Brooklyn,30,22,52,21,26,0,47,99,NO,1,1,YES,Cleveland,25,24,49,29,27,0,56,105,NO,1,1,YES,101,103,204,95.31,95.62,190.98,-10,205
1993,4-Apr,,Sun,New York,25,31,56,22,17,13,39,95,NO,1,1,NO,San Antonio,20,23,43,35,17,8,52,95,NO,1,1,NO,99,91,190,93.31,83.62,176.98,-2.5,195
1993,4-Apr,,Sun,Sacramento,26,24,50,22,30,0,52,102,NO,1,1,YES,Philadelphia,32,33,65,22,25,0,47,112,YES,1,1,NO,115,99,214,109.31,91.62,200.98,-6,205
1993,4-Apr,,Sun,Phoenix,27,28,55,26,29,0,55,110,NO,1,1,YES,Indiana,21,26,47,27,26,0,53,100,YES,1,1,NO,102,108,210,96.31,100.62,196.98,4,226
1993,4-Apr,,Sun,Orlando,23,27,50,35,21,0,56,106,NO,1,1,YES,Miami,32,31,63,28,33,0,61,124,YES,1,1,NO,113,117,230,107.31,109.62,216.98,-5,201.5
1993,4-Apr,,Sun,Minnesota,29,33,62,16,16,0,32,94,NO,1,2,YES,Denver,30,30,60,31,29,0,60,120,YES,1,1,NO,122,92,214,116.31,84.62,200.98,-7.5,206
1993,4-Apr,,Sun,Utah,29,31,60,24,27,0,51,111,YES,3,1,NO,LAL,29,23,52,27,20,0,47,99,YES,1,3,NO,112,98,210,106.31,90.62,196.98,-1.5,203
1993,4-Apr,,Sun,Dallas,34,31,65,27,23,0,50,115,YES,1,1,NO,LAC,41,30,71,26,22,0,48,119,YES,1,1,NO,136,98,234,130.31,90.62,220.98,-17,210
1993,6-Apr,,Tue,Indiana,24,24,48,24,26,0,50,98,YES,1,0,NO,Brooklyn,24,16,40,21,24,0,45,85,NO,1,1,YES,88,95,183,82.31,87.62,169.98,-4.5,204.5
1993,6-Apr,,Tue,New York,33,29,62,17,17,8,34,96,NO,1,1,YES,Atlanta,26,28,54,32,10,13,42,96,NO,2,2,YES,116,76,192,110.31,68.62,178.98,-2.5,204.5
1993,6-Apr,,Tue,Philadelphia,26,18,44,26,20,0,46,90,YES,1,0,NO,Orlando,27,26,53,35,28,0,63,116,YES,0,1,YES,97,109,206,91.31,101.62,192.98,-10,197
1993,6-Apr,,Tue,Chicago,25,24,49,28,32,0,60,109,NO,1,2,NO,Milwaukee,30,34,64,21,28,0,49,113,NO,1,3,YES,113,109,222,107.31,101.62,208.98,9,207.5
1993,6-Apr,,Tue,Miami,21,26,47,26,27,0,53,100,YES,1,1,NO,Cleveland,29,31,60,31,24,0,55,115,NO,2,1,NO,107,108,215,101.31,100.62,201.98,-10.5,207.5
1993,6-Apr,,Tue,Washington,23,18,41,25,13,0,38,79,YES,2,0,YES,Detroit,23,14,37,25,29,0,54,91,YES,1,3,NO,78,92,170,72.31,84.62,156.98,-10,208
1993,6-Apr,,Tue,Denver,28,32,60,24,17,0,41,101,YES,1,2,NO,Sacramento,28,24,52,30,18,0,48,100,NO,1,1,YES,112,89,201,106.31,81.62,187.98,3.5,214
1993,6-Apr,,Tue,Dallas,29,29,58,24,27,0,51,109,NO,1,1,NO,Oklahoma City,24,35,59,20,28,0,48,107,NO,2,2,NO,117,99,216,111.31,91.62,202.98,-20,217.5
1993,6-Apr,,Tue,Utah,23,21,44,28,23,0,51,95,NO,1,1,YES,Portland,25,25,50,30,30,0,60,110,NO,1,2,YES,94,111,205,88.31,103.62,191.98,-4,0
1993,6-Apr,,Tue,Golden State,29,27,56,40,29,0,69,125,NO,2,1,YES,San Antonio,33,30,63,28,20,0,48,111,NO,1,1,NO,119,117,236,113.31,109.62,222.98,-11,214.5
1993,6-Apr,,Tue,LAC,30,19,49,25,27,0,52,101,YES,1,1,NO,Houston,32,34,66,30,18,0,48,114,YES,1,2,NO,115,100,215,109.31,92.62,201.98,-8.5,206
1993,6-Apr,,Tue,LAL,35,28,63,20,31,0,51,114,YES,1,1,NO,Phoenix,44,30,74,24,17,0,41,115,YES,1,1,YES,137,92,229,131.31,84.62,215.98,-14,222
1993,7-Apr,,Wed,Philadelphia,22,26,48,25,25,0,50,98,NO,0,1,YES,Washington,32,22,54,23,13,0,36,90,YES,1,0,YES,102,86,188,96.31,78.62,174.98,-5,198
1993,7-Apr,,Wed,Indiana,24,28,52,32,29,0,61,113,NO,0,2,YES,Minnesota,28,32,60,18,27,0,45,105,NO,1,2,YES,112,106,218,106.31,98.62,204.98,4,208
1993,7-Apr,,Wed,Orlando,33,25,58,26,25,0,51,109,YES,0,1,NO,New Orleans,27,20,47,28,21,0,49,96,YES,1,4,NO,105,100,205,99.31,92.62,191.98,-6.5,216
1993,8-Apr,,Thu,Boston,20,18,38,28,22,0,50,88,YES,3,0,YES,New York,27,20,47,31,32,0,63,110,YES,2,1,YES,85,113,198,79.31,105.62,184.98,-7,196
1993,8-Apr,,Thu,Detroit,21,28,49,29,22,0,51,100,YES,1,0,NO,Brooklyn,29,22,51,24,23,0,47,98,NO,1,1,NO,100,98,198,94.31,90.62,184.98,-6,192
1993,8-Apr,,Thu,Miami,28,32,60,23,34,0,57,117,NO,1,1,YES,Milwaukee,27,19,46,25,21,0,46,92,NO,1,1,NO,106,103,209,100.31,95.62,195.98,1.5,208.5
1993,8-Apr,,Thu,Dallas,21,21,42,30,35,0,65,107,NO,1,1,NO,Portland,29,35,64,34,28,0,62,126,YES,0,1,NO,106,127,233,100.31,119.62,219.98,-15,210
1993,8-Apr,,Thu,Houston,26,33,59,17,19,0,36,95,YES,1,1,YES,Utah,21,19,40,22,28,0,50,90,YES,2,1,YES,99,86,185,93.31,78.62,171.98,-3.5,195
1993,8-Apr,,Thu,LAL,33,34,67,20,22,7,42,109,NO,1,0,YES,Golden State,28,27,55,26,28,13,54,109,NO,1,1,YES,122,96,218,116.31,88.62,204.98,-2.5,214
1993,8-Apr,,Thu,LAC,28,21,49,24,35,0,59,108,NO,1,1,YES,San Antonio,29,26,55,23,34,0,57,112,YES,1,1,NO,104,116,220,98.31,108.62,206.98,-6.5,212
1993,8-Apr,,Thu,Phoenix,28,29,57,37,29,0,66,123,YES,1,0,YES,Sacramento,28,32,60,35,19,0,54,114,YES,0,1,NO,117,120,237,111.31,112.62,223.98,11,226
1993,9-Apr,,Fri,Detroit,28,27,55,24,26,0,50,105,NO,0,1,NO,Boston,32,17,49,22,19,0,41,90,NO,1,0,YES,104,91,195,98.31,83.62,181.98,-6,200
1993,9-Apr,,Fri,New Orleans,25,41,66,27,29,0,56,122,YES,1,0,YES,Philadelphia,32,27,59,33,21,0,54,113,YES,0,1,YES,125,110,235,119.31,102.62,221.98,4,209
1993,9-Apr,,Fri,Chicago,20,17,37,23,28,0,51,88,NO,2,0,NO,Atlanta,22,28,50,27,10,0,37,87,YES,0,2,NO,87,88,175,81.31,80.62,161.98,4,214
1993,9-Apr,,Fri,Washington,34,25,59,17,19,0,36,95,YES,1,1,YES,Cleveland,28,30,58,32,24,0,56,114,YES,0,2,NO,117,92,209,111.31,84.62,195.98,-14,214
1993,9-Apr,,Fri,Orlando,23,23,46,24,25,0,49,95,NO,1,0,NO,Minnesota,18,23,41,20,31,0,51,92,YES,1,1,NO,87,100,187,81.31,92.62,173.98,3,202
1993,9-Apr,,Fri,Denver,23,28,51,22,24,0,46,97,NO,2,0,NO,Phoenix,29,24,53,21,24,0,45,98,NO,1,0,YES,104,91,195,98.31,83.62,181.98,-13.5,223
1993,9-Apr,,Fri,Sacramento,18,37,55,19,23,0,42,97,YES,0,3,YES,Oklahoma City,30,36,66,24,21,0,45,111,YES,1,2,NO,121,87,208,115.31,79.62,194.98,-15,225.5
1993,9-Apr,,Fri,Portland,26,30,56,22,31,0,53,109,YES,0,1,YES,LAL,27,28,55,27,23,0,50,105,NO,1,0,YES,111,103,214,105.31,95.62,200.98,0,211.5
1993,10-Apr,,Sat,Cleveland,21,29,50,24,26,0,50,100,YES,0,2,NO,Brooklyn,23,28,51,22,26,0,48,99,YES,3,1,NO,101,98,199,95.31,90.62,185.98,1,196
1993,10-Apr,,Sat,Philadelphia,24,31,55,33,26,0,59,114,YES,0,1,NO,Miami,30,33,63,25,31,0,56,119,NO,1,1,YES,118,115,233,112.31,107.62,219.98,-11,204
1993,10-Apr,,Sat,Chicago,25,21,46,22,24,0,46,92,NO,0,1,NO,Indiana,28,15,43,17,27,0,44,87,YES,2,2,YES,89,90,179,83.31,82.62,165.98,3,206.5
1993,10-Apr,,Sat,Orlando,28,24,52,25,20,0,45,97,NO,0,2,YES,Milwaukee,29,31,60,17,31,0,48,108,YES,1,1,NO,112,93,205,106.31,85.62,191.98,1.5,207
1993,10-Apr,,Sat,Atlanta,27,25,52,34,32,0,66,118,YES,0,2,YES,New Orleans,30,18,48,21,36,0,57,105,NO,1,0,YES,100,123,223,94.31,115.62,209.98,-3.5,227
1993,10-Apr,,Sat,Denver,23,24,47,29,25,0,54,101,NO,0,1,NO,LAC,28,36,64,26,28,0,54,118,NO,1,1,YES,111,108,219,105.31,100.62,205.98,-8,212
1993,10-Apr,,Sat,Dallas,22,22,44,20,30,0,50,94,NO,1,1,NO,Golden State,28,30,58,14,28,0,42,100,NO,1,1,NO,102,92,194,96.31,84.62,180.98,-9.5,212
1993,10-Apr,,Sat,San Antonio,25,21,46,16,26,0,42,88,YES,1,2,NO,Houston,19,30,49,22,27,0,49,98,NO,2,1,YES,95,91,186,89.31,83.62,172.98,-6.5,198.5
1993,11-Apr,,Sun,New York,24,23,47,29,26,0,55,102,YES,2,1,YES,Boston,24,24,48,20,22,0,42,90,NO,1,1,NO,95,97,192,89.31,89.62,178.98,-3,196.5
1993,11-Apr,,Sun,Detroit,25,21,46,28,32,0,60,106,NO,1,0,YES,Washington,27,20,47,25,22,0,47,94,YES,1,1,YES,93,107,200,87.31,99.62,186.98,4,0
1993,11-Apr,,Sun,Minnesota,31,26,57,22,31,0,53,110,YES,1,1,NO,Portland,29,31,60,38,29,0,67,127,NO,1,1,YES,117,120,237,111.31,112.62,223.98,-9,209.5
1993,11-Apr,,Sun,Oklahoma City,24,32,56,23,17,0,40,96,YES,1,1,YES,LAL,27,25,52,27,19,0,46,98,YES,1,1,NO,108,86,194,102.31,78.62,180.98,4.5,208.5
1993,11-Apr,,Sun,Utah,25,23,48,34,17,0,51,99,YES,2,0,YES,Phoenix,24,36,60,20,32,0,52,112,YES,0,1,NO,108,103,211,102.31,95.62,197.98,-9,216.5
1993,12-Apr,,Mon,Philadelphia,24,29,53,25,23,0,48,101,NO,1,2,YES,New Orleans,18,27,45,35,40,0,75,120,NO,1,1,NO,98,123,221,92.31,115.62,207.98,-11,219
1993,12-Apr,,Mon,Chicago,25,35,60,14,24,0,38,98,NO,1,1,YES,Detroit,23,22,45,30,20,0,50,95,NO,1,0,YES,105,88,193,99.31,80.62,179.98,4.5,193.5
1993,12-Apr,,Mon,Milwaukee,26,26,52,17,26,0,43,95,YES,1,0,NO,Miami,31,22,53,31,22,0,53,106,YES,1,1,NO,105,96,201,99.31,88.62,187.98,-10,214
1993,12-Apr,,Mon,Denver,26,22,48,34,25,0,59,107,NO,1,1,YES,Golden State,28,30,58,14,24,0,38,96,NO,1,1,NO,106,97,203,100.31,89.62,189.98,-2,0
1993,12-Apr,,Mon,Dallas,20,25,45,20,29,0,49,94,NO,1,1,YES,Utah,28,21,49,30,28,0,58,107,NO,2,0,YES,94,107,201,88.31,99.62,187.98,-17,208
1993,12-Apr,,Mon,Phoenix,28,34,62,20,22,0,42,104,YES,0,1,YES,LAC,31,31,62,31,18,0,49,111,YES,0,1,NO,124,91,215,118.31,83.62,201.98,4,0
1993,13-Apr,,Tue,Indiana,18,25,43,26,21,0,47,90,YES,2,0,YES,Boston,30,24,54,19,23,0,42,96,YES,1,1,NO,97,89,186,91.31,81.62,172.98,-5,209.5
1993,13-Apr,,Tue,Washington,20,20,40,27,18,0,45,85,YES,1,1,YES,New York,22,23,45,28,20,0,48,93,YES,0,1,YES,85,93,178,79.31,85.62,164.98,-15,199
1993,13-Apr,,Tue,Cleveland,22,21,43,28,28,13,56,99,NO,2,1,NO,Atlanta,24,24,48,24,27,10,51,99,YES,0,2,YES,91,107,198,85.31,99.62,184.98,0,214
1993,13-Apr,,Tue,Milwaukee,29,18,47,11,33,0,44,91,NO,0,1,YES,Orlando,29,22,51,25,34,0,59,110,YES,1,2,YES,98,103,201,92.31,95.62,187.98,-10,207.5
1993,13-Apr,,Tue,Minnesota,22,20,42,17,36,0,53,95,NO,1,0,NO,Oklahoma City,31,29,60,36,33,0,69,129,YES,2,1,YES,102,122,224,96.31,114.62,210.98,-15,212.5
1993,13-Apr,,Tue,LAC,29,24,53,25,21,0,46,99,YES,0,2,YES,Portland,30,32,62,19,20,0,39,101,YES,1,1,NO,115,85,200,109.31,77.62,186.98,-6.5,221
1993,13-Apr,,Tue,LAL,26,19,45,26,36,0,62,107,YES,1,0,NO,Houston,26,34,60,26,40,0,66,126,YES,0,2,NO,105,128,233,99.31,120.62,219.98,-9.5,204
1993,13-Apr,,Tue,San Antonio,27,32,59,24,27,0,51,110,NO,2,0,NO,Sacramento,28,16,44,21,35,0,56,100,YES,3,3,YES,103,107,210,97.31,99.62,196.98,6,211
1993,14-Apr,,Wed,Brooklyn,21,19,40,21,29,0,50,90,YES,3,0,YES,Indiana,25,35,60,32,17,0,49,109,NO,1,0,YES,100,99,199,94.31,91.62,185.98,-5.5,205
1993,14-Apr,,Wed,New York,25,30,55,24,32,0,56,111,YES,0,1,NO,New Orleans,35,22,57,28,22,0,50,107,NO,1,1,NO,112,106,218,106.31,98.62,204.98,2.5,207.5
1993,14-Apr,,Wed,Miami,21,19,40,23,29,0,52,92,YES,1,0,NO,Chicago,25,29,54,37,28,0,65,119,NO,1,1,YES,94,117,211,88.31,109.62,197.98,-11,198.5
1993,14-Apr,,Wed,Atlanta,15,29,44,22,18,0,40,84,YES,0,2,YES,Detroit,25,15,40,21,26,0,47,87,YES,1,1,NO,84,87,171,78.31,79.62,157.98,-4,203.5
1993,14-Apr,,Wed,Houston,27,25,52,25,30,0,55,107,YES,0,1,NO,Denver,27,25,52,16,28,0,44,96,NO,3,1,YES,104,99,203,98.31,91.62,189.98,2,200.5
1993,14-Apr,,Wed,Minnesota,26,13,39,19,26,0,45,84,NO,0,1,YES,Phoenix,26,25,51,17,30,0,47,98,NO,1,1,YES,90,92,182,84.31,84.62,168.98,-9,213
1993,14-Apr,,Wed,San Antonio,34,17,51,22,23,0,45,96,NO,0,3,NO,Golden State,21,29,50,20,23,0,43,93,YES,1,1,NO,101,88,189,95.31,80.62,175.98,5.5,0
1993,14-Apr,,Wed,LAL,29,23,52,26,34,0,60,112,NO,0,1,YES,Dallas,25,32,57,21,21,0,42,99,NO,2,1,YES,109,102,211,103.31,94.62,197.98,8,207.5
1993,15-Apr,,Thu,Boston,30,27,57,26,23,0,49,106,YES,1,1,NO,Brooklyn,32,26,58,18,29,0,47,105,YES,1,0,YES,115,96,211,109.31,88.62,197.98,-3,196
1993,15-Apr,,Thu,Orlando,21,18,39,21,25,0,46,85,YES,1,0,NO,Philadelphia,24,23,47,32,22,0,54,101,NO,2,2,YES,86,100,186,80.31,92.62,172.98,5,203.5
1993,15-Apr,,Thu,Cleveland,19,28,47,37,24,0,61,108,NO,1,0,YES,Milwaukee,18,22,40,19,34,0,53,93,YES,0,1,YES,87,114,201,81.31,106.62,187.98,6,208
1993,15-Apr,,Thu,Miami,30,16,46,20,26,0,46,92,NO,0,1,YES,Washington,18,26,44,29,37,0,66,110,NO,1,1,YES,90,112,202,84.31,104.62,188.98,4.5,199
1993,15-Apr,,Thu,Portland,25,18,43,29,33,12,62,105,YES,1,0,NO,Utah,24,23,47,33,25,17,58,105,NO,1,2,NO,90,120,210,84.31,112.62,196.98,-4,206
1993,16-Apr,,Fri,New York,25,18,43,22,29,0,51,94,NO,1,0,YES,Indiana,30,24,54,21,25,0,46,100,YES,1,1,NO,97,97,194,91.31,89.62,180.98,2.5,200.5
1993,16-Apr,,Fri,Milwaukee,31,21,52,26,27,0,53,105,YES,0,1,YES,Chicago,37,26,63,28,28,0,56,119,YES,1,1,NO,115,109,224,109.31,101.62,210.98,-15,209
1993,16-Apr,,Fri,Orlando,20,21,41,36,33,0,69,110,NO,0,1,YES,Cleveland,25,30,55,32,26,0,58,113,NO,1,0,YES,96,127,223,90.31,119.62,209.98,-8.5,208
1993,16-Apr,,Fri,Detroit,23,22,45,24,24,0,48,93,YES,1,0,NO,New Orleans,29,29,58,31,38,0,69,127,YES,0,1,NO,103,117,220,97.31,109.62,206.98,-5,208
1993,16-Apr,,Fri,Portland,26,30,56,34,27,0,61,117,NO,0,1,YES,Minnesota,28,23,51,27,31,0,58,109,YES,1,1,YES,107,119,226,101.31,111.62,212.98,5,208
1993,16-Apr,,Fri,Oklahoma City,32,23,55,22,31,0,53,108,YES,2,0,YES,Phoenix,22,26,48,29,25,0,54,102,YES,0,1,NO,103,107,210,97.31,99.62,196.98,-3.5,211.5
1993,16-Apr,,Fri,Golden State,34,23,57,36,22,0,58,115,YES,1,1,NO,LAC,32,27,59,27,36,0,63,122,YES,1,2,YES,116,121,237,110.31,113.62,223.98,-12,213
1993,16-Apr,,Fri,Houston,26,25,51,27,22,0,49,100,NO,1,0,NO,LAL,21,18,39,25,20,0,45,84,NO,1,1,YES,90,94,184,84.31,86.62,170.98,4,203.5
1993,17-Apr,,Sat,Boston,22,27,49,19,35,0,54,103,NO,1,0,NO,Miami,26,20,46,26,28,0,54,100,NO,2,1,YES,95,108,203,89.31,100.62,189.98,-3,206
1993,17-Apr,,Sat,Brooklyn,28,24,52,14,38,0,52,104,YES,1,3,NO,Washington,26,26,52,31,20,0,51,103,YES,2,1,NO,104,103,207,98.31,95.62,193.98,5,197
1993,17-Apr,,Sat,Detroit,14,27,41,18,26,0,44,85,NO,0,2,NO,New York,24,21,45,29,21,0,50,95,YES,2,0,YES,86,94,180,80.31,86.62,166.98,-8,191
1993,17-Apr,,Sat,New Orleans,35,26,61,20,29,0,49,110,YES,0,3,YES,Atlanta,35,24,59,27,21,0,48,107,NO,2,2,YES,120,97,217,114.31,89.62,203.98,-6,225
1993,17-Apr,,Sat,Houston,16,29,45,17,24,0,41,86,NO,0,1,NO,Oklahoma City,23,24,47,17,17,0,34,81,NO,1,0,YES,92,75,167,86.31,67.62,153.98,-6,199.5
1993,17-Apr,,Sat,Phoenix,21,22,43,33,25,0,58,101,YES,0,1,YES,Utah,32,21,53,28,29,0,57,110,YES,2,1,NO,96,115,211,90.31,107.62,197.98,-2,209.5
1993,17-Apr,,Sat,Sacramento,19,36,55,27,18,8,45,100,YES,3,2,YES,Dallas,24,30,54,29,17,7,46,100,NO,2,2,NO,109,91,200,103.31,83.62,186.98,5.5,213.5
1993,18-Apr,,Sun,Boston,24,19,43,24,12,0,36,79,NO,0,2,YES,Orlando,21,33,54,23,11,0,34,88,NO,1,1,YES,97,70,167,91.31,62.62,153.98,-4.5,203
1993,18-Apr,,Sun,Minnesota,26,21,47,12,20,0,32,79,YES,1,1,YES,Philadelphia,34,22,56,25,25,0,50,106,YES,1,2,NO,103,82,185,97.31,74.62,171.98,-5,204
1993,18-Apr,,Sun,Chicago,23,25,48,24,22,0,46,94,YES,1,1,YES,Cleveland,37,24,61,28,14,0,42,103,NO,1,1,NO,109,88,197,103.31,80.62,183.98,-1,201.5
1993,18-Apr,,Sun,Indiana,39,14,53,28,27,0,55,108,YES,1,1,NO,Milwaukee,30,15,45,30,23,0,53,98,YES,2,1,YES,98,108,206,92.31,100.62,192.98,5,211
1993,18-Apr,,Sun,LAC,20,18,38,19,26,0,45,83,YES,1,1,NO,Denver,34,17,51,22,21,0,43,94,NO,2,3,NO,89,88,177,83.31,80.62,163.98,-1,214
1993,18-Apr,,Sun,San Antonio,30,27,57,21,23,0,44,101,NO,3,0,NO,Portland,26,26,52,22,31,0,53,105,NO,1,1,YES,109,97,206,103.31,89.62,192.98,-6,204
1993,18-Apr,,Sun,Golden State,31,26,57,32,23,0,55,112,NO,1,1,NO,LAL,23,29,52,29,34,0,63,115,YES,1,1,NO,109,118,227,103.31,110.62,213.98,-7,217
1993,19-Apr,,Mon,San Antonio,28,18,46,23,20,0,43,89,NO,0,2,YES,Oklahoma City,23,30,53,28,15,0,43,96,YES,2,1,NO,99,86,185,93.31,78.62,171.98,-10.5,202
1993,19-Apr,,Mon,Houston,33,24,57,31,23,0,54,111,NO,1,2,YES,Phoenix,13,24,37,30,30,0,60,97,YES,2,1,YES,94,114,208,88.31,106.62,194.98,-4.5,205
1993,20-Apr,,Tue,New York,22,32,54,25,30,0,55,109,YES,2,0,YES,Miami,25,23,48,16,33,0,49,97,YES,0,2,NO,102,104,206,96.31,96.62,192.98,4,196.5
1993,20-Apr,,Tue,Philadelphia,17,30,47,17,30,0,47,94,YES,1,0,YES,Chicago,32,31,63,33,27,0,60,123,NO,1,1,YES,110,107,217,104.31,99.62,203.98,-15,203
1993,20-Apr,,Tue,Detroit,19,21,40,21,20,0,41,81,NO,2,1,NO,Cleveland,27,26,53,23,29,0,52,105,YES,0,1,NO,93,93,186,87.31,85.62,172.98,-8,197.5
1993,20-Apr,,Tue,Indiana,27,20,47,34,21,0,55,102,NO,1,0,YES,Atlanta,29,25,54,19,38,0,57,111,YES,0,2,NO,101,112,213,95.31,104.62,199.98,-5.5,215.5
1993,20-Apr,,Tue,Washington,17,23,40,26,20,0,46,86,YES,2,0,YES,Orlando,30,19,49,33,23,0,56,105,YES,0,1,NO,89,102,191,83.31,94.62,177.98,-12.5,200
1993,20-Apr,,Tue,LAL,30,22,52,24,31,0,55,107,YES,1,0,NO,Minnesota,21,29,50,22,23,0,45,95,YES,1,1,YES,102,100,202,96.31,92.62,188.98,2.5,205
1993,20-Apr,,Tue,Golden State,34,18,52,24,23,0,47,99,NO,1,0,YES,Portland,35,25,60,30,25,0,55,115,NO,1,1,NO,112,102,214,106.31,94.62,200.98,-11,224
1993,20-Apr,,Tue,Utah,26,22,48,23,21,0,44,92,YES,2,0,YES,Sacramento,27,19,46,27,28,0,55,101,YES,0,2,YES,94,99,193,88.31,91.62,179.98,3.5,213
1993,20-Apr,,Tue,LAC,22,36,58,22,27,0,49,107,NO,1,1,YES,Dallas,24,24,48,19,31,0,50,98,YES,0,2,NO,106,99,205,100.31,91.62,191.98,7,209
1993,21-Apr,,Wed,Orlando,22,20,42,29,27,0,56,98,YES,0,1,NO,Boston,28,38,66,28,32,0,60,126,NO,1,2,YES,108,116,224,102.31,108.62,210.98,-6,199
1993,21-Apr,,Wed,Brooklyn,18,23,41,21,12,0,33,74,NO,3,1,YES,New York,28,25,53,25,27,0,52,105,YES,1,0,YES,94,85,179,88.31,77.62,165.98,-8,192.5
1993,21-Apr,,Wed,Miami,22,25,47,21,29,0,50,97,YES,0,1,YES,Philadelphia,32,26,58,29,20,0,49,107,NO,1,0,YES,105,99,204,99.31,91.62,190.98,2,206
1993,21-Apr,,Wed,Cleveland,22,24,46,34,31,0,65,111,YES,0,1,NO,Indiana,21,21,42,26,27,0,53,95,YES,1,0,YES,88,118,206,82.31,110.62,192.98,0,203
1993,21-Apr,,Wed,Milwaukee,27,29,56,20,35,0,55,111,YES,2,1,NO,New Orleans,32,35,67,32,20,0,52,119,NO,1,3,YES,123,107,230,117.31,99.62,216.98,-10,222
1993,21-Apr,,Wed,Atlanta,35,23,58,34,27,0,61,119,YES,0,1,YES,Washington,26,31,57,22,19,0,41,98,YES,1,0,YES,115,102,217,109.31,94.62,203.98,6,206.5
1993,21-Apr,,Wed,Dallas,17,27,44,28,40,0,68,112,YES,0,1,YES,Denver,31,30,61,31,45,0,76,137,YES,0,2,NO,105,144,249,99.31,136.62,235.98,-14,206.5
1993,21-Apr,,Wed,LAL,27,29,56,27,19,0,46,102,NO,0,1,NO,Utah,28,24,52,29,32,0,61,113,NO,1,0,YES,108,107,215,102.31,99.62,201.98,-9,206
1993,21-Apr,,Wed,Sacramento,15,37,52,18,35,0,53,105,YES,0,1,YES,Golden State,26,33,59,35,38,0,73,132,YES,1,0,YES,111,126,237,105.31,118.62,223.98,-5,223.5
1993,22-Apr,,Thu,Detroit,24,17,41,26,28,8,54,95,NO,1,0,YES,Chicago,28,20,48,32,15,14,47,95,YES,0,1,NO,89,101,190,83.31,93.62,176.98,-10,193.5
1993,22-Apr,,Thu,Denver,23,28,51,31,29,0,60,111,YES,0,2,YES,San Antonio,47,20,67,32,32,0,64,131,YES,1,2,YES,118,124,242,112.31,116.62,228.98,-10,208
1993,22-Apr,,Thu,Minnesota,28,27,55,28,18,9,46,101,YES,1,0,NO,Houston,30,33,63,23,15,11,38,101,NO,1,2,YES,118,84,202,112.31,76.62,188.98,-13,202
1993,22-Apr,,Thu,Oklahoma City,25,29,54,17,29,0,46,100,YES,2,0,YES,LAC,35,25,60,16,22,0,38,98,NO,2,1,YES,114,84,198,108.31,76.62,184.98,3,206
1993,22-Apr,,Thu,Phoenix,37,24,61,25,29,0,54,115,YES,2,1,YES,Portland,32,31,63,27,24,0,51,114,YES,0,1,NO,124,105,229,118.31,97.62,215.98,0,219
1993,23-Apr,,Fri,Cleveland,29,19,48,30,21,0,51,99,NO,1,1,YES,Boston,27,23,50,35,22,0,57,107,YES,1,1,NO,98,108,206,92.31,100.62,192.98,-3,0
1993,23-Apr,,Fri,Orlando,27,30,57,30,32,0,62,119,NO,1,0,YES,Brooklyn,31,27,58,36,22,0,58,116,YES,1,1,YES,115,120,235,109.31,112.62,221.98,-2,197
1993,23-Apr,,Fri,New York,22,24,46,32,21,0,53,99,YES,1,1,YES,Philadelphia,26,26,52,11,21,0,32,84,YES,1,1,NO,98,85,183,92.31,77.62,169.98,7.5,194
1993,23-Apr,,Fri,Chicago,31,22,53,23,27,0,50,103,YES,0,1,NO,New Orleans,29,27,56,29,19,0,48,104,YES,0,1,NO,109,98,207,103.31,90.62,193.98,4.5,213
1993,23-Apr,,Fri,Indiana,19,19,38,28,38,0,66,104,YES,1,0,YES,Detroit,24,27,51,24,34,0,58,109,NO,1,0,YES,89,124,213,83.31,116.62,199.98,-2,196
1993,23-Apr,,Fri,Milwaukee,33,28,61,29,16,0,45,106,NO,1,0,YES,Atlanta,26,37,63,26,33,0,59,122,YES,0,1,YES,124,104,228,118.31,96.62,214.98,-11,219.5
1993,23-Apr,,Fri,Washington,29,23,52,34,22,12,56,108,YES,1,1,YES,Miami,29,35,64,15,29,13,44,108,YES,0,1,YES,116,100,216,110.31,92.62,202.98,-11,208.5
1993,23-Apr,,Fri,Minnesota,27,23,50,18,32,0,50,100,NO,0,1,YES,Dallas,34,20,54,27,22,0,49,103,YES,0,1,YES,104,99,203,98.31,91.62,189.98,1.5,202
1993,23-Apr,,Fri,LAL,25,20,45,13,35,0,48,93,NO,1,0,YES,Oklahoma City,29,36,65,26,31,0,57,122,YES,1,0,YES,110,105,215,104.31,97.62,201.98,-10,210
1993,23-Apr,,Fri,Portland,25,24,49,26,37,0,63,112,YES,0,1,NO,Sacramento,29,26,55,23,30,0,53,108,YES,0,1,YES,104,116,220,98.31,108.62,206.98,2.5,0
1993,23-Apr,,Fri,Golden State,20,24,44,25,22,0,47,91,YES,1,1,YES,Utah,31,23,54,20,31,0,51,105,YES,1,1,NO,98,98,196,92.31,90.62,182.98,-11,219
1993,24-Apr,,Sat,Miami,25,32,57,15,16,0,31,88,YES,0,195,YES,Indiana,27,23,50,23,21,0,44,94,YES,195,0,YES,107,75,182,101.31,67.62,168.98,-7.5,209.5
1993,24-Apr,,Sat,New Orleans,25,27,52,26,30,0,56,108,YES,0,2550,NO,Milwaukee,31,23,54,29,23,0,52,106,YES,195,0,YES,106,108,214,100.31,100.62,200.98,4,224.5
1993,24-Apr,,Sat,Atlanta,17,20,37,22,26,0,48,85,YES,0,195,YES,Orlando,26,22,48,27,29,0,56,104,YES,195,0,YES,85,104,189,79.31,96.62,175.98,-4.5,209
1993,24-Apr,,Sat,Sacramento,22,32,54,30,23,0,53,107,YES,0,195,YES,LAL,33,23,56,38,31,0,69,125,NO,195,0,YES,110,122,232,104.31,114.62,218.98,-5,220
1993,24-Apr,,Sat,San Antonio,30,23,53,19,25,0,44,97,YES,1,0,YES,Phoenix,27,22,49,21,29,0,50,99,YES,0,1,YES,102,94,196,96.31,86.62,182.98,-8.5,217.5
1993,24-Apr,,Sat,Dallas,31,33,64,33,31,0,64,128,YES,0,195,NO,Houston,33,41,74,28,21,0,49,123,YES,0,1,NO,138,113,251,132.31,105.62,237.98,-17,209
1993,25-Apr,,Sun,Boston,31,20,51,24,31,0,55,106,YES,1,194,YES,Washington,16,31,47,21,26,0,47,94,YES,194,1,YES,98,102,200,92.31,94.62,186.98,7,209
1993,25-Apr,,Sun,Brooklyn,27,28,55,35,20,0,55,110,YES,1,2549,NO,Detroit,31,33,64,27,25,0,52,116,NO,194,1,NO,119,107,226,113.31,99.62,212.98,-3,199.5
1993,25-Apr,,Sun,Chicago,25,18,43,22,19,0,41,84,NO,1,194,NO,New York,25,18,43,22,24,0,46,89,YES,194,1,YES,86,87,173,80.31,79.62,159.98,-3,194.5
1993,25-Apr,,Sun,Philadelphia,31,21,52,27,24,0,51,103,YES,1,194,YES,Cleveland,22,23,45,35,27,0,62,107,NO,194,1,YES,97,113,210,91.31,105.62,196.98,-10,211
1993,25-Apr,,Sun,Phoenix,29,34,63,27,28,0,55,118,YES,0,194,NO,Denver,30,32,62,29,29,0,58,120,YES,194,2,YES,125,113,238,119.31,105.62,224.98,3,219
1993,25-Apr,,Sun,Utah,24,26,50,35,26,0,61,111,YES,1,194,YES,Minnesota,29,27,56,28,29,0,57,113,YES,194,1,YES,106,118,224,100.31,110.62,210.98,6,205.5
1993,25-Apr,,Sun,Oklahoma City,32,25,57,25,27,0,52,109,YES,1,2549,NO,Golden State,35,28,63,32,24,0,56,119,YES,194,1,YES,120,108,228,114.31,100.62,214.98,6,215
1993,25-Apr,,Sun,Portland,25,27,52,24,36,0,60,112,NO,1,194,NO,LAC,24,33,57,36,30,0,66,123,NO,194,2,NO,109,126,235,103.31,118.62,221.98,0,219
1993,25-Apr,,Sun,Houston,32,23,55,28,26,8,54,109,YES,0,194,YES,San Antonio,30,28,58,27,24,10,51,109,NO,194,0,YES,113,105,218,107.31,97.62,204.98,-1,198.5
1993,5-Nov,05:00PM,Fri,Dallas,19,18,37,29,20,0,49,86,NO,195,0,YES,Utah,17,27,44,32,26,0,58,102,YES,0,194,YES,81,107,188,79.65,104.45,184.09,-14,198
1993,5-Nov,07:30PM,Fri,Indiana,32,23,55,24,31,0,55,110,YES,195,0,YES,Atlanta,32,28,60,30,26,0,56,116,YES,2,195,YES,115,111,226,113.65,108.45,222.09,-6,215
1993,5-Nov,07:30PM,Fri,New York,27,30,57,29,25,0,54,111,YES,194,1,NO,Boston,30,18,48,22,38,0,60,108,YES,0,194,YES,105,114,219,103.65,111.45,215.09,5,188
1993,5-Nov,07:30PM,Fri,Milwaukee,22,26,48,29,17,0,46,94,YES,195,0,YES,Cleveland,22,27,49,20,22,0,42,91,NO,1,194,NO,97,88,185,95.65,85.45,181.09,-11,210
1993,5-Nov,06:30PM,Fri,New Jersey,25,17,42,22,24,0,46,88,,,1,NO,Houston,26,25,51,35,24,0,59,110,YES,1,194,YES,93,105,198,91.65,102.45,194.09,-8.5,202
1993,5-Nov,04:30PM,Fri,Portland,21,25,46,26,23,0,49,95,NO,194,1,YES,LAC,31,18,49,20,28,0,48,97,YES,1,194,NO,95,97,192,93.65,94.45,188.09,1,213
1993,5-Nov,04:30PM,Fri,Phoenix,21,28,49,30,29,0,59,108,NO,194,1,YES,LAL,26,32,58,27,31,0,58,116,YES,0,195,NO,107,117,224,105.65,114.45,220.09,8,217
1993,5-Nov,07:30PM,Fri,Washington,16,21,37,27,18,0,45,82,YES,194,0,YES,Philadelphia,24,26,50,17,27,0,44,94,YES,0,194,YES,87,89,176,85.65,86.45,172.09,-6,199
1993,5-Nov,04:30PM,Fri,Denver,29,33,62,26,12,0,38,100,YES,194,1,YES,Sacramento,21,29,50,25,34,0,59,109,YES,1,195,YES,112,97,209,110.65,94.45,205.09,-5,216
1993,5-Nov,06:30PM,Fri,Golden State,17,17,34,17,34,0,51,85,YES,194,0,NO,San Antonio,19,17,36,27,28,0,55,91,NO,1,194,NO,70,106,176,68.65,103.45,172.09,0,0
1993,5-Nov,08:00PM,Fri,Chicago,30,32,62,27,27,8,54,116,NO,194,0,YES,Charlotte,29,32,61,32,23,7,55,116,YES,0,,,123,109,232,121.65,106.45,228.09,-7,215
1993,5-Nov,08:00PM,Fri,Minnesota,31,27,58,19,22,0,41,99,YES,194,0,YES,Detroit,23,22,45,30,29,0,59,104,YES,0,194,NO,103,100,203,101.65,97.45,199.09,-7,207
1993,5-Nov,08:00PM,Fri,Orlando,25,29,54,31,31,0,62,116,YES,195,0,YES,Miami,29,21,50,24,22,0,46,96,YES,0,195,YES,104,108,212,102.65,105.45,208.09,-2,206
1993,6-Nov,06:00PM,Sat,Utah,29,20,49,23,33,0,56,105,YES,0,1,YES,Minnesota,31,18,49,22,24,0,46,95,YES,2,0,YES,98,102,200,96.65,99.45,196.09,,
1993,6-Nov,07:00PM,Sat,LAL,23,24,47,19,35,0,54,101,YES,0,2,YES,Seattle,34,29,63,35,31,0,66,129,YES,1,,,110,120,230,108.65,117.45,226.09,,
1993,6-Nov,06:30PM,Sat,Miami,23,18,41,28,26,0,54,95,YES,0,4,YES,Chicago,19,6,25,25,21,0,46,71,NO,1,0,YES,66,100,166,64.65,97.45,162.09,,
1993,6-Nov,06:30PM,Sat,Golden State,28,26,54,21,18,0,39,93,NO,0,2,YES,Dallas,23,20,43,26,20,0,46,89,NO,2,0,YES,97,85,182,95.65,82.45,178.09,,
1993,6-Nov,07:30PM,Sat,Detroit,31,27,58,28,27,0,55,113,YES,0,2,YES,Indiana,25,26,51,28,28,0,56,107,YES,2,0,YES,109,111,220,107.65,108.45,216.09,,
1993,6-Nov,07:30PM,Sat,Philadelphia,25,23,48,26,15,0,41,89,YES,0,2,NO,Orlando,29,25,54,33,27,0,60,114,NO,2,0,YES,102,101,203,100.65,98.45,199.09,,
1993,6-Nov,07:30PM,Sat,Boston,29,22,51,25,24,0,49,100,YES,0,1,YES,Washington,23,24,47,21,20,0,41,88,YES,2,0,YES,98,90,188,96.65,87.45,184.09,,
1993,6-Nov,07:00PM,Sat,Charlotte,25,28,53,30,37,0,67,120,YES,0,2,NO,Milwaukee,29,30,59,26,18,0,44,103,YES,1,0,YES,112,111,223,110.65,108.45,219.09,,
1993,7-Nov,07:00PM,Sun,New York,25,26,51,30,22,12,52,103,NO,1,1,YES,Cleveland,30,31,61,21,21,4,42,103,NO,1,1,NO,112,94,206,110.65,91.45,202.09,,
1993,7-Nov,05:00PM,Sun,LAC,28,18,46,21,30,0,51,97,YES,1,1,YES,Denver,16,27,43,28,28,0,56,99,YES,1,1,YES,89,107,196,87.65,104.45,192.09,,
1993,7-Nov,04:00PM,Sun,Sacramento,23,23,46,29,35,0,64,110,YES,1,2,YES,Phoenix,39,36,75,24,33,0,57,132,YES,1,1,YES,121,121,242,119.65,118.45,238.09,,
1993,7-Nov,04:30PM,Sun,Houston,25,25,50,29,27,0,56,106,YES,1,1,NO,Portland,27,16,43,27,22,0,49,92,YES,1,1,YES,93,105,198,91.65,102.45,194.09,,
1993,7-Nov,06:30PM,Sun,New Jersey,23,23,46,22,31,0,53,99,NO,1,1,NO,San Antonio,15,17,32,20,21,0,41,73,NO,1,1,NO,78,94,172,76.65,91.45,168.09,,
1993,8-Nov,05:00PM,Mon,Seattle,32,23,55,22,24,0,46,101,YES,1,0,YES,Utah,32,23,55,21,24,0,45,100,NO,1,1,YES,110,91,201,108.65,88.45,197.09,,
1993,8-Nov,07:30PM,Mon,Milwaukee,27,25,52,22,26,0,48,100,YES,1,1,YES,Boston,30,25,55,24,29,0,53,108,YES,1,1,YES,107,101,208,105.65,98.45,204.09,,
1993,8-Nov,06:30PM,Mon,Atlanta,23,21,44,15,21,0,36,80,YES,2,1,NO,Chicago,21,23,44,28,34,0,62,106,YES,1,1,NO,88,98,186,86.65,95.45,182.09,,
1993,9-Nov,07:00PM,Tue,Denver,19,27,46,24,16,0,40,86,YES,1,2,NO,Seattle,33,25,58,35,25,0,60,118,NO,1,0,YES,104,100,204,102.65,97.45,200.09,,
1993,9-Nov,07:30PM,Tue,Charlotte,36,30,66,14,28,0,42,108,NO,2,1,YES,Cleveland,25,29,54,31,28,0,59,113,YES,1,1,NO,120,101,221,118.65,98.45,217.09,,
1993,9-Nov,06:30PM,Tue,New Jersey,23,23,46,24,16,0,40,86,NO,1,1,YES,Dallas,17,16,33,28,19,0,47,80,YES,2,2,NO,79,87,166,77.65,84.45,162.09,,
1993,9-Nov,07:30PM,Tue,Washington,27,32,59,30,29,0,59,118,YES,2,0,YES,Detroit,34,24,58,34,20,0,54,112,YES,1,2,YES,117,113,230,115.65,110.45,226.09,,
1993,9-Nov,04:30PM,Tue,Houston,28,26,54,29,19,0,48,102,NO,1,1,YES,Golden State,22,25,47,22,24,0,46,93,NO,2,2,YES,101,94,195,99.65,91.45,191.09,,
1993,9-Nov,04:30PM,Tue,Phoenix,32,22,54,38,22,0,60,114,YES,1,0,YES,LAC,20,37,57,21,21,0,42,99,NO,1,1,YES,111,102,213,109.65,99.45,209.09,,
1993,9-Nov,04:30PM,Tue,Portland,31,24,55,26,28,0,54,109,YES,1,2,YES,LAL,26,21,47,27,28,0,55,102,YES,0,2,YES,102,109,211,100.65,106.45,207.09,,
1993,9-Nov,07:30PM,Tue,Philadelphia,21,10,31,22,33,0,55,86,NO,2,0,YES,New York,18,24,42,30,23,0,53,95,YES,0,1,YES,73,108,181,71.65,105.45,177.09,,
1993,9-Nov,07:30PM,Tue,Indiana,32,25,57,21,20,0,41,98,YES,2,1,NO,Orlando,28,28,56,20,28,0,48,104,YES,1,2,NO,113,89,202,111.65,86.45,198.09,,
1993,9-Nov,06:30PM,Tue,Minnesota,19,26,45,22,28,0,50,95,YES,2,1,NO,San Antonio,29,32,61,25,24,0,49,110,YES,0,1,NO,106,99,205,104.65,96.45,201.09,,
1993,10-Nov,04:00PM,Wed,San Antonio,23,24,47,26,20,0,46,93,YES,0,1,NO,Phoenix,26,19,45,33,23,0,56,101,YES,2,0,YES,92,102,194,90.65,99.45,190.09,,
1993,10-Nov,05:00PM,Wed,Atlanta,27,29,56,14,18,0,32,88,NO,1,1,NO,Utah,29,19,48,21,22,0,43,91,NO,1,1,NO,104,75,179,102.65,72.45,175.09,,
1993,10-Nov,06:30PM,Wed,Chicago,19,21,40,27,24,0,51,91,YES,1,2,YES,Milwaukee,22,22,44,19,27,0,46,90,YES,0,1,YES,84,97,181,82.65,94.45,177.09,,
1993,10-Nov,04:30PM,Wed,LAL,24,23,47,26,28,0,54,101,YES,0,1,YES,Sacramento,28,34,62,20,30,0,50,112,NO,1,2,YES,109,104,213,107.65,101.45,209.09,,
1993,10-Nov,07:30PM,Wed,New York,26,23,49,30,13,0,43,92,YES,0,1,NO,Washington,20,19,39,23,22,0,45,84,NO,1,0,YES,88,88,176,86.65,85.45,172.09,,
1993,10-Nov,08:00PM,Wed,Boston,24,25,49,24,18,0,42,91,YES,1,1,YES,Philadelphia,26,21,47,19,23,0,42,89,YES,1,0,YES,96,84,180,94.65,81.45,176.09,,
1993,11-Nov,07:00PM,Thu,Cleveland,21,28,49,26,27,0,53,102,YES,1,0,NO,Seattle,33,28,61,26,28,0,54,115,NO,1,1,NO,110,107,217,108.65,104.45,213.09,,
1993,11-Nov,07:30PM,Thu,Orlando,19,17,36,24,27,0,51,87,YES,1,0,YES,Charlotte,30,25,55,27,38,0,65,120,YES,0,1,YES,91,116,207,89.65,113.45,203.09,,
1993,11-Nov,06:30PM,Thu,Minnesota,22,32,54,26,19,0,45,99,NO,1,0,YES,Houston,29,27,56,28,23,0,51,107,NO,1,1,YES,110,96,206,108.65,93.45,202.09,,
1993,11-Nov,04:30PM,Thu,Detroit,22,20,42,26,31,0,57,99,YES,1,0,NO,LAC,33,35,68,23,20,0,43,111,NO,1,1,NO,110,100,210,108.65,97.45,206.09,,
1993,11-Nov,07:30PM,Thu,Milwaukee,30,27,57,16,30,0,46,103,YES,0,1,NO,Miami,25,29,54,30,32,0,62,116,YES,0,4,YES,111,108,219,109.65,105.45,215.09,,
1993,11-Nov,07:30PM,Thu,Indiana,17,30,47,23,27,11,50,97,NO,1,0,YES,New Jersey,31,19,50,27,20,8,47,97,NO,1,1,YES,97,97,194,95.65,94.45,190.09,,
1993,12-Nov,06:00PM,Fri,Dallas,22,30,52,32,31,0,63,115,YES,2,0,YES,Minnesota,20,14,34,35,30,0,65,99,YES,3,0,YES,86,128,214,84.65,125.45,210.09,-8.5,186
1993,12-Nov,05:00PM,Fri,Detroit,24,19,43,26,20,0,46,89,NO,0,1,NO,Utah,28,32,60,27,22,0,49,109,YES,0,1,NO,103,95,198,101.65,92.45,194.09,-9,207
1993,12-Nov,07:30PM,Fri,Charlotte,34,21,55,28,27,0,55,110,YES,0,3,NO,Boston,24,35,59,30,18,0,48,107,YES,0,1,YES,114,103,217,112.65,100.45,213.09,-1,224
1993,12-Nov,04:30PM,Fri,Cleveland,20,26,46,29,27,0,56,102,NO,0,1,NO,Golden State,25,22,47,17,29,0,46,93,YES,0,2,NO,93,102,195,91.65,99.45,191.09,4,205
1993,12-Nov,04:30PM,Fri,Denver,31,21,52,32,29,0,61,113,NO,2,0,YES,LAL,27,16,43,18,23,0,41,84,NO,1,1,YES,95,102,197,93.65,99.45,193.09,-4.5,212
1993,12-Nov,07:30PM,Fri,Miami,28,24,52,32,31,0,63,115,YES,0,4,YES,Orlando,35,28,63,21,16,0,37,100,NO,3,0,YES,115,100,215,113.65,97.45,211.09,-8,204
1993,12-Nov,04:30PM,Fri,Atlanta,18,32,50,19,15,0,34,84,NO,1,0,NO,Portland,22,27,49,17,28,0,45,94,NO,1,2,YES,99,79,178,97.65,76.45,174.09,-8,212
1993,12-Nov,04:30PM,Fri,San Antonio,29,24,53,25,13,0,38,91,NO,1,0,NO,Sacramento,18,24,42,27,24,0,51,93,YES,1,1,NO,95,89,184,93.65,86.45,180.09,2,205
1993,12-Nov,07:30PM,Fri,Philadelphia,21,23,44,24,25,0,49,93,YES,1,0,NO,Washington,16,32,48,33,24,0,57,105,NO,4,1,NO,92,106,198,90.65,103.45,194.09,-4.5,189
1993,12-Nov,08:00PM,Fri,New York,25,26,51,21,31,0,52,103,NO,1,0,YES,Indiana,32,18,50,16,18,0,34,84,NO,3,0,YES,101,86,187,99.65,83.45,183.09,4,195
1993,13-Nov,05:00PM,Sat,Golden State,31,28,59,22,25,0,47,106,YES,0,2,YES,Denver,26,23,49,26,23,0,49,98,NO,2,0,YES,108,96,204,106.65,93.45,200.09,,
1993,13-Nov,07:00PM,Sat,Atlanta,23,26,49,23,14,3,37,86,NO,0,2,YES,Seattle,14,25,39,25,22,11,47,86,NO,2,1,NO,88,84,172,86.65,81.45,168.09,,
1993,13-Nov,06:30PM,Sat,Boston,23,27,50,24,24,0,48,98,YES,0,3,YES,Chicago,24,33,57,23,17,0,40,97,YES,2,2,YES,107,88,195,105.65,85.45,191.09,,
1993,13-Nov,06:30PM,Sat,Utah,25,18,43,36,22,0,58,101,YES,0,2,NO,Dallas,28,20,48,30,22,0,52,100,NO,2,0,YES,91,110,201,89.65,107.45,197.09,,
1993,13-Nov,06:30PM,Sat,Phoenix,18,24,42,22,31,0,53,95,YES,2,2,NO,Houston,28,24,52,27,20,0,47,99,YES,1,1,NO,94,100,194,92.65,97.45,190.09,,
1993,13-Nov,04:30PM,Sat,San Antonio,24,30,54,24,12,0,36,90,NO,0,2,NO,LAC,26,24,50,21,21,0,42,92,YES,2,1,NO,104,78,182,102.65,75.45,178.09,,
1993,13-Nov,07:30PM,Sat,Philadelphia,16,30,46,23,29,0,52,98,NO,0,1,YES,New Jersey,34,24,58,27,12,0,39,97,NO,0,1,NO,104,91,195,102.65,88.45,191.09,,
1993,13-Nov,07:30PM,Sat,Milwaukee,16,27,43,16,27,0,43,86,NO,1,2,YES,New York,32,18,50,28,21,0,49,99,YES,2,0,YES,93,92,185,91.65,89.45,181.09,,
1993,14-Nov,04:00PM,Sun,Cleveland,21,26,47,25,28,0,53,100,NO,1,1,NO,LAL,28,23,51,26,30,0,56,107,NO,1,1,NO,98,109,207,96.65,106.45,203.09,,
1993,14-Nov,07:00PM,Sun,Sacramento,32,24,56,23,23,0,46,102,YES,1,1,NO,New Jersey,34,30,64,34,34,0,68,132,NO,1,0,NO,120,114,234,118.65,111.45,230.09,,
1993,14-Nov,04:00PM,Sun,Detroit,27,26,53,28,30,0,58,111,NO,1,2,YES,Portland,33,25,58,29,27,0,56,114,NO,1,1,NO,111,114,225,109.65,111.45,221.09,,
1993,15-Nov,07:30PM,Mon,Houston,19,26,45,16,27,0,43,88,YES,1,0,NO,Philadelphia,20,26,46,27,11,0,38,84,NO,1,1,YES,91,81,172,89.65,78.45,168.09,,
1993,16-Nov,05:00PM,Tue,Chicago,25,24,49,29,16,0,45,94,YES,2,1,NO,Seattle,30,17,47,29,19,0,48,95,NO,2,2,NO,96,93,189,94.65,90.45,185.09,,
1993,16-Nov,05:00PM,Tue,San Antonio,34,21,55,12,19,0,31,86,NO,2,0,YES,Denver,20,19,39,17,18,0,35,74,NO,1,2,NO,94,66,160,92.65,63.45,156.09,,
1993,16-Nov,07:30PM,Tue,Sacramento,30,24,54,21,20,0,41,95,NO,1,0,NO,Atlanta,30,24,54,32,32,0,64,118,YES,0,2,YES,108,105,213,106.65,102.45,209.09,,
1993,16-Nov,06:30PM,Tue,New York,33,22,55,27,21,0,48,103,YES,2,0,NO,Dallas,23,17,40,17,33,0,50,90,YES,1,2,NO,95,98,193,93.65,95.45,189.09,,
1993,16-Nov,04:30PM,Tue,Phoenix,28,31,59,30,27,0,57,116,NO,2,2,YES,Golden State,36,14,50,30,24,0,54,104,NO,1,2,YES,109,111,220,107.65,108.45,216.09,,
1993,16-Nov,07:30PM,Tue,Charlotte,21,17,38,29,35,0,64,102,NO,3,0,YES,Indiana,34,19,53,18,22,0,40,93,NO,1,3,NO,91,104,195,89.65,101.45,191.09,,
1993,16-Nov,04:30PM,Tue,LAC,23,31,54,23,22,15,45,99,YES,2,1,YES,LAL,25,29,54,23,22,17,45,99,YES,1,1,NO,108,90,198,106.65,87.45,194.09,,
1993,16-Nov,06:30PM,Tue,Minnesota,26,23,49,20,33,0,53,102,YES,3,2,YES,Milwaukee,25,25,50,22,26,0,48,98,YES,0,2,YES,99,101,200,97.65,98.45,196.09,,
1993,16-Nov,07:30PM,Tue,Houston,21,26,47,26,17,0,43,90,NO,0,1,NO,New Jersey,27,23,50,21,13,0,34,84,YES,0,1,NO,97,77,174,95.65,74.45,170.09,,
1993,16-Nov,07:30PM,Tue,Utah,18,32,50,20,26,0,46,96,NO,2,0,NO,Orlando,37,19,56,18,40,0,58,114,YES,0,3,NO,106,104,210,104.65,101.45,206.09,,
1993,16-Nov,04:30PM,Tue,Cleveland,22,23,45,35,21,0,56,101,NO,1,1,NO,Portland,22,29,51,24,21,0,45,96,NO,1,1,NO,96,101,197,94.65,98.45,193.09,,
1993,17-Nov,07:30PM,Wed,New Jersey,23,20,43,25,32,0,57,100,YES,0,2,YES,Boston,27,20,47,31,27,0,58,105,NO,1,3,YES,90,115,205,88.65,112.45,201.09,,
1993,17-Nov,07:30PM,Wed,Sacramento,25,25,50,28,35,0,63,113,NO,0,1,NO,Charlotte,27,37,64,32,34,0,66,130,NO,1,0,YES,114,129,243,112.65,126.45,239.09,,
1993,17-Nov,07:30PM,Wed,Orlando,21,22,43,26,23,0,49,92,YES,0,1,NO,Detroit,14,30,44,29,25,0,54,98,NO,1,2,YES,87,103,190,85.65,100.45,186.09,,
1993,17-Nov,07:30PM,Wed,Utah,20,25,45,39,31,0,70,115,NO,0,1,NO,Miami,23,32,55,30,26,0,56,111,NO,1,4,YES,100,126,226,98.65,123.45,222.09,,
1993,17-Nov,07:30PM,Wed,Atlanta,27,25,52,28,12,0,40,92,YES,0,1,NO,Philadelphia,21,21,42,22,26,0,48,90,NO,1,1,NO,94,88,182,92.65,85.45,178.09,,
1993,17-Nov,06:30PM,Wed,New York,29,18,47,25,18,0,43,90,NO,0,2,YES,San Antonio,22,20,42,24,29,0,53,95,YES,1,0,YES,89,96,185,87.65,93.45,181.09,,
1993,17-Nov,07:30PM,Wed,Milwaukee,26,20,46,29,29,0,58,104,YES,0,2,YES,Washington,32,27,59,24,34,0,58,117,YES,1,4,NO,105,116,221,103.65,113.45,217.09,,
1993,18-Nov,05:00PM,Thu,Cleveland,31,22,53,22,18,0,40,93,NO,1,1,NO,Denver,23,27,50,24,26,0,50,100,YES,1,1,NO,103,90,193,101.65,87.45,189.09,,
1993,18-Nov,04:30PM,Thu,LAL,28,15,43,18,15,0,33,76,YES,1,0,YES,Golden State,19,24,43,31,29,0,60,103,NO,1,1,NO,86,93,179,84.65,90.45,175.09,,
1993,18-Nov,07:30PM,Thu,Houston,27,16,43,33,23,0,56,99,NO,1,1,YES,Indiana,18,22,40,29,14,0,43,83,NO,1,1,NO,83,99,182,81.65,96.45,178.09,,
1993,18-Nov,04:30PM,Thu,Dallas,17,22,39,28,17,0,45,84,YES,1,0,NO,LAC,23,22,45,26,17,0,43,88,YES,1,1,YES,84,88,172,82.65,85.45,168.09,,
1993,18-Nov,04:30PM,Thu,Chicago,21,15,36,29,33,0,62,98,NO,1,0,NO,Portland,29,35,64,32,24,0,56,120,YES,0,1,NO,100,118,218,98.65,115.45,214.09,,
1993,19-Nov,06:00PM,Fri,Sacramento,25,23,48,31,29,0,60,108,NO,1,1,YES,Minnesota,31,23,54,32,27,0,59,113,NO,0,2,YES,102,119,221,100.65,116.45,217.09,-5,214
1993,19-Nov,04:00PM,Fri,Portland,27,28,55,25,29,0,54,109,YES,0,1,YES,Phoenix,31,24,55,32,31,0,63,118,NO,0,2,YES,110,117,227,108.65,114.45,223.09,-8,221
1993,19-Nov,07:00PM,Fri,Dallas,27,21,48,13,26,0,39,87,NO,0,1,NO,Seattle,26,28,54,31,31,0,62,116,YES,0,2,NO,102,101,203,100.65,98.45,199.09,-18,201
1993,19-Nov,07:30PM,Fri,Orlando,28,30,58,21,27,0,48,106,NO,1,0,NO,Boston,28,29,57,36,22,0,58,115,YES,0,1,NO,115,106,221,113.65,103.45,217.09,0,208
1993,19-Nov,04:30PM,Fri,Chicago,20,32,52,20,16,0,36,88,NO,0,1,NO,LAL,21,19,40,27,19,0,46,86,YES,1,0,YES,92,82,174,90.65,79.45,170.09,-4,194
1993,19-Nov,07:30PM,Fri,Atlanta,24,18,42,34,19,0,53,95,NO,1,0,YES,Miami,29,25,54,19,19,0,38,92,YES,0,1,NO,96,91,187,94.65,88.45,183.09,-5,202
1993,19-Nov,07:30PM,Fri,Utah,24,25,49,37,29,0,66,115,NO,1,0,NO,Philadelphia,19,37,56,31,37,0,68,124,YES,1,1,NO,105,134,239,103.65,131.45,235.09,5,189
1993,19-Nov,08:00PM,Fri,Washington,30,36,66,21,24,0,45,111,YES,1,0,YES,Charlotte,37,32,69,27,31,0,58,127,YES,0,1,NO,135,103,238,133.65,100.45,234.09,-12.5,222
1993,19-Nov,08:00PM,Fri,San Antonio,22,17,39,26,21,0,47,86,YES,1,0,NO,Detroit,18,25,43,22,30,0,52,95,NO,1,1,NO,82,99,181,80.65,96.45,177.09,2.5,189
1993,20-Nov,06:00PM,Sat,Denver,24,24,48,24,18,0,42,90,YES,1,2,NO,Minnesota,18,30,48,23,18,0,41,89,NO,3,0,NO,96,83,179,94.65,80.45,175.09,,
1993,20-Nov,04:00PM,Sat,Cleveland,25,29,54,18,24,0,42,96,NO,1,3,YES,Phoenix,26,34,60,23,29,0,52,112,NO,3,0,NO,114,94,208,112.65,91.45,204.09,,
1993,20-Nov,07:30PM,Sat,Charlotte,33,20,53,18,20,0,38,91,YES,0,2,NO,Atlanta,32,27,59,17,20,0,37,96,NO,2,0,YES,112,75,187,110.65,72.45,183.09,,
1993,20-Nov,04:30PM,Sat,Seattle,33,27,60,26,26,0,52,112,YES,0,3,NO,Golden State,23,27,50,22,25,0,47,97,YES,2,1,NO,110,99,209,108.65,96.45,205.09,,
1993,20-Nov,06:30PM,Sat,LAC,16,20,36,30,20,0,50,86,YES,1,1,NO,Houston,32,28,60,17,31,0,48,108,NO,2,1,YES,96,98,194,94.65,95.45,190.09,,
1993,20-Nov,07:30PM,Sat,Boston,25,17,42,26,26,0,52,94,YES,0,1,YES,Indiana,19,31,50,25,25,0,50,100,YES,1,1,NO,92,102,194,90.65,99.45,190.09,,
1993,20-Nov,07:30PM,Sat,Orlando,16,23,39,29,19,0,48,87,NO,0,2,YES,New Jersey,18,27,45,24,16,0,40,85,NO,0,2,YES,84,88,172,82.65,85.45,168.09,,
1993,20-Nov,07:30PM,Sat,Miami,24,29,53,26,23,0,49,102,YES,0,1,NO,Washington,29,30,59,18,27,0,45,104,NO,2,0,YES,112,94,206,110.65,91.45,202.09,,
1993,20-Nov,07:00PM,Sat,San Antonio,26,24,50,28,23,0,51,101,NO,0,1,YES,Milwaukee,28,24,52,22,23,0,45,97,NO,3,2,YES,102,96,198,100.65,93.45,194.09,,
1993,20-Nov,08:30PM,Sat,Utah,16,22,38,16,32,0,48,86,NO,0,3,YES,New York,18,18,36,22,14,0,36,72,NO,1,2,YES,74,84,158,72.65,81.45,154.09,,
1993,21-Nov,03:00PM,Sun,Chicago,27,31,58,21,22,0,43,101,NO,1,1,NO,Sacramento,21,36,57,25,21,0,46,103,NO,2,1,YES,115,89,204,113.65,86.45,200.09,,
1993,21-Nov,07:00PM,Sun,Philadelphia,27,12,39,26,24,0,50,89,YES,1,2,NO,Detroit,32,18,50,27,26,0,53,103,NO,2,1,NO,89,103,192,87.65,100.45,188.09,,
1993,21-Nov,07:00PM,Sun,LAL,29,26,55,29,18,0,47,102,YES,1,1,NO,New Jersey,29,22,51,26,28,0,54,105,YES,2,0,NO,106,101,207,104.65,98.45,203.09,,
1993,21-Nov,04:30PM,Sun,Dallas,21,26,47,22,21,0,43,90,NO,1,1,YES,Portland,28,23,51,24,28,0,52,103,NO,1,1,YES,98,95,193,96.65,92.45,189.09,,
1993,22-Nov,07:30PM,Mon,Indiana,23,32,55,27,20,0,47,102,YES,1,1,YES,Boston,13,23,36,27,8,0,35,71,YES,1,1,YES,91,82,173,89.65,79.45,169.09,,
1993,22-Nov,07:30PM,Mon,Miami,19,20,39,29,19,0,48,87,NO,1,1,YES,New York,35,29,64,24,31,0,55,119,NO,4,1,NO,103,103,206,101.65,100.45,202.09,,
1993,22-Nov,06:30PM,Mon,LAC,17,23,40,35,23,0,58,98,NO,1,0,NO,San Antonio,27,33,60,27,23,0,50,110,NO,1,1,YES,100,108,208,98.65,105.45,204.09,,
1993,23-Nov,07:30PM,Tue,LAL,30,21,51,24,19,0,43,94,NO,1,0,NO,Atlanta,33,25,58,25,20,0,45,103,YES,0,2,NO,109,88,197,107.65,85.45,193.09,,
1993,23-Nov,06:30PM,Tue,LAC,24,22,46,24,35,0,59,105,NO,0,3,YES,Dallas,19,31,50,20,28,0,48,98,NO,2,1,YES,96,107,203,94.65,104.45,199.09,,
1993,23-Nov,06:30PM,Tue,Chicago,16,24,40,32,21,0,53,93,NO,1,0,NO,Houston,31,20,51,32,17,0,49,100,YES,0,2,NO,91,102,193,89.65,99.45,189.09,,
1993,23-Nov,04:30PM,Tue,Denver,28,22,50,20,24,0,44,94,NO,2,0,NO,Portland,20,30,50,24,35,0,59,109,YES,2,1,NO,100,103,203,98.65,100.45,199.09,,
1993,23-Nov,07:30PM,Tue,Charlotte,26,26,52,26,20,0,46,98,NO,2,0,YES,Washington,35,23,58,32,28,0,60,118,YES,0,2,NO,110,106,216,108.65,103.45,212.09,,
1993,23-Nov,08:00PM,Tue,Golden State,32,23,55,25,27,0,52,107,YES,2,0,NO,Orlando,24,30,54,30,36,0,66,120,YES,3,2,YES,109,118,227,107.65,115.45,223.09,,
1993,24-Nov,06:00PM,Wed,New Jersey,35,23,58,28,20,0,48,106,YES,2,1,NO,Minnesota,28,28,56,28,23,0,51,107,NO,1,3,NO,114,99,213,112.65,96.45,209.09,,
1993,24-Nov,04:00PM,Wed,Denver,23,21,44,23,30,0,53,97,NO,0,1,YES,Phoenix,37,28,65,30,35,0,65,130,NO,2,3,NO,109,118,227,107.65,115.45,223.09,,
1993,24-Nov,05:00PM,Wed,Houston,19,25,44,26,16,9,42,86,YES,0,1,NO,Utah,19,25,44,19,23,7,42,86,NO,1,3,YES,88,84,172,86.65,81.45,168.09,,
1993,24-Nov,07:30PM,Wed,LAL,23,31,54,28,42,0,70,124,NO,0,1,NO,Charlotte,43,29,72,33,36,0,69,141,NO,1,0,YES,126,139,265,124.65,136.45,261.09,,
1993,24-Nov,07:30PM,Wed,Washington,28,19,47,27,33,0,60,107,YES,0,1,NO,Cleveland,27,26,53,31,29,0,60,113,NO,2,3,YES,100,120,220,98.65,117.45,216.09,,
1993,24-Nov,07:30PM,Wed,Boston,30,26,56,31,31,0,62,118,YES,1,1,YES,Detroit,30,21,51,28,24,0,52,103,YES,2,2,NO,107,114,221,105.65,111.45,217.09,,
1993,24-Nov,07:30PM,Wed,Philadelphia,28,30,58,21,29,0,50,108,NO,2,1,YES,Indiana,39,20,59,18,20,0,38,97,NO,1,1,YES,117,88,205,115.65,85.45,201.09,,
1993,24-Nov,07:30PM,Wed,Golden State,21,20,41,32,35,0,67,108,NO,0,1,NO,Miami,20,34,54,24,24,0,48,102,YES,1,1,YES,95,115,210,93.65,112.45,206.09,,
1993,24-Nov,06:30PM,Wed,Atlanta,26,23,49,20,20,0,40,89,YES,0,1,YES,Milwaukee,12,27,39,18,28,0,46,85,YES,1,3,NO,88,86,174,86.65,83.45,170.09,,
1993,24-Nov,04:30PM,Wed,Seattle,27,25,52,28,40,0,68,120,NO,3,1,NO,Sacramento,17,22,39,23,31,0,54,93,NO,1,2,NO,91,122,213,89.65,119.45,209.09,,
1993,24-Nov,06:30PM,Wed,Chicago,25,24,49,14,21,0,35,84,NO,0,1,NO,San Antonio,31,23,54,31,24,0,55,109,NO,2,1,NO,103,90,193,101.65,87.45,189.09,,
1993,26-Nov,05:00PM,Fri,Portland,18,25,43,32,26,0,58,101,YES,2,1,YES,Denver,34,23,57,24,31,0,55,112,NO,0,1,YES,100,113,213,98.65,110.45,209.09,0,202
1993,26-Nov,06:00PM,Fri,Seattle,30,29,59,22,29,0,51,110,NO,1,0,NO,Minnesota,26,14,40,25,27,0,52,92,NO,0,1,NO,99,103,202,97.65,100.45,198.09,7.5,209
1993,26-Nov,05:00PM,Fri,New Jersey,26,23,49,23,25,0,48,97,NO,1,0,NO,Utah,33,16,49,28,23,0,51,100,YES,0,1,NO,98,99,197,96.65,96.45,193.09,-8,195
1993,26-Nov,07:30PM,Fri,Washington,33,19,52,24,32,0,56,108,NO,1,0,YES,Atlanta,25,29,54,42,28,0,70,124,NO,0,1,YES,106,126,232,104.65,123.45,228.09,-8.5,199
1993,26-Nov,07:30PM,Fri,Miami,32,21,53,21,27,0,48,101,YES,1,0,YES,Boston,23,31,54,19,20,0,39,93,YES,0,1,YES,107,87,194,105.65,84.45,190.09,-4.5,208
1993,26-Nov,07:30PM,Fri,Milwaukee,20,17,37,33,29,0,62,99,YES,1,0,YES,Charlotte,29,26,55,33,22,0,55,110,YES,0,1,NO,92,117,209,90.65,114.45,205.09,-12.5,224
1993,26-Nov,06:30PM,Fri,Chicago,29,29,58,24,26,0,50,108,NO,1,3,YES,Dallas,19,17,36,20,29,0,49,85,YES,0,2,NO,94,99,193,92.65,96.45,189.09,-3.5,188
1993,26-Nov,07:30PM,Fri,LAL,28,29,57,24,21,0,45,102,NO,1,0,NO,Indiana,32,22,54,17,29,0,46,100,YES,2,1,NO,111,91,202,109.65,88.45,198.09,-7,205
1993,26-Nov,07:30PM,Fri,Golden State,30,23,53,21,26,0,47,100,NO,1,1,NO,Philadelphia,22,27,49,23,16,0,39,88,YES,0,1,YES,102,86,188,100.65,83.45,184.09,2.5,202
1993,26-Nov,04:30PM,Fri,Houston,21,27,48,22,22,0,44,92,NO,1,0,NO,Sacramento,18,27,45,16,28,0,44,89,YES,1,1,NO,93,88,181,91.65,85.45,177.09,4.5,199
1993,27-Nov,01:00PM,Sat,Detroit,22,21,43,21,21,0,42,85,YES,2,0,YES,New York,28,25,53,33,26,0,59,112,NO,4,4,NO,96,101,197,94.65,98.45,193.09,,
1993,27-Nov,05:00PM,Sat,New Jersey,19,19,38,23,28,0,51,89,NO,0,1,NO,Denver,38,23,61,30,20,0,50,111,YES,2,0,NO,99,101,200,97.65,98.45,196.09,,
1993,27-Nov,06:00PM,Sat,LAL,26,21,47,26,23,0,49,96,NO,0,3,YES,Minnesota,24,18,42,21,29,0,50,92,YES,3,0,NO,89,99,188,87.65,96.45,184.09,,
1993,27-Nov,04:00PM,Sat,Utah,18,20,38,28,32,0,60,98,YES,0,2,YES,Phoenix,23,33,56,42,22,0,64,120,YES,2,2,NO,94,124,218,92.65,121.45,214.09,,
1993,27-Nov,07:30PM,Sat,Philadelphia,22,18,40,24,15,0,39,79,YES,0,2,YES,Atlanta,32,28,60,25,26,0,51,111,NO,2,0,NO,100,90,190,98.65,87.45,186.09,,
1993,27-Nov,07:30PM,Sat,Seattle,22,18,40,29,21,0,50,90,NO,0,2,NO,Cleveland,26,33,59,17,25,0,42,101,NO,2,2,NO,99,92,191,97.65,89.45,187.09,,
1993,27-Nov,04:30PM,Sat,Houston,30,18,48,16,18,0,34,82,NO,0,2,YES,LAC,10,25,35,24,21,0,45,80,NO,1,3,YES,83,79,162,81.65,76.45,158.09,,
1993,27-Nov,07:30PM,Sat,Charlotte,29,18,47,24,29,0,53,100,YES,0,3,YES,Miami,19,27,46,38,30,0,68,114,NO,2,0,YES,93,121,214,91.65,118.45,210.09,,
1993,27-Nov,06:30PM,Sat,Dallas,15,22,37,19,24,0,43,80,YES,0,2,NO,San Antonio,29,28,57,26,21,0,47,104,NO,1,2,NO,94,90,184,92.65,87.45,180.09,,
1993,27-Nov,07:30PM,Sat,Orlando,27,23,50,30,30,0,60,110,YES,3,3,YES,Washington,29,25,54,28,30,0,58,112,YES,3,0,YES,104,118,222,102.65,115.45,218.09,,
1993,27-Nov,07:00PM,Sat,Boston,23,22,45,26,14,0,40,85,YES,0,2,NO,Milwaukee,24,17,41,19,29,0,48,89,YES,1,0,YES,86,88,174,84.65,85.45,170.09,,
1993,28-Nov,07:00PM,Sun,Golden State,24,23,47,24,20,0,44,91,NO,1,1,YES,Detroit,22,29,51,18,19,0,37,88,YES,1,0,YES,98,81,179,96.65,78.45,175.09,,
1993,28-Nov,04:30PM,Sun,Sacramento,34,19,53,31,25,0,56,109,YES,1,0,YES,Portland,29,29,58,31,31,0,62,120,YES,1,1,YES,111,118,229,109.65,115.45,225.09,,
1993,29-Nov,04:30PM,Mon,New Jersey,19,33,52,24,18,0,42,94,NO,1,1,YES,LAC,36,25,61,27,30,0,57,118,NO,1,1,NO,113,99,212,111.65,96.45,208.09,,
1993,29-Nov,04:30PM,Mon,Indiana,27,19,46,31,28,0,59,105,YES,2,1,NO,Sacramento,35,33,68,20,15,0,35,103,NO,1,0,YES,114,94,208,112.65,91.45,204.09,,
1993,29-Nov,06:30PM,Mon,Milwaukee,20,27,47,29,19,0,48,95,YES,1,0,NO,San Antonio,28,30,58,21,23,0,44,102,YES,1,1,NO,105,92,197,103.65,89.45,193.09,,
1993,30-Nov,06:00PM,Tue,Phoenix,27,23,50,30,33,0,63,113,YES,2,1,NO,Chicago,30,38,68,30,34,0,64,132,YES,2,3,YES,118,127,245,116.65,124.45,241.09,,
1993,30-Nov,05:00PM,Tue,Denver,26,23,49,17,26,0,43,92,YES,2,2,YES,Utah,28,26,54,27,22,0,49,103,NO,1,2,YES,103,92,195,101.65,89.45,191.09,,
1993,30-Nov,07:30PM,Tue,Boston,29,27,56,19,39,0,58,114,NO,2,0,YES,Atlanta,35,27,62,30,30,0,60,122,NO,2,2,NO,118,118,236,116.65,115.45,232.09,,
1993,30-Nov,07:30PM,Tue,Detroit,19,17,36,23,15,0,38,74,YES,1,1,YES,Cleveland,26,19,45,29,18,0,47,92,YES,0,2,NO,81,85,166,79.65,82.45,162.09,,
1993,30-Nov,04:30PM,Tue,Dallas,23,25,48,24,19,0,43,91,NO,2,0,NO,Golden State,27,28,55,28,20,0,48,103,NO,1,1,YES,103,91,194,101.65,88.45,190.09,,
1993,30-Nov,06:30PM,Tue,Milwaukee,25,24,49,20,22,0,42,91,NO,0,2,NO,Houston,24,25,49,27,26,0,53,102,YES,1,2,YES,98,95,193,96.65,92.45,189.09,,
1993,30-Nov,07:30PM,Tue,Portland,33,28,61,30,32,0,62,123,YES,1,0,NO,Miami,26,31,57,22,30,0,52,109,NO,2,2,NO,118,114,232,116.65,111.45,228.09,,
1993,30-Nov,07:30PM,Tue,Seattle,24,20,44,24,24,0,48,92,NO,2,1,NO,Philadelphia,36,14,50,16,14,0,30,80,NO,3,2,YES,94,78,172,92.65,75.45,168.09,,
1993,1-Dec,07:30PM,Wed,Washington,20,32,52,38,23,0,61,113,YES,3,0,YES,Boston,38,29,67,19,34,0,53,120,NO,1,0,YES,119,114,233,117.65,111.45,229.09,,
1993,1-Dec,07:30PM,Wed,San Antonio,24,26,50,19,23,0,42,92,YES,1,1,NO,Charlotte,16,20,36,27,25,0,52,88,YES,1,3,YES,86,94,180,84.65,91.45,176.09,,
1993,1-Dec,04:30PM,Wed,Indiana,21,37,58,25,37,0,62,120,NO,1,0,NO,LAC,28,24,52,29,19,0,48,100,NO,2,1,NO,110,110,220,108.65,107.45,216.09,,
1993,1-Dec,04:30PM,Wed,Dallas,23,21,44,15,32,0,47,91,NO,0,1,YES,LAL,35,25,60,27,37,0,64,124,YES,2,3,YES,104,111,215,102.65,108.45,211.09,,
1993,1-Dec,07:30PM,Wed,Cleveland,28,25,53,17,12,0,29,82,YES,0,2,YES,New Jersey,21,20,41,20,36,0,56,97,NO,1,1,YES,94,85,179,92.65,82.45,175.09,,
1993,1-Dec,07:30PM,Wed,Portland,31,18,49,25,32,0,57,106,NO,0,1,NO,Orlando,36,23,59,32,23,0,55,114,NO,1,3,YES,108,112,220,106.65,109.45,216.09,,
1993,1-Dec,04:30PM,Wed,Minnesota,24,29,53,26,32,0,58,111,YES,3,0,NO,Sacramento,17,31,48,27,26,0,53,101,YES,2,1,NO,101,111,212,99.65,108.45,208.09,,
1993,2-Dec,05:00PM,Thu,Indiana,25,23,48,18,21,0,39,87,NO,0,1,NO,Utah,32,18,50,25,28,0,53,103,NO,1,1,NO,98,92,190,96.65,89.45,186.09,,
1993,2-Dec,07:30PM,Thu,Phoenix,21,31,52,28,22,0,50,102,NO,1,0,NO,Detroit,31,24,55,20,26,0,46,101,YES,4,1,YES,107,96,203,105.65,93.45,199.09,,
1993,2-Dec,04:30PM,Thu,Minnesota,29,24,53,21,29,0,50,103,NO,0,1,NO,Golden State,22,24,46,25,20,0,45,91,NO,1,1,NO,99,95,194,97.65,92.45,190.09,,
1993,2-Dec,07:30PM,Thu,Houston,28,23,51,29,14,0,43,94,YES,1,0,NO,New York,28,13,41,20,24,0,44,85,NO,1,4,NO,92,87,179,90.65,84.45,175.09,,
1993,2-Dec,07:30PM,Thu,Seattle,25,28,53,25,27,0,52,105,NO,1,1,YES,Washington,18,21,39,26,30,0,56,95,NO,1,0,YES,92,108,200,90.65,105.45,196.09,,
1993,3-Dec,07:30PM,Fri,Houston,27,19,46,25,40,0,65,111,NO,0,1,NO,Atlanta,36,30,66,30,37,0,67,133,YES,4,2,NO,112,132,244,110.65,129.45,240.09,-2.5,186
1993,3-Dec,07:30PM,Fri,Portland,28,19,47,28,33,0,61,108,NO,1,0,NO,Boston,38,22,60,24,30,0,54,114,YES,3,1,NO,107,115,222,105.65,112.45,218.09,0,0
1993,3-Dec,06:30PM,Fri,Milwaukee,38,23,61,27,19,0,46,107,NO,2,1,YES,Dallas,26,30,56,31,19,0,50,106,YES,1,1,YES,117,96,213,115.65,93.45,209.09,4,192
1993,3-Dec,07:30PM,Fri,Chicago,29,28,57,22,25,0,47,104,YES,2,3,YES,Miami,22,30,52,15,32,0,47,99,YES,3,2,NO,109,94,203,107.65,91.45,199.09,-5,205
1993,3-Dec,07:30PM,Fri,Phoenix,34,18,52,25,27,0,52,104,NO,0,1,NO,New Jersey,28,23,51,23,29,0,52,103,NO,3,1,NO,103,104,207,101.65,101.45,203.09,3.5,206
1993,3-Dec,08:00PM,Fri,San Antonio,30,22,52,20,22,0,42,94,NO,1,0,NO,Orlando,23,18,41,21,22,0,43,84,YES,0,1,NO,93,85,178,91.65,82.45,174.09,-5,194
1993,3-Dec,06:30PM,Fri,Charlotte,25,21,46,25,23,0,48,94,YES,1,0,NO,Denver,21,34,55,22,25,0,47,102,NO,1,2,YES,101,95,196,99.65,92.45,192.09,1,214
1993,4-Dec,01:00PM,Sat,Sacramento,28,23,51,26,24,0,50,101,YES,2,2,NO,New York,32,33,65,30,28,0,58,123,YES,1,1,NO,116,108,224,114.65,105.45,220.09,,
1993,4-Dec,07:00PM,Sat,Minnesota,21,19,40,17,25,0,42,82,NO,1,0,NO,Seattle,28,14,42,23,34,0,57,99,NO,1,1,YES,82,99,181,80.65,96.45,177.09,,
1993,4-Dec,05:00PM,Sat,Charlotte,17,40,57,27,24,0,51,108,NO,0,2,NO,Utah,41,26,67,29,26,0,55,122,NO,1,1,NO,124,106,230,122.65,103.45,226.09,,
1993,4-Dec,07:30PM,Sat,Orlando,15,17,32,26,29,0,55,87,YES,0,2,YES,Cleveland,23,23,46,16,21,0,37,83,NO,0,2,YES,78,92,170,76.65,89.45,166.09,,
1993,4-Dec,04:30PM,Sat,Indiana,33,16,49,23,20,0,43,92,NO,1,2,YES,Golden State,21,30,51,25,23,0,48,99,NO,2,1,NO,100,91,191,98.65,88.45,187.09,,
1993,4-Dec,04:30PM,Sat,LAL,26,30,56,24,29,0,53,109,YES,2,0,YES,LAC,31,28,59,20,23,0,43,102,YES,2,2,NO,115,96,211,113.65,93.45,207.09,,
1993,4-Dec,07:30PM,Sat,San Antonio,22,26,48,24,18,0,42,90,NO,0,3,YES,Philadelphia,30,17,47,19,16,0,35,82,NO,3,3,NO,95,77,172,93.65,74.45,168.09,,
1993,4-Dec,07:30PM,Sat,Portland,27,35,62,34,22,0,56,118,NO,0,2,NO,Washington,25,26,51,23,31,0,54,105,YES,1,1,NO,113,110,223,111.65,107.45,219.09,,
1993,5-Dec,07:00PM,Sun,Houston,20,20,40,27,32,0,59,99,NO,1,1,YES,Cleveland,25,18,43,32,23,0,55,98,NO,1,0,NO,83,114,197,81.65,111.45,193.09,,
1993,5-Dec,05:00PM,Sun,Dallas,25,28,53,24,33,0,57,110,YES,1,1,YES,Denver,27,31,58,21,36,0,57,115,YES,1,1,NO,111,114,225,109.65,111.45,221.09,,
1993,5-Dec,04:00PM,Sun,Minnesota,26,26,52,26,23,0,49,101,NO,0,2,YES,LAL,31,26,57,19,23,0,42,99,NO,1,0,YES,109,91,200,107.65,88.45,196.09,,
1993,5-Dec,06:30PM,Sun,Phoenix,33,24,57,29,31,0,60,117,NO,1,3,YES,Milwaukee,30,22,52,24,22,0,46,98,NO,2,1,YES,109,106,215,107.65,103.45,211.09,,
1993,6-Dec,07:00PM,Mon,Washington,20,16,36,34,26,0,60,96,YES,1,1,NO,Seattle,26,25,51,22,30,0,52,103,YES,1,1,NO,87,112,199,85.65,109.45,195.09,,
1993,6-Dec,05:00PM,Mon,New York,29,30,59,12,25,0,37,96,YES,1,0,NO,Utah,25,24,49,30,24,0,54,103,NO,1,1,NO,108,91,199,106.65,88.45,195.09,,
1993,7-Dec,06:30PM,Tue,LAC,23,39,62,23,26,0,49,111,YES,2,0,NO,Chicago,32,27,59,21,35,0,56,115,YES,0,3,YES,121,105,226,119.65,102.45,222.09,,
1993,7-Dec,07:30PM,Tue,Portland,22,23,45,26,29,0,55,100,NO,2,0,NO,Cleveland,24,28,52,27,30,0,57,109,YES,1,1,NO,97,112,209,95.65,109.45,205.09,,
1993,7-Dec,06:30PM,Tue,Miami,32,24,56,26,24,0,50,106,YES,3,1,NO,Dallas,22,39,61,17,23,0,40,101,NO,1,1,YES,117,90,207,115.65,87.45,203.09,,
1993,7-Dec,04:30PM,Tue,Denver,15,27,42,22,26,0,48,90,YES,1,2,YES,Golden State,26,28,54,24,17,0,41,95,NO,1,2,NO,96,89,185,94.65,86.45,181.09,,
1993,7-Dec,06:30PM,Tue,Charlotte,27,23,50,24,28,0,52,102,NO,2,1,YES,Houston,24,28,52,35,34,0,69,121,NO,1,1,YES,102,121,223,100.65,118.45,219.09,,
1993,7-Dec,07:30PM,Tue,Sacramento,22,32,54,20,13,0,33,87,NO,2,0,NO,Indiana,30,21,51,26,28,0,54,105,NO,1,2,YES,105,87,192,103.65,84.45,188.09,,
1993,7-Dec,04:30PM,Tue,New York,25,24,49,10,33,0,43,92,NO,0,1,NO,LAL,18,13,31,23,24,0,47,78,YES,2,1,NO,80,90,170,78.65,87.45,166.09,,
1993,7-Dec,07:30PM,Tue,Detroit,27,23,50,33,6,0,39,89,YES,4,0,YES,Orlando,26,19,45,21,25,0,46,91,YES,1,2,YES,95,85,180,93.65,82.45,176.09,,
1993,7-Dec,08:00PM,Tue,Boston,22,19,41,25,24,0,49,90,YES,3,0,YES,New Jersey,31,32,63,26,28,0,54,117,NO,2,3,NO,104,103,207,102.65,100.45,203.09,,
1993,8-Dec,06:00PM,Wed,Portland,28,27,55,25,34,0,59,114,NO,0,1,YES,Minnesota,30,29,59,23,29,0,52,111,NO,1,2,YES,114,111,225,112.65,108.45,221.09,,
1993,8-Dec,05:00PM,Wed,Washington,28,24,52,20,19,0,39,91,NO,1,0,NO,Utah,38,19,57,18,38,0,56,113,YES,1,1,NO,109,95,204,107.65,92.45,200.09,,
1993,8-Dec,07:30PM,Wed,Sacramento,29,24,53,25,37,0,62,115,NO,0,1,NO,Boston,30,29,59,33,37,0,70,129,YES,1,0,YES,112,132,244,110.65,129.45,240.09,,
1993,8-Dec,07:30PM,Wed,Atlanta,24,26,50,24,31,0,55,105,YES,4,0,YES,Detroit,22,17,39,26,32,0,58,97,NO,1,0,YES,89,113,202,87.65,110.45,198.09,,
1993,8-Dec,06:30PM,Wed,LAC,23,27,50,23,27,0,50,100,NO,0,1,NO,Milwaukee,25,22,47,24,26,0,50,97,YES,1,2,NO,97,100,197,95.65,97.45,193.09,,
1993,8-Dec,07:30PM,Wed,Chicago,28,16,44,15,25,4,40,84,YES,0,1,NO,Philadelphia,25,23,48,20,16,11,36,84,NO,1,3,NO,92,76,168,90.65,73.45,164.09,,
1993,8-Dec,06:30PM,Wed,Seattle,24,26,50,29,22,8,51,101,YES,1,0,NO,San Antonio,22,25,47,28,26,6,54,101,YES,0,3,YES,97,105,202,95.65,102.45,198.09,,
1993,9-Dec,04:00PM,Thu,Washington,15,28,43,30,22,0,52,95,NO,0,1,YES,Phoenix,36,34,70,25,19,0,44,114,YES,1,3,YES,113,96,209,111.65,93.45,205.09,,
1993,9-Dec,07:30PM,Thu,San Antonio,19,29,48,25,22,0,47,95,YES,0,1,YES,Atlanta,28,29,57,17,31,0,48,105,YES,1,0,YES,105,95,200,103.65,92.45,196.09,,
1993,9-Dec,07:30PM,Thu,Cleveland,29,21,50,25,18,0,43,93,YES,1,1,NO,Charlotte,27,30,57,20,18,0,38,95,NO,1,1,YES,107,81,188,105.65,78.45,184.09,,
1993,9-Dec,06:30PM,Thu,Seattle,24,37,61,34,30,0,64,125,NO,0,1,NO,Dallas,27,18,45,26,22,0,48,93,NO,1,1,NO,106,112,218,104.65,109.45,214.09,,
1993,9-Dec,04:30PM,Thu,New York,28,27,55,16,23,0,39,94,NO,1,1,YES,Golden State,26,24,50,16,15,0,31,81,NO,1,1,NO,105,70,175,103.65,67.45,171.09,,
1993,9-Dec,06:30PM,Thu,Miami,29,19,48,27,26,8,53,101,NO,1,1,YES,Houston,33,23,56,18,27,14,45,101,NO,1,1,NO,104,98,202,102.65,95.45,198.09,,
1993,9-Dec,07:30PM,Thu,Orlando,31,17,48,26,31,0,57,105,YES,1,0,YES,Indiana,26,25,51,31,29,0,60,111,YES,1,1,NO,99,117,216,97.65,114.45,212.09,,
1993,10-Dec,05:00PM,Fri,Utah,19,23,42,30,26,0,56,98,YES,1,0,NO,Denver,23,24,47,28,32,0,60,107,YES,0,2,YES,89,116,205,87.65,113.45,201.09,-2,200
1993,10-Dec,06:00PM,Fri,LAC,31,21,52,28,28,0,56,108,NO,1,1,NO,Minnesota,31,32,63,16,30,0,46,109,NO,0,1,NO,115,102,217,113.65,99.45,213.09,-3,0
1993,10-Dec,07:30PM,Fri,Chicago,27,28,55,29,25,0,54,109,NO,1,0,YES,New Jersey,22,25,47,28,30,0,58,105,YES,0,2,NO,102,112,214,100.65,109.45,210.09,-4,197
1993,10-Dec,07:30PM,Fri,Boston,24,26,50,26,26,0,52,102,YES,1,0,NO,Orlando,21,29,50,33,34,0,67,117,YES,1,0,YES,100,119,219,98.65,116.45,215.09,-8,213
1993,10-Dec,07:30PM,Fri,Sacramento,22,25,47,26,36,0,62,109,NO,1,1,YES,Philadelphia,26,32,58,27,18,0,45,103,YES,0,1,NO,105,107,212,103.65,104.45,208.09,-4.5,205
1993,10-Dec,04:30PM,Fri,LAL,26,20,46,29,24,0,53,99,YES,2,1,YES,Portland,27,33,60,23,34,0,57,117,NO,1,1,YES,106,110,216,104.65,107.45,212.09,-10.5,0
1993,10-Dec,08:00PM,Fri,Milwaukee,31,14,45,18,27,0,45,90,YES,1,0,YES,Detroit,22,29,51,23,14,0,37,88,YES,0,1,NO,96,82,178,94.65,79.45,174.09,-5,196
1993,11-Dec,06:00PM,Sat,Detroit,24,24,48,19,25,0,44,92,YES,0,2,YES,Minnesota,17,21,38,22,20,0,42,80,YES,2,0,NO,86,86,172,84.65,83.45,168.09,,
1993,11-Dec,07:30PM,Sat,New Jersey,21,26,47,29,23,0,52,99,YES,0,1,YES,Charlotte,31,27,58,26,21,0,47,105,NO,2,1,NO,105,99,204,103.65,96.45,200.09,,
1993,11-Dec,06:30PM,Sat,Cleveland,18,23,41,20,23,0,43,84,NO,1,2,YES,Chicago,26,21,47,17,29,0,46,93,YES,3,0,YES,88,89,177,86.65,86.45,173.09,,
1993,11-Dec,06:30PM,Sat,Phoenix,27,32,59,32,23,0,55,114,YES,1,1,YES,Dallas,28,12,40,36,27,0,63,103,NO,2,1,NO,99,118,217,97.65,115.45,213.09,,
1993,11-Dec,04:30PM,Sat,Utah,31,24,55,17,30,10,47,102,NO,0,1,YES,Golden State,22,24,46,29,27,13,56,102,YES,0,1,NO,101,103,204,99.65,100.45,200.09,,
1993,11-Dec,06:30PM,Sat,Seattle,18,14,32,24,19,0,43,75,NO,1,2,YES,Houston,24,19,43,24,15,0,39,82,YES,2,1,NO,75,82,157,73.65,79.45,153.09,,
1993,11-Dec,07:30PM,Sat,Boston,21,23,44,19,17,0,36,80,NO,0,1,YES,Miami,30,30,60,21,30,0,51,111,YES,1,1,YES,104,87,191,102.65,84.45,187.09,,
1993,11-Dec,07:30PM,Sat,Indiana,13,31,44,22,25,0,47,91,YES,1,2,YES,New York,22,27,49,23,26,0,49,98,NO,2,1,YES,93,96,189,91.65,93.45,185.09,,
1993,11-Dec,06:30PM,Sat,Denver,29,27,56,22,22,0,44,100,YES,0,2,NO,San Antonio,39,26,65,18,22,0,40,105,YES,1,1,YES,121,84,205,119.65,81.45,201.09,,
1993,11-Dec,07:30PM,Sat,Atlanta,30,37,67,26,23,0,49,116,YES,1,2,NO,Washington,35,23,58,27,23,0,50,108,YES,2,1,YES,125,99,224,123.65,96.45,220.09,,
1993,11-Dec,07:00PM,Sat,Philadelphia,24,30,54,26,19,0,45,99,YES,0,1,NO,Milwaukee,20,21,41,22,23,0,45,86,YES,1,0,YES,95,90,185,93.65,87.45,181.09,,
1993,12-Dec,02:00PM,Sun,Orlando,22,24,46,32,25,0,57,103,YES,1,1,NO,Portland,16,26,42,17,29,0,46,88,YES,1,1,NO,88,103,191,86.65,100.45,187.09,,
1993,12-Dec,03:00PM,Sun,LAC,33,28,61,26,25,0,51,112,NO,1,2,YES,Sacramento,27,31,58,20,24,0,44,102,NO,2,1,YES,119,95,214,117.65,92.45,210.09,,
1993,12-Dec,04:00PM,Sun,Golden State,26,30,56,16,28,0,44,100,YES,0,2,NO,LAL,29,29,58,17,22,0,39,97,YES,1,1,YES,114,83,197,112.65,80.45,193.09,,
1993,13-Dec,04:00PM,Mon,Milwaukee,24,28,52,30,22,0,52,104,YES,1,1,NO,Phoenix,26,28,54,23,35,0,58,112,NO,1,1,YES,106,110,216,104.65,107.45,212.09,,
1993,13-Dec,05:00PM,Mon,San Antonio,20,31,51,22,14,0,36,87,YES,1,1,YES,Utah,29,21,50,28,24,0,52,102,YES,1,1,YES,101,88,189,99.65,85.45,185.09,,
1993,13-Dec,07:30PM,Mon,Philadelphia,14,34,48,15,44,0,59,107,NO,1,1,YES,Boston,27,24,51,22,39,0,61,112,NO,1,1,YES,99,120,219,97.65,117.45,215.09,,
1993,13-Dec,07:30PM,Mon,Miami,26,16,42,28,15,20,43,85,YES,1,0,YES,New Jersey,27,26,53,13,19,25,32,85,NO,2,1,YES,95,75,170,93.65,72.45,166.09,,
1993,14-Dec,06:00PM,Tue,Portland,25,19,44,18,25,13,43,87,YES,1,0,NO,Dallas,14,22,36,26,25,6,51,87,NO,1,2,NO,80,94,174,78.65,91.45,170.09,,
1993,14-Dec,07:00PM,Tue,Orlando,19,26,45,25,30,0,55,100,NO,1,0,NO,Seattle,26,38,64,28,32,0,60,124,NO,2,2,YES,109,115,224,107.65,112.45,220.09,,
1993,14-Dec,07:30PM,Tue,Minnesota,22,23,45,18,22,0,40,85,YES,2,0,YES,Charlotte,24,25,49,25,27,0,52,101,YES,1,2,NO,94,92,186,92.65,89.45,182.09,,
1993,14-Dec,07:30PM,Tue,Atlanta,29,13,42,29,32,0,61,103,NO,2,1,YES,Cleveland,24,26,50,19,23,0,42,92,YES,1,2,YES,92,103,195,90.65,100.45,191.09,,
1993,14-Dec,07:30PM,Tue,LAL,25,27,52,28,19,0,47,99,YES,1,1,NO,Detroit,24,25,49,19,25,0,44,93,YES,1,2,YES,101,91,192,99.65,88.45,188.09,,
1993,14-Dec,07:30PM,Tue,Washington,23,22,45,25,17,0,42,87,YES,2,1,YES,Indiana,30,28,58,30,18,0,48,106,YES,1,2,YES,103,90,193,101.65,87.45,189.09,,
1993,14-Dec,07:30PM,Tue,Houston,23,19,42,25,30,0,55,97,YES,2,3,YES,Miami,12,22,34,28,26,0,54,88,NO,1,0,YES,76,109,185,74.65,106.45,181.09,,
1993,14-Dec,07:30PM,Tue,Denver,26,21,47,16,21,0,37,84,NO,2,0,NO,New York,32,18,50,21,22,0,43,93,NO,1,2,NO,97,80,177,95.65,77.45,173.09,,
1993,15-Dec,06:00PM,Wed,Utah,26,21,47,29,21,0,50,97,YES,1,1,NO,Minnesota,29,22,51,24,20,0,44,95,YES,1,0,YES,98,94,192,96.65,91.45,188.09,,
1993,15-Dec,04:00PM,Wed,Golden State,23,30,53,22,29,0,51,104,NO,2,1,NO,Phoenix,29,23,52,26,32,0,58,110,NO,1,1,NO,105,109,214,103.65,106.45,210.09,,
1993,15-Dec,07:30PM,Wed,Chicago,33,24,57,25,26,0,51,108,YES,3,1,YES,Boston,24,20,44,28,26,0,54,98,NO,1,1,NO,101,105,206,99.65,102.45,202.09,,
1993,15-Dec,04:30PM,Wed,Orlando,33,22,55,24,30,0,54,109,NO,0,1,NO,LAC,21,31,52,24,34,0,58,110,NO,1,2,YES,107,112,219,105.65,109.45,215.09,,
1993,15-Dec,07:30PM,Wed,Denver,23,24,47,29,17,0,46,93,NO,0,1,NO,Philadelphia,27,27,54,28,19,0,47,101,NO,1,1,YES,101,93,194,99.65,90.45,190.09,,
1993,15-Dec,04:30PM,Wed,Milwaukee,22,30,52,21,23,0,44,96,NO,1,1,NO,Sacramento,27,26,53,18,24,0,42,95,NO,1,2,NO,105,86,191,103.65,83.45,187.09,,
1993,15-Dec,06:30PM,Wed,Portland,19,25,44,20,27,0,47,91,NO,0,2,YES,San Antonio,29,27,56,24,31,0,55,111,YES,0,1,YES,100,102,202,98.65,99.45,198.09,,
1993,16-Dec,07:30PM,Thu,Indiana,19,26,45,27,27,0,54,99,YES,1,1,YES,Atlanta,32,17,49,17,15,0,32,81,NO,1,1,YES,94,86,180,92.65,83.45,176.09,,
1993,16-Dec,06:30PM,Thu,San Antonio,26,25,51,31,21,0,52,103,YES,0,1,NO,Dallas,23,13,36,24,29,0,53,89,YES,1,1,NO,87,105,192,85.65,102.45,188.09,,
1993,16-Dec,07:30PM,Thu,Cleveland,27,26,53,10,26,0,36,89,YES,1,1,NO,Miami,25,24,49,23,18,0,41,90,NO,1,1,NO,102,77,179,100.65,74.45,175.09,,
1993,16-Dec,07:30PM,Thu,Charlotte,18,36,54,18,23,0,41,95,YES,1,0,YES,New Jersey,25,26,51,33,27,0,60,111,YES,1,2,NO,105,101,206,103.65,98.45,202.09,,
1993,16-Dec,07:30PM,Thu,LAL,20,22,42,28,15,0,43,85,NO,1,0,NO,New York,32,25,57,30,21,0,51,108,YES,0,1,NO,99,94,193,97.65,91.45,189.09,,
1993,16-Dec,07:30PM,Thu,Detroit,28,22,50,22,25,0,47,97,YES,1,1,YES,Washington,28,23,51,19,25,0,44,95,NO,1,1,YES,101,91,192,99.65,88.45,188.09,,
1993,17-Dec,06:00PM,Fri,New York,21,18,39,24,23,0,47,86,YES,0,2,YES,Chicago,27,23,50,21,27,0,48,98,NO,0,1,YES,89,95,184,87.65,92.45,180.09,1,188
1993,17-Dec,07:00PM,Fri,Milwaukee,27,15,42,21,34,0,55,97,NO,1,1,NO,Seattle,29,34,63,28,36,0,64,127,NO,0,2,NO,105,119,224,103.65,116.45,220.09,-15,0
1993,17-Dec,07:30PM,Fri,Utah,26,25,51,29,17,0,46,97,NO,1,0,NO,Boston,31,24,55,20,21,0,41,96,NO,4,1,NO,106,87,193,104.65,84.45,189.09,1,210
1993,17-Dec,07:30PM,Fri,Denver,27,24,51,23,22,0,45,96,NO,1,0,NO,Charlotte,30,16,46,25,28,0,53,99,YES,2,0,YES,97,98,195,95.65,95.45,191.09,-7.5,210
1993,17-Dec,04:30PM,Fri,Minnesota,27,27,54,28,23,0,51,105,YES,1,0,NO,LAC,28,20,48,19,23,0,42,90,YES,0,1,NO,102,93,195,100.65,90.45,191.09,-6.5,207
1993,17-Dec,07:30PM,Fri,LAL,26,20,46,19,29,0,48,94,NO,0,1,NO,Philadelphia,17,28,45,31,29,0,60,105,YES,0,1,NO,91,108,199,89.65,105.45,195.09,-2.5,193
1993,17-Dec,04:30PM,Fri,Golden State,26,38,64,25,20,0,45,109,NO,1,0,NO,Sacramento,26,27,53,16,25,0,41,94,NO,1,1,NO,117,86,203,115.65,83.45,199.09,2.5,212
1993,17-Dec,05:30PM,Fri,Orlando,25,27,52,24,28,0,52,104,NO,1,1,NO,Phoenix,22,37,59,20,22,0,42,101,NO,0,1,NO,111,94,205,109.65,91.45,201.09,-9,218
1993,18-Dec,04:00PM,Sat,LAC,24,35,59,22,28,0,50,109,YES,0,1,YES,Phoenix,26,26,52,36,28,0,64,116,NO,1,0,NO,111,114,225,109.65,111.45,221.09,,
1993,18-Dec,07:00PM,Sat,Golden State,30,26,56,26,29,0,55,111,NO,0,2,YES,Seattle,37,24,61,32,33,0,65,126,NO,2,0,NO,117,120,237,115.65,117.45,233.09,,
1993,18-Dec,07:30PM,Sat,Denver,28,19,47,22,27,0,49,96,NO,0,2,YES,Atlanta,28,32,60,22,20,0,42,102,YES,3,1,NO,107,91,198,105.65,88.45,194.09,,
1993,18-Dec,06:30PM,Sat,San Antonio,31,14,45,26,19,0,45,90,NO,1,2,YES,Chicago,24,26,50,28,24,0,52,102,NO,1,0,NO,95,97,192,93.65,94.45,188.09,,
1993,18-Dec,07:30PM,Sat,Cleveland,22,30,52,20,13,7,33,85,NO,1,0,YES,Detroit,17,21,38,28,19,13,47,85,YES,1,1,YES,90,80,170,88.65,77.45,166.09,,
1993,18-Dec,06:30PM,Sat,Dallas,22,22,44,20,29,0,49,93,YES,1,1,NO,Houston,29,27,56,23,25,0,48,104,YES,2,3,YES,100,97,197,98.65,94.45,193.09,,
1993,18-Dec,07:30PM,Sat,New Jersey,23,26,49,26,23,0,49,98,YES,1,2,YES,Indiana,22,26,48,29,31,0,60,108,YES,1,1,YES,97,109,206,95.65,106.45,202.09,,
1993,18-Dec,07:30PM,Sat,Philadelphia,22,32,54,24,12,0,36,90,YES,0,1,YES,Miami,28,30,58,28,27,0,55,113,YES,3,1,NO,112,91,203,110.65,88.45,199.09,,
1993,18-Dec,04:30PM,Sat,Minnesota,26,25,51,24,20,0,44,95,NO,0,1,YES,Portland,34,29,63,21,21,0,42,105,NO,0,2,YES,114,86,200,112.65,83.45,196.09,,
1993,18-Dec,07:30PM,Sat,Utah,23,24,47,29,26,0,55,102,NO,0,2,NO,Washington,23,33,56,28,12,0,40,96,YES,1,1,NO,103,95,198,101.65,92.45,194.09,,
1993,19-Dec,03:00PM,Sun,Orlando,28,24,52,27,18,0,45,97,NO,1,1,YES,Sacramento,21,20,41,28,22,0,50,91,NO,3,1,NO,93,95,188,91.65,92.45,184.09,,
1993,19-Dec,07:00PM,Sun,LAL,24,23,47,20,25,0,45,92,NO,1,1,NO,Cleveland,29,34,63,24,35,0,59,122,NO,1,0,YES,110,104,214,108.65,101.45,210.09,,
1993,19-Dec,04:30PM,Sun,Milwaukee,22,19,41,18,22,0,40,81,NO,1,0,NO,Portland,26,26,52,20,21,0,41,93,YES,1,0,NO,93,81,174,91.65,78.45,170.09,,
1993,20-Dec,06:00PM,Mon,Washington,29,23,52,25,22,0,47,99,YES,1,1,NO,Minnesota,31,16,47,22,15,0,37,84,YES,1,1,YES,99,84,183,97.65,81.45,179.09,,
1993,20-Dec,04:00PM,Mon,Indiana,30,23,53,23,18,0,41,94,YES,1,0,NO,Phoenix,27,23,50,26,26,0,52,102,YES,0,1,NO,103,93,196,101.65,90.45,192.09,,
1993,20-Dec,06:30PM,Mon,Charlotte,27,21,48,24,25,0,49,97,YES,2,0,NO,Chicago,29,32,61,23,25,0,48,109,NO,1,1,NO,109,97,206,107.65,94.45,202.09,,
1993,20-Dec,04:30PM,Mon,Milwaukee,24,22,46,31,28,0,59,105,NO,0,1,YES,LAC,23,19,42,24,26,0,50,92,NO,1,1,YES,88,109,197,86.65,106.45,193.09,,
1993,20-Dec,07:30PM,Mon,Dallas,19,20,39,21,32,0,53,92,NO,1,1,NO,New York,29,19,48,38,15,0,53,101,YES,0,2,YES,87,106,193,85.65,103.45,189.09,,
1993,20-Dec,07:30PM,Mon,Detroit,17,26,43,23,26,0,49,92,YES,1,0,YES,Philadelphia,36,22,58,38,25,0,63,121,NO,1,1,YES,101,112,213,99.65,109.45,209.09,,
1993,21-Dec,03:00PM,Tue,Portland,26,16,42,29,29,0,58,100,YES,1,1,YES,Golden State,26,26,52,24,22,0,46,98,NO,1,2,YES,94,104,198,92.65,101.45,194.09,,
1993,21-Dec,05:00PM,Tue,Phoenix,30,19,49,22,24,0,46,95,YES,0,1,NO,Denver,30,25,55,35,31,0,66,121,YES,1,2,YES,104,112,216,102.65,109.45,212.09,,
1993,21-Dec,07:00PM,Tue,Indiana,25,22,47,22,19,0,41,88,NO,0,1,NO,Seattle,22,22,44,26,21,0,47,91,NO,1,2,NO,91,88,179,89.65,85.45,175.09,,
1993,21-Dec,07:30PM,Tue,Utah,24,28,52,19,26,0,45,97,NO,2,1,NO,Cleveland,26,28,54,25,33,0,58,112,NO,1,1,NO,106,103,209,104.65,100.45,205.09,,
1993,21-Dec,07:30PM,Tue,Charlotte,29,32,61,29,18,0,47,108,NO,0,1,YES,Detroit,19,24,43,25,29,0,54,97,NO,1,0,YES,104,101,205,102.65,98.45,201.09,,
1993,21-Dec,07:30PM,Tue,New York,23,17,40,19,22,0,41,81,YES,0,1,YES,New Jersey,21,24,45,13,27,0,40,85,YES,1,2,YES,85,81,166,83.65,78.45,162.09,,
1993,21-Dec,07:30PM,Tue,LAL,22,28,50,29,30,0,59,109,NO,1,1,NO,Orlando,27,27,54,28,20,0,48,102,NO,1,1,YES,104,107,211,102.65,104.45,207.09,,
1993,21-Dec,06:30PM,Tue,Houston,19,20,39,27,24,0,51,90,YES,2,1,YES,San Antonio,26,15,41,23,24,0,47,88,NO,1,2,YES,80,98,178,78.65,95.45,174.09,,
1993,22-Dec,07:30PM,Wed,Atlanta,32,28,60,22,26,0,48,108,YES,3,0,NO,Boston,25,28,53,28,22,0,50,103,YES,0,4,NO,113,98,211,111.65,95.45,207.09,,
1993,22-Dec,06:30PM,Wed,Minnesota,19,26,45,18,35,0,53,98,YES,1,0,YES,Chicago,28,26,54,24,28,0,52,106,YES,0,1,NO,99,105,204,97.65,102.45,200.09,,
1993,22-Dec,04:30PM,Wed,Washington,23,23,46,18,28,0,46,92,NO,1,0,NO,LAC,26,28,54,31,24,0,55,109,YES,0,1,NO,100,101,201,98.65,98.45,197.09,,
1993,22-Dec,06:30PM,Wed,Dallas,25,17,42,18,26,0,44,86,NO,1,0,NO,Milwaukee,18,28,46,25,25,0,50,96,YES,0,1,YES,88,94,182,86.65,91.45,178.09,,
1993,22-Dec,07:30PM,Wed,Miami,24,28,52,22,24,0,46,98,YES,3,0,YES,Philadelphia,26,24,50,22,18,0,40,90,YES,4,1,NO,102,86,188,100.65,83.45,184.09,,
1993,23-Dec,06:00PM,Thu,Dallas,30,20,50,28,15,0,43,93,NO,0,4,YES,Minnesota,11,29,40,26,23,0,49,89,YES,2,0,YES,90,92,182,88.65,89.45,178.09,,
1993,23-Dec,07:00PM,Thu,Phoenix,21,26,47,26,14,0,40,87,NO,1,1,YES,Seattle,29,30,59,15,12,0,27,86,NO,4,1,NO,106,67,173,104.65,64.45,169.09,,
1993,23-Dec,07:30PM,Thu,Boston,31,24,55,28,17,0,45,100,YES,0,2,NO,Charlotte,32,24,56,24,38,0,62,118,NO,3,1,YES,111,107,218,109.65,104.45,214.09,,
1993,23-Dec,07:30PM,Thu,Milwaukee,17,21,38,24,26,0,50,88,YES,0,3,YES,Cleveland,31,24,55,30,22,0,52,107,NO,2,1,NO,93,102,195,91.65,99.45,191.09,,
1993,23-Dec,07:30PM,Thu,Chicago,18,25,43,20,18,0,38,81,YES,0,1,YES,Detroit,19,13,32,22,18,0,40,72,YES,3,1,NO,75,78,153,73.65,75.45,149.09,,
1993,23-Dec,04:30PM,Thu,LAC,22,27,49,15,31,0,46,95,YES,0,3,YES,Golden State,35,33,68,37,36,0,73,141,YES,2,1,NO,117,119,236,115.65,116.45,232.09,,
1993,23-Dec,06:30PM,Thu,Denver,22,23,45,32,29,0,61,106,YES,1,2,YES,Houston,24,23,47,20,26,0,46,93,YES,1,1,YES,92,107,199,90.65,104.45,195.09,,
1993,23-Dec,07:30PM,Thu,LAL,26,18,44,18,30,0,48,92,NO,1,2,YES,Miami,30,20,50,23,36,0,59,109,NO,2,0,YES,94,107,201,92.65,104.45,197.09,,
1993,23-Dec,07:30PM,Thu,Atlanta,20,10,30,25,20,0,45,75,NO,0,2,NO,New York,27,18,45,8,31,0,39,84,NO,4,1,YES,75,84,159,73.65,81.45,155.09,,
1993,23-Dec,07:30PM,Thu,New Jersey,27,19,46,35,31,0,66,112,YES,1,2,YES,Orlando,37,29,66,28,28,0,56,122,YES,1,1,NO,112,122,234,110.65,119.45,230.09,,
1993,23-Dec,04:30PM,Thu,Indiana,20,26,46,32,18,0,50,96,NO,1,2,NO,Portland,28,33,61,23,24,0,47,108,NO,2,1,YES,107,97,204,105.65,94.45,200.09,,
1993,23-Dec,04:30PM,Thu,Washington,21,15,36,23,29,0,52,88,NO,0,3,NO,Sacramento,26,22,48,32,34,0,66,114,YES,2,3,NO,84,118,202,82.65,115.45,198.09,,
1993,23-Dec,06:30PM,Thu,Utah,25,23,48,22,26,0,48,96,NO,1,3,YES,San Antonio,25,21,46,25,17,0,42,88,NO,2,1,NO,94,90,184,92.65,87.45,180.09,,
1993,25-Dec,09:30AM,Sat,Houston,21,18,39,29,23,0,52,91,YES,1,0,NO,Phoenix,24,37,61,23,27,0,50,111,NO,1,1,YES,100,102,202,98.65,99.45,198.09,,
1993,25-Dec,06:30PM,Sat,Orlando,27,25,52,22,19,0,41,93,YES,1,1,YES,Chicago,23,24,47,23,25,0,48,95,NO,3,1,YES,99,89,188,97.65,86.45,184.09,,
1993,26-Dec,01:00PM,Sun,Indiana,20,29,49,20,24,10,44,93,NO,2,3,YES,Cleveland,27,23,50,23,20,14,43,93,NO,1,2,NO,99,87,186,97.65,84.45,182.09,,
1993,26-Dec,02:00PM,Sun,Golden State,30,19,49,28,20,11,48,97,YES,2,1,YES,Portland,22,33,55,28,14,9,42,97,NO,2,2,NO,104,90,194,102.65,87.45,190.09,,
1993,26-Dec,06:00PM,Sun,Atlanta,25,19,44,27,16,0,43,87,NO,2,1,YES,New Jersey,19,28,47,29,15,0,44,91,YES,1,2,YES,91,87,178,89.65,84.45,174.09,,
1993,26-Dec,05:00PM,Sun,Minnesota,23,17,40,31,26,0,57,97,YES,2,0,NO,Denver,19,21,40,30,30,0,60,100,YES,1,2,YES,80,117,197,78.65,114.45,193.09,,
1993,26-Dec,04:00PM,Sun,Houston,24,31,55,25,38,0,63,118,NO,0,1,NO,LAL,24,20,44,22,27,0,49,93,NO,2,2,YES,99,112,211,97.65,109.45,207.09,,
1993,26-Dec,07:30PM,Sun,Sacramento,22,24,46,24,25,0,49,95,YES,2,0,NO,Miami,24,28,52,28,29,0,57,109,NO,1,2,NO,98,106,204,96.65,103.45,200.09,,
1993,26-Dec,06:30PM,Sun,Boston,22,22,44,23,18,0,41,85,NO,2,0,NO,San Antonio,28,23,51,23,25,0,48,99,YES,1,2,NO,95,89,184,93.65,86.45,180.09,,
1993,27-Dec,04:00PM,Mon,Boston,39,23,62,13,27,0,40,102,NO,0,1,NO,Phoenix,31,31,62,29,27,0,56,118,NO,2,1,NO,124,96,220,122.65,93.45,216.09,,
1993,27-Dec,05:00PM,Mon,Minnesota,20,25,45,21,27,0,48,93,NO,0,2,YES,Utah,19,25,44,25,28,0,53,97,NO,1,3,YES,89,101,190,87.65,98.45,186.09,,
1993,27-Dec,07:30PM,Mon,Detroit,24,26,50,22,22,0,44,94,YES,3,0,NO,Charlotte,26,26,52,31,26,0,57,109,YES,0,3,NO,102,101,203,100.65,98.45,199.09,,
1993,27-Dec,04:30PM,Mon,Philadelphia,23,31,54,19,13,0,32,86,YES,4,0,NO,LAC,27,25,52,21,23,0,44,96,YES,1,3,YES,106,76,182,104.65,73.45,178.09,,
1993,27-Dec,06:30PM,Mon,Washington,23,26,49,23,24,0,47,96,NO,3,1,YES,Milwaukee,25,15,40,34,13,0,47,87,NO,2,3,YES,89,94,183,87.65,91.45,179.09,,
1993,27-Dec,07:30PM,Mon,Sacramento,34,25,59,27,24,0,51,110,NO,0,1,NO,Orlando,31,33,64,21,37,0,58,122,NO,1,1,YES,123,109,232,121.65,106.45,228.09,,
1993,28-Dec,07:00PM,Tue,Houston,19,23,42,32,23,0,55,97,NO,1,1,NO,Seattle,30,36,66,16,30,0,46,112,YES,0,4,NO,108,101,209,106.65,98.45,205.09,,
1993,28-Dec,07:30PM,Tue,Detroit,33,16,49,20,32,0,52,101,NO,0,1,YES,Atlanta,36,39,75,28,16,0,44,119,YES,0,1,YES,124,96,220,122.65,93.45,216.09,,
1993,28-Dec,07:30PM,Tue,Charlotte,30,27,57,26,28,4,54,111,YES,0,1,YES,Cleveland,30,35,65,22,24,16,46,111,YES,1,1,NO,122,100,222,120.65,97.45,218.09,,
1993,28-Dec,06:30PM,Tue,Denver,21,29,50,28,19,0,47,97,YES,1,1,YES,Dallas,18,16,34,32,19,0,51,85,YES,4,4,YES,84,98,182,82.65,95.45,178.09,,
1993,28-Dec,04:30PM,Tue,Philadelphia,22,33,55,25,27,0,52,107,NO,0,1,NO,Golden State,12,23,35,28,27,0,55,90,YES,1,1,YES,90,107,197,88.65,104.45,193.09,,
1993,28-Dec,07:30PM,Tue,San Antonio,20,15,35,20,29,0,49,84,YES,1,1,NO,Miami,12,17,29,27,20,0,47,76,NO,1,1,NO,64,96,160,62.65,93.45,156.09,,
1993,28-Dec,07:30PM,Tue,New Jersey,20,19,39,23,35,0,58,97,YES,1,0,NO,New York,28,18,46,27,22,0,49,95,NO,1,4,NO,85,107,192,83.65,104.45,188.09,,
1993,29-Dec,05:00PM,Wed,Boston,24,26,50,25,24,8,49,99,NO,1,0,NO,Utah,26,35,61,20,18,11,38,99,YES,3,1,NO,111,87,198,109.65,84.45,194.09,,
1993,29-Dec,06:30PM,Wed,New Jersey,21,26,47,19,20,0,39,86,NO,0,3,NO,Chicago,24,22,46,19,29,0,48,94,YES,0,3,NO,93,87,180,91.65,84.45,176.09,,
1993,29-Dec,04:30PM,Wed,Seattle,26,30,56,19,24,0,43,99,YES,0,5,NO,LAL,30,20,50,26,16,0,42,92,YES,3,2,NO,106,85,191,104.65,82.45,187.09,,
1993,29-Dec,07:30PM,Wed,Atlanta,16,29,45,27,20,0,47,92,YES,0,5,YES,Orlando,18,29,47,21,22,0,43,90,YES,0,1,NO,92,90,182,90.65,87.45,178.09,,
1993,29-Dec,04:30PM,Wed,LAC,12,30,42,30,26,0,56,98,YES,1,0,YES,Portland,32,33,65,21,28,0,49,114,NO,3,2,NO,107,105,212,105.65,102.45,208.09,,
1993,29-Dec,07:30PM,Wed,Sacramento,18,28,46,26,31,0,57,103,NO,1,0,NO,Washington,26,22,48,28,21,0,49,97,YES,0,1,YES,94,106,200,92.65,103.45,196.09,,
1993,30-Dec,05:00PM,Thu,Golden State,18,32,50,22,24,0,46,96,YES,1,4,YES,Denver,31,17,48,31,22,0,53,101,NO,2,1,YES,98,99,197,96.65,96.45,193.09,,
1993,30-Dec,06:00PM,Thu,Houston,23,36,59,18,33,0,51,110,NO,1,4,YES,Minnesota,19,26,45,27,32,0,59,104,NO,5,2,YES,104,110,214,102.65,107.45,210.09,,
1993,30-Dec,04:00PM,Thu,Philadelphia,32,22,54,26,27,0,53,107,NO,1,2,NO,Phoenix,34,23,57,29,33,0,62,119,NO,4,2,NO,111,115,226,109.65,112.45,222.09,,
1993,30-Dec,07:30PM,Thu,Chicago,21,26,47,23,25,0,48,95,YES,0,4,YES,Charlotte,31,23,54,26,35,0,61,115,YES,2,1,YES,101,109,210,99.65,106.45,206.09,,
1993,30-Dec,07:30PM,Thu,Sacramento,27,24,51,23,23,0,46,97,NO,0,2,YES,Detroit,21,33,54,19,18,0,37,91,NO,2,1,YES,105,83,188,103.65,80.45,184.09,,
1993,30-Dec,07:30PM,Thu,San Antonio,20,28,48,29,30,0,59,107,NO,1,2,YES,Indiana,19,21,40,14,28,0,42,82,NO,4,3,YES,88,101,189,86.65,98.45,185.09,,
1993,30-Dec,04:30PM,Thu,Boston,29,29,58,26,35,0,61,119,NO,0,2,YES,LAC,26,30,56,23,32,0,55,111,NO,5,0,YES,114,116,230,112.65,113.45,226.09,,
1993,30-Dec,07:30PM,Thu,Orlando,24,23,47,26,35,0,61,108,YES,0,4,NO,Miami,21,23,44,22,34,0,56,100,YES,2,1,NO,91,117,208,89.65,114.45,204.09,,
1993,30-Dec,06:30PM,Thu,Cleveland,30,24,54,23,26,0,49,103,YES,1,4,NO,Milwaukee,35,18,53,30,22,0,52,105,YES,5,2,NO,107,101,208,105.65,98.45,204.09,,
1993,30-Dec,07:30PM,Thu,Washington,21,18,39,25,20,0,45,84,YES,0,5,YES,New York,26,26,52,22,28,0,50,102,NO,2,1,NO,91,95,186,89.65,92.45,182.09,,
1994,2-Jan,02:00PM,Sun,Utah,23,16,39,31,22,0,53,92,YES,3,0,YES,Portland,31,23,54,19,17,0,36,90,YES,1,3,NO,93,89,182,90.34,84.38,174.72,,
1994,2-Jan,06:00PM,Sun,Charlotte,19,38,57,28,25,14,53,110,YES,2,1,NO,New York,22,30,52,30,28,13,58,110,NO,1,2,NO,109,111,220,106.34,106.38,212.72,,
1994,2-Jan,03:00PM,Sun,Dallas,23,31,54,21,41,0,62,116,YES,4,0,NO,Sacramento,28,27,55,32,32,0,64,119,YES,1,2,YES,109,126,235,106.34,121.38,227.72,,
1994,2-Jan,07:00PM,Sun,New Jersey,28,24,52,25,24,0,49,101,NO,3,1,NO,Boston,25,30,55,16,26,0,42,97,YES,2,2,YES,107,91,198,104.34,86.38,190.72,,
1994,2-Jan,05:00PM,Sun,Philadelphia,31,24,55,23,18,0,41,96,NO,2,1,NO,Denver,30,13,43,17,20,0,37,80,NO,1,2,NO,98,78,176,95.34,73.38,168.72,,
1994,2-Jan,07:00PM,Sun,Miami,21,28,49,22,22,0,44,93,YES,2,1,YES,Detroit,28,17,45,16,24,0,40,85,YES,1,2,NO,94,84,178,91.34,79.38,170.72,,
1994,2-Jan,06:30PM,Sun,LAL,23,24,47,19,26,0,45,92,YES,3,1,NO,San Antonio,30,26,56,19,19,0,38,94,NO,1,2,YES,103,83,186,100.34,78.38,178.72,,
1994,3-Jan,05:00PM,Mon,Dallas,21,20,41,26,18,0,44,85,NO,0,1,YES,Utah,27,25,52,34,29,0,63,115,NO,1,0,YES,93,107,200,90.34,102.38,192.72,,
1994,4-Jan,05:00PM,Tue,LAL,25,38,63,29,27,0,56,119,NO,1,0,NO,Denver,36,27,63,29,26,0,55,118,YES,0,1,NO,126,111,237,123.34,106.38,229.72,,
1994,4-Jan,04:00PM,Tue,Seattle,24,29,53,28,31,0,59,112,NO,5,0,NO,Phoenix,21,28,49,36,21,0,57,106,YES,0,4,NO,102,116,218,99.34,111.38,210.72,,
1994,4-Jan,07:30PM,Tue,Charlotte,26,29,55,16,23,0,39,94,NO,1,1,YES,Atlanta,40,20,60,48,25,0,73,133,NO,2,5,YES,115,112,227,112.34,107.38,219.72,,
1994,4-Jan,06:30PM,Tue,Detroit,20,28,48,13,30,0,43,91,YES,1,3,YES,Chicago,27,27,54,23,20,0,43,97,YES,0,4,YES,102,86,188,99.34,81.38,180.72,,
1994,4-Jan,04:30PM,Tue,Sacramento,30,31,61,30,21,0,51,112,YES,1,0,YES,Golden State,22,30,52,33,30,0,63,115,NO,1,4,YES,113,114,227,110.34,109.38,219.72,,
1994,4-Jan,06:30PM,Tue,Portland,23,28,51,20,24,0,44,95,YES,1,1,NO,Houston,29,24,53,30,23,0,53,106,YES,0,4,YES,104,97,201,101.34,92.38,193.72,,
1994,4-Jan,07:30PM,Tue,Cleveland,24,26,50,23,26,0,49,99,NO,4,0,YES,Indiana,21,19,40,34,30,0,64,104,YES,0,4,NO,90,113,203,87.34,108.38,195.72,,
1994,4-Jan,07:30PM,Tue,New Jersey,16,25,41,18,24,0,42,83,NO,1,0,YES,Miami,23,24,47,27,26,0,53,100,YES,2,1,YES,88,95,183,85.34,90.38,175.72,,
1994,4-Jan,07:30PM,Tue,Orlando,20,19,39,26,30,0,56,95,NO,4,0,YES,New York,26,19,45,26,29,0,55,100,YES,1,1,NO,84,111,195,81.34,106.38,187.72,,
1994,4-Jan,06:30PM,Tue,Philadelphia,19,21,40,25,19,0,44,84,NO,1,2,NO,San Antonio,21,34,55,17,35,0,52,107,YES,1,1,NO,95,96,191,92.34,91.38,183.72,,
1994,5-Jan,06:00PM,Wed,Denver,34,17,51,25,19,0,44,95,YES,0,1,YES,Minnesota,29,30,59,28,22,0,50,109,NO,1,5,NO,110,94,204,107.34,89.38,196.72,,
1994,5-Jan,05:00PM,Wed,Phoenix,40,20,60,26,21,0,47,107,YES,0,1,NO,Utah,16,33,49,18,24,0,42,91,NO,1,1,NO,109,89,198,106.34,84.38,190.72,,
1994,5-Jan,07:30PM,Wed,Boston,26,17,43,28,30,0,58,101,YES,2,1,YES,Cleveland,26,27,53,18,25,0,43,96,YES,1,0,YES,96,101,197,93.34,96.38,189.72,,
1994,5-Jan,06:30PM,Wed,Houston,27,28,55,29,30,0,59,114,YES,0,2,YES,Dallas,25,14,39,31,32,0,63,102,NO,1,1,YES,94,122,216,91.34,117.38,208.72,,
1994,5-Jan,04:30PM,Wed,Seattle,22,33,55,30,21,0,51,106,NO,0,1,YES,LAC,26,20,46,25,27,0,52,98,YES,1,5,NO,101,103,204,98.34,98.38,196.72,,
1994,5-Jan,07:30PM,Wed,Milwaukee,35,18,53,21,26,0,47,100,YES,5,0,YES,New Jersey,23,24,47,18,26,0,44,91,YES,2,0,YES,100,91,191,97.34,86.38,183.72,,
1994,5-Jan,04:30PM,Wed,LAL,25,25,50,20,28,0,48,98,NO,0,1,YES,Sacramento,22,28,50,29,27,0,56,106,YES,1,0,YES,100,104,204,97.34,99.38,196.72,,
1994,5-Jan,07:30PM,Wed,Indiana,24,32,56,25,14,0,39,95,YES,0,2,NO,Washington,32,24,56,13,28,0,41,97,NO,1,5,YES,112,80,192,109.34,75.38,184.72,,
1994,5-Jan,08:00PM,Wed,Chicago,24,16,40,26,24,0,50,90,YES,0,1,NO,Orlando,22,33,55,25,25,0,50,105,NO,2,0,YES,95,100,195,92.34,95.38,187.72,,
1994,6-Jan,07:30PM,Thu,Portland,20,25,45,35,36,0,71,116,NO,1,0,NO,Charlotte,30,35,65,18,27,0,45,110,NO,1,1,YES,110,116,226,107.34,111.38,218.72,,
1994,6-Jan,04:30PM,Thu,San Antonio,18,26,44,23,31,0,54,98,YES,1,0,NO,Golden State,32,24,56,18,28,0,46,102,YES,2,1,NO,100,100,200,97.34,95.38,192.72,,
1994,6-Jan,06:30PM,Thu,New York,28,20,48,21,23,0,44,92,YES,1,1,NO,Milwaukee,13,18,31,24,31,0,55,86,NO,1,0,YES,79,99,178,76.34,94.38,170.72,,
1994,7-Jan,05:00PM,Fri,San Antonio,27,28,55,15,14,0,29,84,NO,0,1,NO,Denver,22,17,39,19,18,0,37,76,NO,0,1,YES,94,66,160,91.34,61.38,152.72,-3,189
1994,7-Jan,06:00PM,Fri,Phoenix,26,24,50,29,31,0,60,110,NO,1,1,YES,Minnesota,27,19,46,28,29,0,57,103,NO,0,1,NO,96,117,213,93.34,112.38,205.72,7,209
1994,7-Jan,07:00PM,Fri,Sacramento,25,22,47,25,21,0,46,93,YES,1,0,NO,Seattle,21,27,48,24,30,0,54,102,NO,0,1,YES,95,100,195,92.34,95.38,187.72,-15,217
1994,7-Jan,05:00PM,Fri,Miami,24,31,55,24,31,0,55,110,YES,2,0,NO,Utah,28,30,58,22,24,0,46,104,YES,0,1,NO,113,101,214,110.34,96.38,206.72,-7.5,193
1994,7-Jan,07:30PM,Fri,Portland,20,25,45,19,21,0,40,85,NO,0,1,NO,Atlanta,31,19,50,28,22,0,50,100,NO,0,2,NO,95,90,185,92.34,85.38,177.72,-8.5,210
1994,7-Jan,07:30PM,Fri,Cleveland,31,20,51,34,14,0,48,99,YES,1,0,NO,Boston,26,19,45,22,18,0,40,85,YES,0,1,YES,96,88,184,93.34,83.38,176.72,2,202
1994,7-Jan,06:30PM,Fri,Philadelphia,28,21,49,25,29,0,54,103,NO,2,0,NO,Dallas,21,21,42,30,21,0,51,93,YES,0,1,NO,91,105,196,88.34,100.38,188.72,3.5,192
1994,7-Jan,04:30PM,Fri,LAC,20,33,53,31,24,0,55,108,YES,1,0,YES,LAL,24,18,42,34,35,0,69,111,NO,1,1,YES,95,124,219,92.34,119.38,211.72,-3,210
1994,7-Jan,07:30PM,Fri,Chicago,26,28,54,22,23,0,45,99,NO,1,0,YES,Washington,29,23,52,24,16,0,40,92,YES,0,1,NO,106,85,191,103.34,80.38,183.72,5,193
1994,8-Jan,05:00PM,Sat,Sacramento,31,20,51,19,28,0,47,98,NO,0,2,YES,Denver,25,20,45,20,39,0,59,104,YES,2,0,NO,96,106,202,93.34,101.38,194.72,,
1994,8-Jan,06:00PM,Sat,Boston,20,16,36,22,32,0,54,90,YES,0,1,NO,Minnesota,21,24,45,29,34,0,63,108,YES,2,0,NO,81,117,198,78.34,112.38,190.72,,
1994,8-Jan,07:00PM,Sat,Utah,20,16,36,23,28,0,51,87,YES,0,4,NO,Seattle,22,27,49,28,31,0,59,108,YES,2,0,NO,85,110,195,82.34,105.38,187.72,,
1994,8-Jan,07:30PM,Sat,Cleveland,30,20,50,20,19,0,39,89,NO,0,3,NO,Atlanta,28,17,45,31,26,0,57,102,NO,3,0,NO,95,96,191,92.34,91.38,183.72,,
1994,8-Jan,07:30PM,Sat,New York,35,18,53,21,25,0,46,99,NO,1,0,YES,Charlotte,17,32,49,26,27,0,53,102,YES,2,1,NO,102,99,201,99.34,94.38,193.72,,
1994,8-Jan,06:30PM,Sat,Dallas,16,17,33,26,22,0,48,81,YES,0,3,YES,Chicago,31,24,55,18,27,0,45,100,YES,3,0,YES,88,93,181,85.34,88.38,173.72,,
1994,8-Jan,07:30PM,Sat,Indiana,26,27,53,24,24,0,48,101,NO,2,2,NO,Detroit,23,27,50,24,18,0,42,92,NO,2,3,YES,103,90,193,100.34,85.38,185.72,,
1994,8-Jan,06:30PM,Sat,Philadelphia,18,22,40,25,28,0,53,93,NO,0,1,YES,Houston,20,25,45,27,28,0,55,100,YES,1,2,YES,85,108,193,82.34,103.38,185.72,,
1994,8-Jan,04:30PM,Sat,Miami,23,30,53,20,36,0,56,109,NO,0,2,NO,LAC,21,24,45,20,25,0,45,90,YES,2,0,YES,98,101,199,95.34,96.38,191.72,,
1994,8-Jan,07:30PM,Sat,Washington,24,24,48,28,25,0,53,101,YES,0,2,NO,Orlando,24,33,57,27,28,0,55,112,NO,1,2,NO,105,108,213,102.34,103.38,205.72,,
1994,8-Jan,07:00PM,Sat,New Jersey,24,28,52,20,18,0,38,90,YES,2,2,YES,Milwaukee,30,20,50,17,20,0,37,87,NO,2,1,NO,102,75,177,99.34,70.38,169.72,,
1994,9-Jan,03:00PM,Sun,Golden State,28,26,54,20,33,0,53,107,YES,2,1,NO,Phoenix,34,25,59,30,33,0,63,122,NO,1,1,YES,113,116,229,110.34,111.38,221.72,,
1994,9-Jan,04:00PM,Sun,San Antonio,26,25,51,23,21,0,44,95,NO,1,1,YES,LAL,11,14,25,28,36,0,64,89,NO,1,1,NO,76,108,184,73.34,103.38,176.72,,
1994,9-Jan,07:30PM,Sun,Portland,23,22,45,15,25,0,40,85,NO,1,1,YES,New York,29,22,51,17,31,0,48,99,NO,1,0,YES,96,88,184,93.34,83.38,176.72,,
1994,10-Jan,07:30PM,Mon,Boston,28,23,51,17,26,0,43,94,NO,1,1,YES,Philadelphia,26,22,48,32,19,0,51,99,NO,1,1,YES,99,94,193,96.34,89.38,185.72,,
1994,10-Jan,08:00PM,Mon,Houston,26,28,54,28,18,0,46,100,YES,1,1,NO,Orlando,26,33,59,27,29,0,56,115,NO,1,1,NO,113,102,215,110.34,97.38,207.72,,
1994,11-Jan,04:00PM,Tue,Charlotte,22,35,57,24,14,0,38,95,YES,2,1,NO,Phoenix,30,25,55,23,15,0,38,93,YES,1,1,NO,112,76,188,109.34,71.38,180.72,,
1994,11-Jan,07:30PM,Tue,Denver,26,14,40,27,27,0,54,94,YES,2,0,NO,Detroit,25,21,46,23,17,0,40,86,NO,1,2,NO,86,94,180,83.34,89.38,172.72,,
1994,11-Jan,04:30PM,Tue,Golden State,37,23,60,29,33,0,62,122,NO,1,0,YES,LAL,24,38,62,18,37,0,55,117,NO,2,1,NO,122,117,239,119.34,112.38,231.72,,
1994,11-Jan,06:30PM,Tue,Indiana,23,23,46,16,20,0,36,82,NO,2,0,YES,Milwaukee,21,20,41,17,18,0,35,76,NO,1,2,NO,87,71,158,84.34,66.38,150.72,,
1994,11-Jan,07:30PM,Tue,Washington,30,38,68,19,28,0,47,115,NO,2,1,YES,New Jersey,27,25,52,15,33,0,48,100,YES,1,2,YES,120,95,215,117.34,90.38,207.72,,
1994,11-Jan,07:30PM,Tue,LAC,18,26,44,15,18,0,33,77,YES,2,0,NO,New York,23,21,44,29,25,0,54,98,YES,1,1,NO,88,87,175,85.34,82.38,167.72,,
1994,11-Jan,04:30PM,Tue,Seattle,24,21,45,15,39,0,54,99,YES,2,2,NO,Portland,31,30,61,27,20,0,47,108,NO,2,1,YES,106,101,207,103.34,96.38,199.72,,
1994,11-Jan,04:30PM,Tue,Miami,23,20,43,27,25,0,52,95,NO,2,0,NO,Sacramento,25,24,49,18,36,0,54,103,NO,1,2,YES,92,106,198,89.34,101.38,190.72,,
1994,11-Jan,06:30PM,Tue,Minnesota,25,24,49,17,32,0,49,98,YES,2,0,NO,San Antonio,27,31,58,30,20,0,50,108,NO,1,1,YES,107,99,206,104.34,94.38,198.72,,
1994,12-Jan,07:30PM,Wed,Chicago,19,26,45,15,21,0,36,81,YES,3,1,YES,Atlanta,27,29,56,17,19,0,36,92,NO,1,3,NO,101,72,173,98.34,67.38,165.72,,
1994,12-Jan,07:30PM,Wed,Houston,26,25,51,22,21,0,43,94,NO,1,0,NO,Boston,21,20,41,25,18,0,43,84,NO,1,1,YES,92,86,178,89.34,81.38,170.72,,
1994,12-Jan,06:30PM,Wed,Minnesota,31,26,57,23,23,0,46,103,NO,0,1,YES,Dallas,28,22,50,20,15,0,35,85,YES,1,3,YES,107,81,188,104.34,76.38,180.72,,
1994,12-Jan,04:30PM,Wed,Miami,26,25,51,18,23,0,41,92,NO,0,1,NO,Golden State,22,20,42,32,26,0,58,100,NO,1,0,YES,93,99,192,90.34,94.38,184.72,,
1994,12-Jan,07:30PM,Wed,Denver,22,25,47,27,22,0,49,96,NO,0,1,NO,Indiana,21,30,51,24,32,0,56,107,YES,1,0,YES,98,105,203,95.34,100.38,195.72,,
1994,12-Jan,07:30PM,Wed,Cleveland,29,32,61,31,26,0,57,118,NO,3,0,YES,Orlando,32,29,61,21,27,0,48,109,YES,1,1,NO,122,105,227,119.34,100.38,219.72,,
1994,12-Jan,07:30PM,Wed,LAC,28,29,57,15,26,0,41,98,NO,0,1,NO,Philadelphia,22,32,54,35,28,0,63,117,NO,1,1,NO,111,104,215,108.34,99.38,207.72,,
1994,13-Jan,07:30PM,Thu,New Jersey,38,19,57,19,17,0,36,93,YES,1,0,YES,Cleveland,27,32,59,22,23,0,45,104,NO,1,0,YES,116,81,197,113.34,76.38,189.72,,
1994,13-Jan,07:30PM,Thu,New York,23,26,49,22,23,0,45,94,YES,1,1,YES,Detroit,17,24,41,25,14,0,39,80,YES,1,1,NO,90,84,174,87.34,79.38,166.72,,
1994,13-Jan,06:30PM,Thu,Utah,25,27,52,28,21,0,49,101,NO,4,0,NO,Milwaukee,22,21,43,23,17,0,40,83,NO,1,1,NO,95,89,184,92.34,84.38,176.72,,
1994,13-Jan,04:30PM,Thu,Charlotte,28,35,63,23,18,0,41,104,NO,1,0,NO,Sacramento,30,30,60,23,32,0,55,115,NO,1,1,NO,123,96,219,120.34,91.38,211.72,,
1994,13-Jan,06:30PM,Thu,Phoenix,23,22,45,26,17,0,43,88,YES,1,1,NO,San Antonio,23,25,48,24,35,0,59,107,YES,1,1,NO,93,102,195,90.34,97.38,187.72,,
1994,13-Jan,07:30PM,Thu,Houston,20,27,47,29,26,0,55,102,NO,0,1,NO,Washington,33,22,55,35,30,0,65,120,NO,1,1,YES,102,120,222,99.34,115.38,214.72,,
1994,14-Jan,06:00PM,Fri,Orlando,35,16,51,27,14,0,41,92,YES,1,0,NO,Minnesota,27,32,59,16,21,0,37,96,YES,2,1,YES,110,78,188,107.34,73.38,180.72,4,204
1994,14-Jan,07:30PM,Fri,Dallas,21,21,42,24,30,0,54,96,YES,1,0,YES,Atlanta,31,20,51,34,28,0,62,113,YES,0,1,NO,93,116,209,90.34,111.38,201.72,-15,204
1994,14-Jan,06:30PM,Fri,Utah,27,22,49,21,21,0,42,91,NO,0,1,NO,Chicago,19,25,44,33,30,0,63,107,NO,0,1,YES,93,105,198,90.34,100.38,190.72,-6,192
1994,14-Jan,04:30PM,Fri,Seattle,25,28,53,21,26,0,47,100,NO,2,0,YES,Golden State,39,27,66,18,37,0,55,121,NO,2,1,NO,119,102,221,116.34,97.38,213.72,4,205
1994,14-Jan,04:30PM,Fri,Charlotte,37,28,65,32,33,0,65,130,NO,0,1,NO,LAL,30,37,67,33,22,0,55,122,YES,3,2,NO,132,120,252,129.34,115.38,244.72,0,218
1994,14-Jan,07:30PM,Fri,Denver,24,25,49,26,21,0,47,96,NO,1,1,NO,New Jersey,30,25,55,25,23,0,48,103,NO,1,0,YES,104,95,199,101.34,90.38,191.72,-4.5,193
1994,14-Jan,07:30PM,Fri,Indiana,21,27,48,25,20,9,45,93,YES,1,0,YES,Philadelphia,22,32,54,26,13,11,39,93,YES,0,1,NO,102,84,186,99.34,79.38,178.72,-4,194
1994,14-Jan,04:30PM,Fri,Miami,30,20,50,23,37,0,60,110,NO,1,0,NO,Portland,35,31,66,14,35,0,49,115,NO,1,2,NO,116,109,225,113.34,104.38,217.72,-3.5,198
1994,14-Jan,08:00PM,Fri,LAC,25,28,53,22,27,0,49,102,NO,1,0,NO,Boston,24,26,50,25,20,0,45,95,NO,1,1,NO,103,94,197,100.34,89.38,189.72,-4,211
1994,15-Jan,01:00PM,Sat,Detroit,21,24,45,24,19,0,43,88,YES,1,1,YES,New York,34,18,52,12,33,0,45,97,NO,1,1,YES,97,88,185,94.34,83.38,177.72,,
1994,15-Jan,07:00PM,Sat,Miami,18,15,33,28,17,0,45,78,NO,0,2,YES,Seattle,23,25,48,24,25,0,49,97,NO,2,0,YES,81,94,175,78.34,89.38,167.72,,
1994,15-Jan,06:30PM,Sat,Houston,12,21,33,25,18,0,43,76,NO,1,2,YES,Chicago,21,19,40,24,18,0,42,82,NO,1,0,NO,73,85,158,70.34,80.38,150.72,,
1994,15-Jan,07:30PM,Sat,Philadelphia,22,8,30,18,19,0,37,67,YES,0,1,NO,Cleveland,19,23,42,30,38,0,68,110,NO,1,1,NO,72,105,177,69.34,100.38,169.72,,
1994,15-Jan,06:30PM,Sat,San Antonio,28,14,42,30,32,0,62,104,YES,1,1,NO,Dallas,19,19,38,18,31,0,49,87,YES,2,0,YES,80,111,191,77.34,106.38,183.72,,
1994,15-Jan,07:30PM,Sat,Atlanta,17,29,46,26,19,0,45,91,YES,0,1,YES,Indiana,22,30,52,20,22,0,42,94,NO,3,0,YES,98,87,185,95.34,82.38,177.72,,
1994,15-Jan,04:30PM,Sat,Phoenix,23,32,55,30,34,0,64,119,NO,1,1,NO,Sacramento,25,23,48,34,21,0,55,103,NO,3,1,NO,103,119,222,100.34,114.38,214.72,,
1994,15-Jan,07:30PM,Sat,LAC,27,32,59,27,23,0,50,109,NO,0,2,NO,Washington,30,28,58,29,31,0,60,118,NO,1,1,NO,117,110,227,114.34,105.38,219.72,,
1994,15-Jan,07:00PM,Sat,Orlando,25,27,52,31,30,0,61,113,NO,0,1,NO,Milwaukee,21,22,43,24,38,0,62,105,YES,1,1,NO,95,123,218,92.34,118.38,210.72,,
1994,16-Jan,02:00PM,Sun,Charlotte,34,24,58,28,15,0,43,101,NO,1,2,YES,Portland,31,22,53,25,28,0,53,106,YES,1,1,NO,111,96,207,108.34,91.38,199.72,,
1994,16-Jan,06:00PM,Sun,Utah,31,21,52,18,24,0,42,94,NO,1,0,NO,New Jersey,20,24,44,29,26,0,55,99,NO,2,1,NO,96,97,193,93.34,92.38,185.72,,
1994,16-Jan,07:00PM,Sun,Denver,28,20,48,25,27,0,52,100,NO,1,1,YES,Boston,35,25,60,21,24,0,45,105,YES,1,1,NO,108,97,205,105.34,92.38,197.72,,
1994,17-Jan,01:00PM,Mon,Minnesota,20,16,36,31,27,0,58,94,YES,2,1,NO,New York,32,24,56,18,32,0,50,106,NO,1,1,NO,92,108,200,89.34,103.38,192.72,,
1994,17-Jan,01:00PM,Mon,San Antonio,30,20,50,22,28,0,50,100,NO,1,1,NO,Washington,24,16,40,21,26,0,47,87,YES,1,1,NO,90,97,187,87.34,92.38,179.72,,
1994,17-Jan,01:30PM,Mon,Philadelphia,20,27,47,19,25,0,44,91,NO,1,1,NO,Chicago,27,32,59,33,29,0,62,121,NO,1,1,NO,106,106,212,103.34,101.38,204.72,,
1994,17-Jan,03:30PM,Mon,Milwaukee,20,31,51,19,28,0,47,98,YES,1,0,YES,Atlanta,17,27,44,40,18,0,58,102,NO,1,1,YES,95,105,200,92.34,100.38,192.72,,
1994,17-Jan,02:00PM,Mon,Phoenix,22,24,46,35,18,0,53,99,NO,1,0,YES,Golden State,22,25,47,27,30,0,57,104,YES,1,2,NO,93,110,203,90.34,105.38,195.72,,
1994,17-Jan,06:00PM,Mon,Orlando,24,23,47,26,34,0,60,107,NO,1,1,YES,Cleveland,28,27,55,29,30,0,59,114,YES,1,1,NO,102,119,221,99.34,114.38,213.72,,
1994,17-Jan,07:30PM,Mon,Utah,29,31,60,35,14,0,49,109,NO,0,1,YES,Detroit,19,23,42,23,29,0,52,94,YES,0,1,YES,102,101,203,99.34,96.38,195.72,,
1994,18-Jan,05:00PM,Tue,Portland,26,23,49,31,18,6,49,98,YES,1,2,YES,Denver,30,26,56,22,20,5,42,98,NO,1,1,YES,105,91,196,102.34,86.38,188.72,,
1994,18-Jan,04:00PM,Tue,Dallas,20,20,40,23,40,0,63,103,YES,2,0,YES,Phoenix,28,24,52,28,33,0,61,113,YES,1,0,YES,92,124,216,89.34,119.38,208.72,,
1994,18-Jan,07:00PM,Tue,LAL,19,20,39,17,32,0,49,88,YES,3,1,YES,Seattle,22,26,48,30,25,0,55,103,YES,0,2,NO,87,104,191,84.34,99.38,183.72,,
1994,18-Jan,06:30PM,Tue,Boston,23,26,49,27,19,0,46,95,YES,1,0,NO,Houston,25,18,43,23,17,0,40,83,YES,1,2,YES,92,86,178,89.34,81.38,170.72,,
1994,18-Jan,07:30PM,Tue,LAC,25,28,53,32,41,0,73,126,NO,2,0,NO,Miami,41,28,69,29,26,0,55,124,YES,0,2,YES,122,128,250,119.34,123.38,242.72,,
1994,18-Jan,06:30PM,Tue,Detroit,24,21,45,26,20,0,46,91,YES,0,2,NO,Milwaukee,27,20,47,37,39,0,76,123,NO,2,0,YES,92,122,214,89.34,117.38,206.72,,
1994,19-Jan,05:00PM,Wed,Cleveland,18,31,49,27,16,0,43,92,YES,1,1,NO,Utah,24,26,50,25,29,0,54,104,NO,1,1,YES,99,97,196,96.34,92.38,188.72,,
1994,19-Jan,07:30PM,Wed,Golden State,27,24,51,33,36,0,69,120,YES,1,1,NO,Atlanta,19,34,53,34,32,0,66,119,NO,1,1,NO,104,135,239,101.34,130.38,231.72,,
1994,19-Jan,07:30PM,Wed,Philadelphia,24,25,49,18,36,0,54,103,NO,1,2,YES,Charlotte,27,33,60,37,18,0,55,115,YES,1,2,YES,109,109,218,106.34,104.38,210.72,,
1994,19-Jan,06:30PM,Wed,Washington,19,21,40,20,23,0,43,83,YES,1,2,YES,Chicago,16,20,36,27,21,0,48,84,NO,1,1,NO,76,91,167,73.34,86.38,159.72,,
1994,19-Jan,06:30PM,Wed,Boston,26,18,44,26,19,0,45,89,NO,0,1,YES,Dallas,20,24,44,20,20,0,40,84,NO,1,0,YES,88,85,173,85.34,80.38,165.72,,
1994,19-Jan,07:30PM,Wed,Miami,13,28,41,20,31,0,51,92,YES,0,1,YES,Indiana,30,27,57,22,30,0,52,109,YES,1,3,NO,98,103,201,95.34,98.38,193.72,,
1994,19-Jan,07:30PM,Wed,Minnesota,29,15,44,18,29,0,47,91,NO,1,0,YES,New Jersey,27,28,55,30,27,0,57,112,YES,1,2,NO,99,104,203,96.34,99.38,195.72,,
1994,19-Jan,07:30PM,Wed,San Antonio,23,20,43,27,38,0,65,108,NO,1,0,NO,New York,33,30,63,26,31,0,57,120,YES,1,1,NO,106,122,228,103.34,117.38,220.72,,
1994,19-Jan,07:30PM,Wed,LAC,25,24,49,26,21,0,47,96,NO,0,1,YES,Orlando,26,34,60,22,26,0,48,108,NO,1,1,YES,109,95,204,106.34,90.38,196.72,,
1994,19-Jan,04:30PM,Wed,Seattle,28,25,53,37,24,0,61,114,YES,0,1,NO,Sacramento,21,22,43,26,26,0,52,95,YES,1,3,NO,96,113,209,93.34,108.38,201.72,,
1994,20-Jan,05:00PM,Thu,Houston,19,20,39,27,26,14,53,92,YES,1,1,YES,Denver,32,16,48,20,24,19,44,92,NO,1,1,NO,87,97,184,84.34,92.38,176.72,,
1994,20-Jan,06:00PM,Thu,San Antonio,18,21,39,24,20,0,44,83,NO,0,1,YES,Minnesota,24,23,47,21,25,0,46,93,NO,1,0,YES,86,90,176,83.34,85.38,168.72,,
1994,20-Jan,04:30PM,Thu,Phoenix,28,21,49,24,29,0,53,102,YES,1,1,YES,LAL,23,21,44,26,37,0,63,107,YES,0,1,YES,93,116,209,90.34,111.38,201.72,,
1994,21-Jan,05:00PM,Fri,Sacramento,22,26,48,18,17,0,35,83,YES,1,0,YES,Utah,26,27,53,32,27,0,59,112,YES,0,1,NO,101,94,195,98.34,89.38,187.72,-10.5,209
1994,21-Jan,07:30PM,Fri,New Jersey,30,21,51,32,22,8,54,105,YES,1,0,YES,Atlanta,34,26,60,25,20,6,45,105,YES,0,1,NO,111,99,210,108.34,94.38,202.72,-8.5,200
1994,21-Jan,07:30PM,Fri,Golden State,27,23,50,32,34,0,66,116,NO,1,0,NO,Boston,33,28,61,34,29,0,63,124,NO,2,1,YES,111,129,240,108.34,124.38,232.72,2,213
1994,21-Jan,06:30PM,Fri,Indiana,29,23,52,25,18,0,43,95,YES,1,0,YES,Chicago,20,23,43,27,26,0,53,96,YES,0,1,NO,95,96,191,92.34,91.38,183.72,0,190
1994,21-Jan,06:30PM,Fri,Seattle,18,28,46,24,21,0,45,91,NO,1,0,NO,Dallas,26,28,54,15,18,0,33,87,YES,0,1,NO,100,78,178,97.34,73.38,170.72,15,200
1994,21-Jan,04:30PM,Fri,Cleveland,32,22,54,24,28,0,52,106,NO,1,0,NO,LAC,23,26,49,20,21,0,41,90,YES,3,1,YES,103,93,196,100.34,88.38,188.72,0,207
1994,21-Jan,07:30PM,Fri,Detroit,32,24,56,29,33,0,62,118,NO,2,0,NO,Miami,27,20,47,22,29,0,51,98,NO,1,1,YES,103,113,216,100.34,108.38,208.72,-11,196
1994,21-Jan,04:30PM,Fri,LAL,26,17,43,27,23,0,50,93,YES,0,4,YES,Portland,29,33,62,23,26,0,49,111,YES,0,2,YES,105,99,204,102.34,94.38,196.72,-11,213
1994,21-Jan,07:00PM,Fri,Charlotte,35,26,61,24,25,0,49,110,YES,1,0,YES,Milwaukee,21,25,46,36,31,0,67,113,YES,0,2,NO,107,116,223,104.34,111.38,215.72,3.5,212
1994,21-Jan,08:00PM,Fri,New York,30,30,60,27,16,0,43,103,YES,1,1,YES,Orlando,28,35,63,20,23,0,43,106,YES,0,1,NO,123,86,209,120.34,81.38,201.72,-2.5,196
1994,22-Jan,05:00PM,Sat,Seattle,16,29,45,25,21,0,46,91,NO,0,1,NO,Denver,25,24,49,23,26,0,49,98,NO,4,1,NO,94,95,189,91.34,90.38,181.72,,
1994,22-Jan,06:00PM,Sat,Atlanta,29,22,51,26,21,0,47,98,YES,0,2,NO,Minnesota,16,20,36,31,14,0,45,81,NO,3,1,NO,87,92,179,84.34,87.38,171.72,,
1994,22-Jan,04:00PM,Sat,Portland,31,27,58,36,23,0,59,117,YES,0,2,YES,Phoenix,26,30,56,38,24,0,62,118,YES,2,1,YES,114,121,235,111.34,116.38,227.72,,
1994,22-Jan,07:30PM,Sat,Milwaukee,21,20,41,19,20,0,39,80,YES,0,1,NO,Charlotte,28,20,48,19,24,0,43,91,YES,2,0,YES,89,82,171,86.34,77.38,163.72,,
1994,22-Jan,06:30PM,Sat,Utah,17,29,46,29,26,0,55,101,YES,0,1,YES,Houston,24,29,53,30,23,0,53,106,NO,2,1,YES,99,108,207,96.34,103.38,199.72,,
1994,22-Jan,07:30PM,Sat,Chicago,23,21,44,28,18,0,46,90,YES,0,1,NO,Indiana,25,13,38,23,20,0,43,81,NO,1,0,YES,82,89,171,79.34,84.38,163.72,,
1994,22-Jan,07:30PM,Sat,Golden State,19,25,44,29,25,0,54,98,NO,0,3,YES,New Jersey,21,21,42,36,46,0,82,124,YES,2,0,YES,86,136,222,83.34,131.38,214.72,,
1994,22-Jan,07:30PM,Sat,Orlando,30,24,54,35,32,0,67,121,YES,0,2,YES,Philadelphia,27,23,50,30,32,0,62,112,YES,0,2,YES,104,129,233,101.34,124.38,225.72,,
1994,22-Jan,04:30PM,Sat,Cleveland,30,21,51,21,30,17,51,102,NO,0,2,NO,Sacramento,32,24,56,27,19,7,46,102,YES,2,0,YES,107,97,204,104.34,92.38,196.72,,
1994,22-Jan,06:30PM,Sat,Dallas,19,21,40,17,26,0,43,83,YES,0,1,NO,San Antonio,16,33,49,31,23,0,54,103,NO,2,1,YES,89,97,186,86.34,92.38,178.72,,
1994,22-Jan,07:30PM,Sat,Detroit,19,24,43,29,21,0,50,93,NO,0,1,YES,Washington,28,18,46,25,27,0,52,98,YES,0,2,YES,89,102,191,86.34,97.38,183.72,,
1994,23-Jan,06:00PM,Sun,Philadelphia,18,25,43,30,26,0,56,99,YES,0,2,YES,New York,25,26,51,26,15,0,41,92,NO,1,1,YES,94,97,191,91.34,92.38,183.72,,
1994,23-Jan,07:30PM,Sun,Washington,22,17,39,18,23,0,41,80,YES,0,1,NO,Miami,36,25,61,27,25,0,52,113,NO,1,1,NO,100,93,193,97.34,88.38,185.72,,
1994,24-Jan,05:00PM,Mon,Seattle,31,13,44,20,26,0,46,90,NO,1,0,YES,Utah,19,29,48,25,22,0,47,95,YES,1,1,YES,92,93,185,89.34,88.38,177.72,,
1994,24-Jan,07:30PM,Mon,Dallas,31,23,54,21,27,0,48,102,NO,1,1,NO,Boston,22,33,55,30,25,0,55,110,NO,1,2,NO,109,103,212,106.34,98.38,204.72,,
1994,24-Jan,07:30PM,Mon,Chicago,18,28,46,20,26,0,46,92,NO,1,2,NO,Detroit,30,16,46,24,16,0,40,86,YES,1,1,YES,92,86,178,89.34,81.38,170.72,,
1994,24-Jan,07:30PM,Mon,Milwaukee,21,22,43,21,32,0,53,96,NO,1,0,YES,Indiana,24,19,43,23,22,0,45,88,YES,1,1,NO,86,98,184,83.34,93.38,176.72,,
1994,25-Jan,07:00PM,Tue,LAC,34,27,61,25,25,0,50,111,YES,3,1,YES,Seattle,29,28,57,27,19,0,46,103,NO,1,0,YES,118,96,214,115.34,91.38,206.72,,
1994,25-Jan,06:30PM,Tue,Cleveland,25,24,49,27,17,0,44,93,NO,2,1,YES,Houston,25,26,51,16,29,0,45,96,NO,1,2,NO,100,89,189,97.34,84.38,181.72,,
1994,25-Jan,07:30PM,Tue,Charlotte,30,21,51,20,27,0,47,98,YES,2,0,YES,Miami,41,23,64,35,20,0,55,119,YES,0,1,NO,115,102,217,112.34,97.38,209.72,,
1994,25-Jan,06:30PM,Tue,Atlanta,24,29,53,20,22,0,42,95,NO,2,0,YES,Milwaukee,22,21,43,22,25,0,47,90,YES,2,0,YES,96,89,185,93.34,84.38,177.72,,
1994,25-Jan,07:30PM,Tue,Washington,18,28,46,25,18,0,43,89,NO,1,1,YES,Orlando,28,28,56,28,28,0,56,112,YES,0,2,YES,102,99,201,99.34,94.38,193.72,,
1994,25-Jan,04:30PM,Tue,New Jersey,31,26,57,31,29,0,60,117,YES,2,1,NO,Portland,31,28,59,29,34,0,63,122,NO,2,2,YES,116,123,239,113.34,118.38,231.72,,
1994,25-Jan,06:30PM,Tue,Sacramento,26,14,40,24,27,0,51,91,YES,2,1,NO,San Antonio,30,26,56,28,23,0,51,107,NO,3,2,NO,96,102,198,93.34,97.38,190.72,,
1994,25-Jan,08:00PM,Tue,Phoenix,24,26,50,26,20,0,46,96,YES,2,0,NO,New York,24,20,44,29,25,0,54,98,YES,1,1,NO,94,100,194,91.34,95.38,186.72,,
1994,26-Jan,06:00PM,Wed,Utah,19,24,43,29,26,0,55,98,YES,1,1,YES,Minnesota,27,28,55,29,16,0,45,100,YES,1,3,NO,98,100,198,95.34,95.38,190.72,,
1994,26-Jan,07:30PM,Wed,Phoenix,31,20,51,30,26,0,56,107,NO,0,1,NO,Atlanta,40,22,62,29,25,0,54,116,YES,1,0,YES,113,110,223,110.34,105.38,215.72,,
1994,26-Jan,07:30PM,Wed,Miami,14,25,39,31,28,0,59,98,YES,0,1,NO,Boston,25,23,48,26,29,0,55,103,NO,3,1,NO,87,114,201,84.34,109.38,193.72,,
1994,26-Jan,07:30PM,Wed,Orlando,30,34,64,36,45,0,81,145,YES,0,1,YES,Charlotte,36,25,61,33,26,0,59,120,NO,1,0,YES,125,140,265,122.34,135.38,257.72,,
1994,26-Jan,04:30PM,Wed,Detroit,21,23,44,26,22,0,48,92,YES,1,1,NO,Golden State,28,20,48,25,35,0,60,108,YES,1,3,YES,92,108,200,89.34,103.38,192.72,,
1994,26-Jan,04:30PM,Wed,Indiana,24,25,49,29,21,0,50,99,YES,1,0,NO,LAL,29,22,51,20,32,0,52,103,NO,1,4,YES,100,102,202,97.34,97.38,194.72,,
1994,26-Jan,07:30PM,Wed,Dallas,16,27,43,18,29,0,47,90,NO,1,0,NO,Philadelphia,31,20,51,27,26,0,53,104,NO,1,2,YES,94,100,194,91.34,95.38,186.72,,
1994,27-Jan,05:00PM,Thu,Indiana,28,24,52,21,33,0,54,106,NO,0,1,NO,Denver,29,31,60,25,28,0,53,113,NO,1,4,NO,112,107,219,109.34,102.38,211.72,,
1994,27-Jan,07:00PM,Thu,New Jersey,19,25,44,25,23,0,48,92,NO,1,1,NO,Seattle,30,22,52,22,28,0,50,102,NO,1,1,NO,96,98,194,93.34,93.38,186.72,,
1994,27-Jan,07:30PM,Thu,Chicago,26,12,38,27,19,0,46,84,NO,2,0,YES,Cleveland,31,20,51,15,34,0,49,100,NO,1,1,YES,89,95,184,86.34,90.38,176.72,,
1994,27-Jan,06:30PM,Thu,Sacramento,21,16,37,29,31,0,60,97,NO,1,1,NO,Houston,24,38,62,28,23,0,51,113,NO,1,1,NO,99,111,210,96.34,106.38,202.72,,
1994,27-Jan,04:30PM,Thu,New York,25,23,48,27,28,0,55,103,YES,1,1,NO,LAC,30,27,57,24,20,0,44,101,NO,1,1,YES,105,99,204,102.34,94.38,196.72,,
1994,27-Jan,07:30PM,Thu,Dallas,15,30,45,25,25,0,50,95,NO,0,1,YES,Washington,25,27,52,19,27,0,46,98,NO,1,1,YES,97,96,193,94.34,91.38,185.72,,
1994,28-Jan,04:00PM,Fri,Golden State,20,18,38,24,29,0,53,91,YES,1,0,YES,Utah,24,27,51,36,32,0,68,119,NO,3,1,YES,89,121,210,86.34,116.38,202.72,-4.5,209
1994,28-Jan,07:30PM,Fri,Atlanta,34,28,62,25,30,0,55,117,YES,1,0,NO,Charlotte,25,28,53,27,25,0,52,105,NO,4,1,NO,115,107,222,112.34,102.38,214.72,0,0
1994,28-Jan,06:30PM,Fri,Milwaukee,34,16,50,31,15,0,46,96,YES,2,0,NO,Chicago,36,30,66,19,28,0,47,113,YES,3,0,YES,116,93,209,113.34,88.38,201.72,-7.5,186
1994,28-Jan,04:30PM,Fri,Detroit,19,20,39,40,18,0,58,97,NO,1,0,NO,LAL,37,25,62,25,18,0,43,105,YES,3,1,NO,101,101,202,98.34,96.38,194.72,-5.5,199
1994,28-Jan,07:30PM,Fri,Miami,19,26,45,35,26,0,61,106,NO,1,0,NO,Orlando,27,21,48,24,25,0,49,97,YES,0,1,YES,93,110,203,90.34,105.38,195.72,-7,212
1994,28-Jan,07:30PM,Fri,Phoenix,24,31,55,30,23,0,53,108,NO,1,1,NO,Philadelphia,29,28,57,19,27,0,46,103,NO,0,1,NO,112,99,211,109.34,94.38,203.72,1.5,201
1994,28-Jan,04:30PM,Fri,Minnesota,20,21,41,28,29,0,57,98,YES,1,0,NO,Portland,16,34,50,33,26,0,59,109,NO,1,2,NO,91,116,207,88.34,111.38,199.72,-11,209
1994,29-Jan,05:00PM,Sat,Detroit,29,29,58,33,19,0,52,110,NO,0,1,YES,Denver,36,26,62,38,28,0,66,128,NO,2,1,NO,120,118,238,117.34,113.38,230.72,,
1994,29-Jan,07:00PM,Sat,New York,26,25,51,32,23,0,55,106,NO,1,0,NO,Seattle,28,30,58,13,21,0,34,92,YES,2,1,NO,109,89,198,106.34,84.38,190.72,,
1994,29-Jan,07:30PM,Sat,Miami,29,32,61,26,26,0,52,113,NO,0,2,NO,Cleveland,23,22,45,24,29,0,53,98,YES,1,1,NO,106,105,211,103.34,100.38,203.72,,
1994,29-Jan,06:30PM,Sat,Sacramento,28,22,50,31,20,0,51,101,NO,1,2,YES,Dallas,21,36,57,26,25,0,51,108,NO,1,1,YES,107,102,209,104.34,97.38,201.72,,
1994,29-Jan,04:30PM,Sat,New Jersey,29,31,60,28,32,0,60,120,NO,1,2,YES,Golden State,32,22,54,26,26,0,52,106,YES,1,0,YES,114,112,226,111.34,107.38,218.72,,
1994,29-Jan,06:30PM,Sat,Indiana,29,28,57,32,30,0,62,119,NO,1,2,YES,Houston,24,29,53,26,29,0,55,108,YES,2,1,NO,110,117,227,107.34,112.38,219.72,,
1994,29-Jan,04:30PM,Sat,Minnesota,19,25,44,24,25,0,49,93,NO,0,3,YES,LAC,24,31,55,28,20,0,48,103,NO,1,1,NO,99,97,196,96.34,92.38,188.72,,
1994,29-Jan,07:30PM,Sat,Milwaukee,25,25,50,20,19,0,39,89,NO,0,2,YES,Philadelphia,15,27,42,18,34,0,52,94,NO,3,0,NO,92,91,183,89.34,86.38,175.72,,
1994,29-Jan,06:30PM,Sat,Atlanta,29,16,45,17,25,0,42,87,NO,0,1,NO,San Antonio,37,23,60,17,23,0,40,100,NO,2,3,NO,105,82,187,102.34,77.38,179.72,,
1994,29-Jan,07:30PM,Sat,Orlando,25,24,49,26,28,0,54,103,YES,0,3,NO,Washington,32,20,52,29,18,0,47,99,YES,2,1,NO,101,101,202,98.34,96.38,194.72,,
1994,30-Jan,12:30PM,Sun,Phoenix,23,22,45,25,24,0,49,94,NO,1,1,YES,Boston,26,29,55,29,22,0,51,106,YES,1,3,NO,100,100,200,97.34,95.38,192.72,,
1994,30-Jan,04:30PM,Sun,New York,20,33,53,24,26,0,50,103,NO,0,1,YES,Portland,21,25,46,26,21,0,47,93,YES,1,1,NO,99,97,196,96.34,92.38,188.72,,
1994,31-Jan,06:30PM,Mon,Atlanta,19,18,37,36,17,0,53,90,NO,1,1,YES,Dallas,19,24,43,19,23,0,42,85,YES,1,1,NO,80,95,175,77.34,90.38,167.72,,
1994,31-Jan,04:30PM,Mon,Golden State,38,25,63,20,27,0,47,110,YES,1,1,YES,LAC,25,21,46,23,27,0,50,96,YES,0,1,NO,109,97,206,106.34,92.38,198.72,,
1994,31-Jan,08:00PM,Mon,Cleveland,31,20,51,34,22,0,56,107,YES,1,1,NO,Detroit,30,24,54,28,21,0,49,103,NO,1,1,YES,105,105,210,102.34,100.38,202.72,,
1994,1-Feb,05:00PM,Tue,Chicago,29,33,62,32,24,0,56,118,YES,3,1,NO,Denver,27,18,45,23,30,0,53,98,YES,0,2,NO,107,109,216,104.34,104.38,208.72,,
1994,1-Feb,04:00PM,Tue,LAC,25,28,53,34,19,0,53,106,YES,0,3,YES,Phoenix,32,28,60,27,21,0,48,108,YES,1,1,YES,113,101,214,110.34,96.38,206.72,,
1994,1-Feb,05:00PM,Tue,Houston,26,25,51,16,21,0,37,88,YES,2,1,YES,Utah,16,34,50,27,27,0,54,104,NO,1,3,NO,101,91,192,98.34,86.38,184.72,,
1994,1-Feb,07:30PM,Tue,Washington,23,19,42,29,25,0,54,96,YES,2,0,YES,Indiana,29,28,57,24,35,0,59,116,YES,0,2,YES,99,113,212,96.34,108.38,204.72,,
1994,1-Feb,06:30PM,Tue,Miami,21,28,49,15,24,0,39,88,NO,2,2,NO,Milwaukee,24,20,44,22,16,0,38,82,YES,0,2,YES,93,77,170,90.34,72.38,162.72,,
1994,1-Feb,07:30PM,Tue,Seattle,34,22,56,26,21,0,47,103,YES,2,0,NO,New Jersey,31,26,57,30,17,0,47,104,YES,3,2,YES,113,94,207,110.34,89.38,199.72,,
1994,1-Feb,07:30PM,Tue,Boston,20,22,42,14,23,0,37,79,YES,1,0,YES,New York,31,29,60,29,25,0,54,114,YES,0,1,YES,102,91,193,99.34,86.38,185.72,,
1994,1-Feb,04:30PM,Tue,Portland,18,33,51,19,27,0,46,97,YES,1,1,YES,Sacramento,25,29,54,26,22,0,48,102,NO,2,2,YES,105,94,199,102.34,89.38,191.72,,
1994,1-Feb,06:30PM,Tue,LAL,25,18,43,24,30,0,54,97,YES,3,1,NO,San Antonio,25,28,53,25,34,0,59,112,YES,1,2,NO,96,113,209,93.34,108.38,201.72,,
1994,2-Feb,06:00PM,Wed,Dallas,19,22,41,30,21,0,51,92,YES,1,1,YES,Minnesota,24,21,45,21,22,0,43,88,YES,1,3,YES,86,94,180,83.34,89.38,172.72,,
1994,2-Feb,07:30PM,Wed,Orlando,30,12,42,21,36,0,57,99,NO,3,1,YES,Atlanta,28,28,56,34,28,0,62,118,NO,1,1,YES,98,119,217,95.34,114.38,209.72,,
1994,2-Feb,07:30PM,Wed,Seattle,29,31,60,18,19,0,37,97,NO,0,1,NO,Boston,20,19,39,24,21,0,45,84,NO,1,0,YES,99,82,181,96.34,77.38,173.72,,
1994,2-Feb,07:30PM,Wed,Indiana,33,47,80,29,15,0,44,124,YES,0,1,YES,Charlotte,19,31,50,33,29,0,62,112,NO,1,4,NO,130,106,236,127.34,101.38,228.72,,
1994,2-Feb,07:30PM,Wed,Milwaukee,22,22,44,26,20,0,46,90,YES,0,1,NO,Detroit,21,23,44,34,26,0,60,104,NO,1,1,NO,88,106,194,85.34,101.38,186.72,,
1994,2-Feb,04:30PM,Wed,Denver,22,15,37,26,21,0,47,84,YES,0,1,NO,Golden State,19,26,45,30,22,0,52,97,NO,1,1,YES,82,99,181,79.34,94.38,173.72,,
1994,2-Feb,07:30PM,Wed,Cleveland,29,27,56,25,24,0,49,105,NO,1,0,YES,Philadelphia,21,19,40,26,31,0,57,97,NO,1,3,NO,96,106,202,93.34,101.38,194.72,,
1994,2-Feb,07:30PM,Wed,New York,22,17,39,22,24,0,46,85,YES,0,1,NO,Washington,22,19,41,20,19,0,39,80,YES,1,0,YES,80,85,165,77.34,80.38,157.72,,
1994,3-Feb,05:00PM,Thu,Chicago,24,24,48,18,28,0,46,94,NO,1,0,NO,Utah,23,18,41,21,23,0,44,85,NO,1,1,NO,89,90,179,86.34,85.38,171.72,,
1994,3-Feb,07:30PM,Thu,San Antonio,32,16,48,23,27,0,50,98,YES,1,0,NO,Cleveland,21,25,46,28,23,0,51,97,NO,1,0,YES,94,101,195,91.34,96.38,187.72,,
1994,3-Feb,06:30PM,Thu,LAL,17,20,37,27,24,0,51,88,NO,1,0,NO,Houston,25,23,48,31,20,0,51,99,NO,2,1,YES,85,102,187,82.34,97.38,179.72,,
1994,3-Feb,04:30PM,Thu,Phoenix,21,32,53,25,27,0,52,105,YES,1,2,YES,Portland,31,31,62,36,28,0,64,126,YES,1,1,YES,115,116,231,112.34,111.38,223.72,,
1994,4-Feb,07:30PM,Fri,San Antonio,34,28,62,24,14,0,38,100,NO,0,1,NO,Boston,30,16,46,24,21,0,45,91,NO,4,1,NO,108,83,191,105.34,78.38,183.72,2.5,0
1994,4-Feb,07:30PM,Fri,Miami,29,33,62,37,25,0,62,124,NO,2,0,YES,Charlotte,29,27,56,24,38,0,62,118,YES,0,1,NO,118,124,242,115.34,119.38,234.72,-2,0
1994,4-Feb,06:30PM,Fri,LAL,25,24,49,29,17,0,46,95,NO,0,1,YES,Dallas,22,21,43,27,17,0,44,87,YES,1,1,YES,92,90,182,89.34,85.38,174.72,3,197
1994,4-Feb,04:30PM,Fri,Chicago,27,25,52,29,20,0,49,101,NO,0,1,NO,Golden State,28,29,57,23,19,0,42,99,YES,1,1,NO,109,91,200,106.34,86.38,192.72,-5.5,201
1994,4-Feb,07:30PM,Fri,Minnesota,32,19,51,23,19,0,42,93,YES,1,1,NO,Indiana,36,26,62,27,25,0,52,114,NO,0,1,YES,113,94,207,110.34,89.38,199.72,-8,200
1994,4-Feb,07:30PM,Fri,Milwaukee,30,25,55,26,17,0,43,98,NO,1,0,YES,Orlando,30,25,55,13,24,0,37,92,YES,1,1,YES,110,80,190,107.34,75.38,182.72,-10.5,205
1994,4-Feb,07:30PM,Fri,Washington,23,23,46,35,21,0,56,102,YES,1,1,YES,Philadelphia,23,22,45,29,21,0,50,95,YES,0,1,NO,91,106,197,88.34,101.38,189.72,-5,193
1994,4-Feb,04:30PM,Fri,Denver,26,34,60,22,26,0,48,108,NO,1,1,YES,Sacramento,17,17,34,23,26,0,49,83,YES,0,2,NO,94,97,191,91.34,92.38,183.72,1.5,204
1994,4-Feb,08:00PM,Fri,New York,21,27,48,21,33,0,54,102,NO,1,1,YES,Atlanta,31,25,56,28,30,0,58,114,YES,0,1,NO,104,112,216,101.34,107.38,208.72,-3.5,193
1994,4-Feb,08:00PM,Fri,Seattle,26,30,56,31,21,0,52,108,NO,1,0,NO,Detroit,19,28,47,24,13,0,37,84,NO,0,1,NO,103,89,192,100.34,84.38,184.72,9,0
1994,5-Feb,05:00PM,Sat,Portland,27,28,55,28,31,0,59,114,YES,1,2,YES,Utah,27,34,61,37,30,0,67,128,YES,0,1,NO,116,126,242,113.34,121.38,234.72,,
1994,5-Feb,07:30PM,Sat,Atlanta,22,28,50,22,21,0,43,93,YES,0,1,YES,Cleveland,29,28,57,23,29,0,52,109,NO,2,1,NO,107,95,202,104.34,90.38,194.72,,
1994,5-Feb,07:30PM,Sat,New Jersey,15,28,43,33,31,0,64,107,YES,3,0,YES,Detroit,30,27,57,16,27,0,43,100,YES,1,0,NO,100,107,207,97.34,102.38,199.72,,
1994,5-Feb,07:30PM,Sat,Charlotte,21,26,47,27,28,0,55,102,YES,0,1,NO,Indiana,31,29,60,25,26,0,51,111,NO,1,0,NO,107,106,213,104.34,101.38,205.72,,
1994,5-Feb,04:30PM,Sat,Sacramento,33,29,62,26,22,0,48,110,YES,0,2,NO,LAC,33,25,58,35,29,0,64,122,NO,2,3,YES,120,112,232,117.34,107.38,224.72,,
1994,5-Feb,07:30PM,Sat,Philadelphia,24,30,54,18,24,0,42,96,YES,0,1,YES,Miami,29,15,44,27,23,0,50,94,NO,1,0,YES,98,92,190,95.34,87.38,182.72,,
1994,5-Feb,07:00PM,Sat,Seattle,29,24,53,35,27,0,62,115,NO,0,3,YES,Milwaukee,15,28,43,24,27,0,51,94,NO,2,0,YES,96,113,209,93.34,108.38,201.72,,
1994,6-Feb,01:00PM,Sun,Orlando,17,26,43,19,15,0,34,77,YES,1,2,YES,New York,21,21,42,25,28,0,53,95,YES,0,1,YES,85,87,172,82.34,82.38,164.72,,
1994,6-Feb,01:00PM,Sun,Golden State,28,24,52,26,28,0,54,106,YES,1,0,NO,Washington,31,26,57,20,7,0,27,84,YES,1,1,YES,109,81,190,106.34,76.38,182.72,,
1994,6-Feb,10:30AM,Sun,Chicago,19,31,50,21,17,0,38,88,NO,1,1,NO,Phoenix,32,19,51,22,16,0,38,89,YES,1,2,YES,101,76,177,98.34,71.38,169.72,,
1994,6-Feb,04:00PM,Sun,Minnesota,22,26,48,17,25,0,42,90,NO,1,1,NO,Houston,30,32,62,13,26,0,39,101,YES,1,2,NO,110,81,191,107.34,76.38,183.72,,
1994,6-Feb,06:00PM,Sun,San Antonio,18,26,44,28,21,11,49,93,NO,1,1,YES,New Jersey,26,18,44,26,23,9,49,93,YES,1,0,YES,88,98,186,85.34,93.38,178.72,,
1994,6-Feb,05:00PM,Sun,Dallas,19,20,39,20,30,0,50,89,YES,1,1,YES,Denver,25,26,51,24,24,0,48,99,NO,1,1,YES,90,98,188,87.34,93.38,180.72,,
1994,6-Feb,04:00PM,Sun,Utah,15,24,39,20,31,0,51,90,YES,0,1,NO,LAL,10,30,40,24,43,0,67,107,NO,1,1,YES,79,118,197,76.34,113.38,189.72,,
1994,7-Feb,07:30PM,Mon,Detroit,18,25,43,30,24,0,54,97,YES,1,1,NO,Atlanta,29,32,61,36,44,0,80,141,YES,1,1,YES,104,134,238,101.34,129.38,230.72,,
1994,7-Feb,07:30PM,Mon,Golden State,28,29,57,19,23,0,42,99,NO,0,1,NO,Indiana,27,27,54,22,28,0,50,104,YES,1,1,NO,111,92,203,108.34,87.38,195.72,,
1994,7-Feb,07:30PM,Mon,Charlotte,33,31,64,27,26,0,53,117,NO,1,1,YES,Philadelphia,45,30,75,21,29,0,50,125,NO,1,1,YES,139,103,242,136.34,98.38,234.72,,
1994,7-Feb,08:00PM,Mon,New York,34,18,52,12,21,0,33,85,YES,0,1,NO,Miami,20,21,41,33,22,0,55,96,NO,1,1,NO,93,88,181,90.34,83.38,173.72,,
1994,8-Feb,05:00PM,Tue,Utah,16,30,46,30,20,0,50,96,NO,1,0,YES,Denver,16,17,33,30,32,0,62,95,YES,1,1,NO,79,112,191,76.34,107.38,183.72,,
1994,8-Feb,07:30PM,Tue,New Jersey,23,28,51,28,25,0,53,104,YES,1,0,YES,Cleveland,27,36,63,25,24,0,49,112,YES,0,2,NO,114,102,216,111.34,97.38,208.72,,
1994,8-Feb,06:30PM,Tue,Minnesota,24,23,47,14,29,15,43,90,NO,1,0,NO,Dallas,18,23,41,25,24,18,49,90,NO,1,1,YES,88,92,180,85.34,87.38,172.72,,
1994,8-Feb,04:30PM,Tue,Chicago,33,25,58,31,29,0,60,118,NO,1,1,NO,LAC,25,29,54,18,17,0,35,89,YES,0,2,NO,112,95,207,109.34,90.38,199.72,,
1994,8-Feb,04:30PM,Tue,Phoenix,36,24,60,19,25,0,44,104,YES,1,0,YES,LAL,24,25,49,30,28,0,58,107,YES,0,1,NO,109,102,211,106.34,97.38,203.72,,
1994,8-Feb,06:30PM,Tue,Houston,24,26,50,18,30,0,48,98,YES,1,1,NO,Milwaukee,26,21,47,26,33,0,59,106,NO,1,2,NO,97,107,204,94.34,102.38,196.72,,
1994,8-Feb,04:30PM,Tue,Sacramento,26,22,48,27,25,0,52,100,NO,2,0,YES,Portland,31,30,61,28,35,0,63,124,YES,0,2,YES,109,115,224,106.34,110.38,216.72,,
1994,8-Feb,06:30PM,Tue,Washington,25,20,45,22,23,0,45,90,YES,1,1,NO,San Antonio,25,24,49,31,30,0,61,110,NO,1,1,YES,94,106,200,91.34,101.38,192.72,,
1994,9-Feb,04:00PM,Wed,Minnesota,29,27,56,32,18,0,50,106,NO,0,5,YES,Phoenix,36,27,63,28,20,0,48,111,NO,6,0,YES,119,98,217,116.34,93.38,209.72,,
1994,9-Feb,07:00PM,Wed,Portland,14,28,42,23,29,0,52,94,YES,0,5,NO,Seattle,23,31,54,33,28,0,61,115,NO,5,3,YES,96,113,209,93.34,108.38,201.72,,
1994,9-Feb,05:00PM,Wed,LAL,24,25,49,28,26,0,54,103,YES,0,0,YES,Utah,21,21,42,29,25,0,54,96,YES,6,0,YES,91,108,199,88.34,103.38,191.72,,
1994,9-Feb,07:30PM,Wed,Detroit,26,20,46,32,24,0,56,102,NO,1,0,YES,Boston,28,19,47,22,26,0,48,95,YES,5,4,NO,93,104,197,90.34,99.38,189.72,,
1994,9-Feb,07:30PM,Wed,Indiana,28,18,46,27,29,0,56,102,YES,1,5,NO,Miami,27,27,54,23,21,0,44,98,YES,0,1,NO,100,100,200,97.34,95.38,192.72,,
1994,9-Feb,07:30PM,Wed,Cleveland,23,24,47,17,31,0,48,95,YES,0,5,YES,New Jersey,24,30,54,25,27,0,52,106,NO,5,0,YES,101,100,201,98.34,95.38,193.72,,
1994,9-Feb,07:30PM,Wed,Atlanta,22,22,44,20,23,0,43,87,YES,1,0,YES,Orlando,29,26,55,19,30,0,49,104,NO,5,2,YES,99,92,191,96.34,87.38,183.72,,
1994,9-Feb,07:30PM,Wed,New York,37,24,61,20,33,0,53,114,NO,1,0,YES,Philadelphia,26,17,43,21,15,0,36,79,YES,5,1,NO,104,89,193,101.34,84.38,185.72,,
1994,9-Feb,04:30PM,Wed,LAC,31,22,53,19,23,0,42,95,YES,0,5,NO,Sacramento,26,29,55,25,25,0,50,105,YES,0,0,YES,108,92,200,105.34,87.38,192.72,,
1994,9-Feb,08:00PM,Wed,Golden State,43,24,67,33,26,0,59,126,NO,1,0,NO,Charlotte,33,33,66,24,26,0,50,116,NO,6,1,YES,133,109,242,130.34,104.38,234.72,,
1994,10-Feb,07:30PM,Thu,Miami,21,28,49,28,21,0,49,98,YES,0,5,NO,Atlanta,37,24,61,26,27,0,53,114,YES,4,0,YES,110,102,212,107.34,97.38,204.72,,
1994,10-Feb,06:30PM,Thu,Washington,15,20,35,18,24,0,42,77,NO,1,4,NO,Dallas,20,26,46,22,19,0,41,87,NO,4,1,NO,81,83,164,78.34,78.38,156.72,,
1994,10-Feb,07:30PM,Thu,Houston,34,29,63,16,25,0,41,104,NO,1,4,YES,Detroit,28,16,44,23,14,0,37,81,NO,4,0,YES,107,78,185,104.34,73.38,177.72,,
1994,10-Feb,04:30PM,Thu,Sacramento,28,21,49,28,26,0,54,103,YES,0,4,NO,LAL,22,21,43,22,19,0,41,84,NO,4,0,YES,92,95,187,89.34,90.38,179.72,,
1994,10-Feb,06:30PM,Thu,Chicago,29,24,53,19,25,0,44,97,NO,1,5,YES,Milwaukee,20,18,38,22,20,0,42,80,YES,4,1,NO,91,86,177,88.34,81.38,169.72,,
1994,10-Feb,07:30PM,Thu,Golden State,29,25,54,28,31,0,59,113,NO,0,4,YES,New York,34,15,49,31,25,0,56,105,YES,4,0,YES,103,115,218,100.34,110.38,210.72,,
1994,10-Feb,06:30PM,Thu,Denver,17,25,42,17,28,0,45,87,YES,1,4,NO,San Antonio,21,22,43,29,22,0,51,94,NO,4,1,NO,85,96,181,82.34,91.38,173.72,,
1994,15-Feb,06:00PM,Tue,Milwaukee,22,27,49,26,15,0,41,90,YES,4,0,YES,Minnesota,30,29,59,12,26,0,38,97,YES,1,5,YES,108,79,187,105.34,74.38,179.72,,
1994,15-Feb,07:00PM,Tue,Philadelphia,24,21,45,25,35,0,60,105,YES,5,0,NO,Seattle,31,35,66,33,34,0,67,133,YES,1,5,NO,111,127,238,108.34,122.38,230.72,,
1994,15-Feb,07:30PM,Tue,Denver,26,25,51,22,26,0,48,99,NO,4,0,NO,Cleveland,34,30,64,25,22,0,47,111,NO,1,5,YES,115,95,210,112.34,90.38,202.72,,
1994,15-Feb,06:30PM,Tue,Portland,28,23,51,22,33,0,55,106,NO,5,0,NO,Dallas,26,23,49,24,30,0,54,103,NO,1,4,NO,100,109,209,97.34,104.38,201.72,,
1994,15-Feb,07:30PM,Tue,Washington,22,18,40,29,24,0,53,93,NO,4,1,YES,Detroit,20,20,40,34,26,0,60,100,YES,1,4,NO,80,113,193,77.34,108.38,185.72,,
1994,15-Feb,04:30PM,Tue,Sacramento,16,31,47,24,42,0,66,113,NO,4,0,YES,Golden State,32,24,56,33,34,0,67,123,NO,1,4,YES,103,133,236,100.34,128.38,228.72,,
1994,15-Feb,06:30PM,Tue,Atlanta,32,21,53,14,32,0,46,99,YES,4,1,NO,Houston,23,25,48,26,29,0,55,103,YES,0,4,YES,101,101,202,98.34,96.38,194.72,,
1994,15-Feb,04:30PM,Tue,LAC,27,22,49,24,27,0,51,100,NO,5,0,YES,LAL,24,25,49,21,19,0,40,89,YES,2,4,NO,98,91,189,95.34,86.38,181.72,,
1994,15-Feb,07:30PM,Tue,New York,25,13,38,28,17,0,45,83,YES,4,1,NO,New Jersey,32,23,55,24,24,0,48,103,YES,1,5,NO,93,93,186,90.34,88.38,178.72,,
1994,15-Feb,07:30PM,Tue,Boston,26,28,54,20,18,0,38,92,YES,5,1,YES,Orlando,25,30,55,14,33,0,47,102,NO,2,5,NO,109,85,194,106.34,80.38,186.72,,
1994,15-Feb,06:30PM,Tue,Indiana,24,18,42,29,29,0,58,100,NO,5,1,NO,San Antonio,34,24,58,24,27,0,51,109,NO,1,4,NO,100,109,209,97.34,104.38,201.72,,
1994,16-Feb,04:00PM,Wed,Portland,32,18,50,20,30,0,50,100,NO,0,1,YES,Phoenix,22,23,45,41,40,0,81,126,NO,1,6,NO,95,131,226,92.34,126.38,218.72,,
1994,16-Feb,07:30PM,Wed,Houston,20,25,45,31,21,0,52,97,YES,0,2,YES,Charlotte,35,18,53,21,28,0,49,102,NO,1,6,NO,98,101,199,95.34,96.38,191.72,,
1994,16-Feb,06:30PM,Wed,Miami,18,25,43,31,35,0,66,109,NO,5,0,YES,Chicago,35,26,61,19,21,0,40,101,NO,1,5,YES,104,106,210,101.34,101.38,202.72,,
1994,16-Feb,04:30PM,Wed,Utah,24,13,37,34,32,0,66,103,YES,6,1,NO,LAC,28,24,52,22,25,0,47,99,NO,1,0,YES,89,113,202,86.34,108.38,194.72,,
1994,16-Feb,06:30PM,Wed,Denver,29,29,58,20,29,0,49,107,NO,0,1,NO,Milwaukee,21,24,45,20,30,0,50,95,YES,1,0,YES,103,99,202,100.34,94.38,194.72,,
1994,16-Feb,04:30PM,Wed,Philadelphia,21,29,50,21,14,7,35,85,NO,0,1,NO,Sacramento,27,22,49,17,19,9,36,85,NO,1,0,YES,99,71,170,96.34,66.38,162.72,,
1994,17-Feb,07:30PM,Thu,New Jersey,27,33,60,34,23,0,57,117,YES,1,0,NO,Boston,23,17,40,27,31,0,58,98,YES,1,1,YES,100,115,215,97.34,110.38,207.72,,
1994,17-Feb,07:30PM,Thu,New York,19,25,44,30,28,0,58,102,NO,1,2,YES,Cleveland,26,20,46,29,20,0,49,95,YES,0,1,NO,90,107,197,87.34,102.38,189.72,,
1994,17-Feb,06:30PM,Thu,Indiana,16,21,37,22,25,0,47,84,NO,1,2,YES,Dallas,17,18,35,16,22,0,38,73,NO,1,1,NO,72,85,157,69.34,80.38,149.72,,
1994,17-Feb,04:30PM,Thu,Atlanta,38,27,65,24,26,0,50,115,NO,1,0,NO,Golden State,33,32,65,23,31,0,54,119,NO,1,1,NO,130,104,234,127.34,99.38,226.72,,
1994,17-Feb,07:30PM,Thu,Seattle,29,33,62,27,23,0,50,112,YES,1,0,NO,Miami,36,33,69,22,24,0,46,115,YES,1,0,YES,131,96,227,128.34,91.38,219.72,,
1994,17-Feb,06:30PM,Thu,Detroit,20,27,47,21,28,0,49,96,YES,1,1,NO,San Antonio,22,28,50,31,34,0,65,115,NO,1,1,NO,97,114,211,94.34,109.38,203.72,,
1994,17-Feb,07:30PM,Thu,Minnesota,23,25,48,22,35,0,57,105,YES,1,0,YES,Washington,22,26,48,29,32,0,61,109,NO,0,1,YES,96,118,214,93.34,113.38,206.72,,
1994,18-Feb,06:00PM,Fri,Cleveland,23,18,41,21,23,0,44,85,YES,0,1,NO,Minnesota,23,21,44,19,15,0,34,78,NO,2,0,YES,85,78,163,82.34,73.38,155.72,4,198
1994,18-Feb,04:00PM,Fri,LAL,37,16,53,20,23,0,43,96,YES,2,1,YES,Phoenix,35,26,61,27,25,0,52,113,YES,0,1,NO,114,95,209,111.34,90.38,201.72,-14,219
1994,18-Feb,07:30PM,Fri,Milwaukee,28,28,56,26,24,0,50,106,YES,1,1,YES,Charlotte,20,30,50,29,20,0,49,99,NO,1,1,NO,106,99,205,103.34,94.38,197.72,-5,210
1994,18-Feb,06:30PM,Fri,Denver,32,22,54,31,24,0,55,109,NO,1,1,YES,Chicago,20,27,47,23,14,0,37,84,YES,1,1,NO,101,92,193,98.34,87.38,185.72,-6.5,192
1994,18-Feb,04:30PM,Fri,Atlanta,24,29,53,22,22,0,44,97,NO,0,1,NO,LAC,20,22,42,25,24,0,49,91,YES,0,1,NO,95,93,188,92.34,88.38,180.72,3,206
1994,18-Feb,04:30PM,Fri,Philadelphia,24,20,44,25,24,0,49,93,NO,1,1,NO,Portland,31,30,61,34,14,0,48,109,NO,1,1,YES,105,97,202,102.34,92.38,194.72,-11,210
1994,18-Feb,04:30PM,Fri,Utah,16,16,32,26,23,0,49,81,NO,1,0,YES,Sacramento,16,26,42,17,31,0,48,90,YES,2,1,NO,74,97,171,71.34,92.38,163.72,4,203
1994,18-Feb,07:30PM,Fri,New Jersey,25,22,47,33,33,0,66,113,NO,0,1,YES,Washington,30,28,58,25,27,0,52,110,YES,1,0,NO,105,118,223,102.34,113.38,215.72,5,201
1994,18-Feb,08:00PM,Fri,Seattle,15,31,46,24,23,0,47,93,NO,0,1,NO,Orlando,40,25,65,33,26,0,59,124,YES,1,2,NO,111,106,217,108.34,101.38,209.72,2,209
1994,19-Feb,05:00PM,Sat,LAC,26,21,47,24,22,0,46,93,YES,0,2,NO,Utah,28,26,54,23,23,0,46,100,NO,1,0,YES,101,92,193,98.34,87.38,185.72,,
1994,19-Feb,06:30PM,Sat,Detroit,21,32,53,24,28,0,52,105,NO,1,1,YES,Dallas,20,22,42,28,26,0,54,96,YES,1,1,NO,95,106,201,92.34,101.38,193.72,,
1994,19-Feb,04:30PM,Sat,Boston,27,21,48,31,11,0,42,90,YES,1,0,NO,Golden State,29,28,57,17,27,0,44,101,YES,2,1,NO,105,86,191,102.34,81.38,183.72,,
1994,19-Feb,06:30PM,Sat,Phoenix,15,25,40,28,20,0,48,88,YES,0,1,YES,Houston,27,28,55,30,21,0,51,106,NO,2,2,YES,95,99,194,92.34,94.38,186.72,,
1994,19-Feb,06:30PM,Sat,Miami,24,17,41,28,27,0,55,96,YES,1,1,YES,San Antonio,24,32,56,23,21,0,44,100,YES,1,1,NO,97,99,196,94.34,94.38,188.72,,
1994,20-Feb,01:00PM,Sun,Chicago,15,13,28,24,16,0,40,68,YES,1,0,YES,New York,19,31,50,20,16,0,36,86,NO,1,2,YES,78,76,154,75.34,71.38,146.72,,
1994,20-Feb,01:30PM,Sun,Orlando,25,27,52,32,25,0,57,109,YES,1,2,YES,Milwaukee,27,23,50,26,28,0,54,104,NO,1,1,YES,102,111,213,99.34,106.38,205.72,,
1994,20-Feb,03:30PM,Sun,Seattle,26,28,54,17,24,0,41,95,NO,1,1,NO,Indiana,31,22,53,23,25,0,48,101,NO,1,2,YES,107,89,196,104.34,84.38,188.72,,
1994,20-Feb,03:30PM,Sun,Washington,22,22,44,21,36,0,57,101,YES,1,0,NO,New Jersey,30,34,64,31,27,0,58,122,NO,1,1,YES,108,115,223,105.34,110.38,215.72,,
1994,20-Feb,04:00PM,Sun,Cleveland,26,26,52,27,13,13,40,92,NO,1,1,YES,Charlotte,24,28,52,22,18,9,40,92,YES,0,1,NO,104,80,184,101.34,75.38,176.72,,
1994,20-Feb,05:00PM,Sun,Atlanta,18,25,43,25,24,0,49,92,NO,1,2,YES,Denver,24,17,41,26,30,0,56,97,YES,1,1,YES,84,105,189,81.34,100.38,181.72,,
1994,20-Feb,04:00PM,Sun,Philadelphia,25,35,60,10,25,0,35,95,NO,1,0,NO,LAL,24,29,53,26,28,0,54,107,YES,3,1,YES,113,89,202,110.34,84.38,194.72,,
1994,20-Feb,04:30PM,Sun,Boston,27,19,46,15,32,0,47,93,NO,0,1,NO,Portland,23,29,52,33,17,0,50,102,NO,1,1,NO,98,97,195,95.34,92.38,187.72,,
1994,21-Feb,01:00PM,Mon,San Antonio,24,22,46,34,34,0,68,114,YES,1,1,NO,Minnesota,25,20,45,21,23,0,44,89,YES,0,2,NO,91,112,203,88.34,107.38,195.72,,
1994,21-Feb,01:30PM,Mon,Charlotte,14,27,41,29,23,0,52,93,YES,0,2,YES,Chicago,30,28,58,24,36,0,60,118,NO,1,0,YES,99,112,211,96.34,107.38,203.72,,
1994,21-Feb,04:00PM,Mon,Sacramento,22,27,49,18,19,0,37,86,YES,2,0,YES,Phoenix,22,29,51,39,22,0,61,112,YES,2,1,YES,100,98,198,97.34,93.38,190.72,,
1994,21-Feb,05:00PM,Mon,Philadelphia,19,28,47,19,26,0,45,92,NO,0,1,YES,Utah,31,29,60,30,29,0,59,119,NO,1,1,NO,107,104,211,104.34,99.38,203.72,,
1994,21-Feb,07:30PM,Mon,Dallas,24,25,49,18,31,0,49,98,YES,1,0,NO,Detroit,27,14,41,25,22,0,47,88,YES,3,1,YES,90,96,186,87.34,91.38,178.72,,
1994,21-Feb,07:30PM,Mon,Washington,22,27,49,25,24,0,49,98,NO,0,1,YES,Miami,32,36,68,26,34,0,60,128,YES,0,1,YES,117,109,226,114.34,104.38,218.72,,
1994,22-Feb,07:30PM,Tue,Minnesota,12,24,36,22,23,0,45,81,YES,0,1,YES,Cleveland,29,31,60,33,21,0,54,114,YES,0,1,YES,96,99,195,93.34,94.38,187.72,,
1994,22-Feb,06:30PM,Tue,Denver,21,19,40,28,29,0,57,97,YES,1,0,YES,Houston,28,27,55,21,22,0,43,98,NO,1,2,NO,95,100,195,92.34,95.38,187.72,,
1994,22-Feb,07:30PM,Tue,Dallas,23,26,49,23,29,0,52,101,NO,0,1,NO,Indiana,23,32,55,21,31,0,52,107,YES,0,1,NO,104,104,208,101.34,99.38,200.72,,
1994,22-Feb,06:30PM,Tue,Golden State,29,34,63,23,31,0,54,117,YES,2,0,NO,Milwaukee,26,28,54,28,31,0,59,113,YES,2,1,NO,117,113,230,114.34,108.38,222.72,,
1994,22-Feb,07:30PM,Tue,Miami,33,34,67,26,30,0,56,123,YES,0,2,NO,New Jersey,22,19,41,18,38,0,56,97,YES,0,1,NO,108,112,220,105.34,107.38,212.72,,
1994,22-Feb,07:30PM,Tue,Seattle,23,23,46,19,28,0,47,93,NO,1,0,NO,New York,17,16,33,17,32,0,49,82,YES,1,1,NO,79,96,175,76.34,91.38,167.72,,
1994,22-Feb,04:30PM,Tue,LAC,29,26,55,26,36,0,62,117,NO,2,0,YES,Portland,31,38,69,25,26,0,51,120,YES,0,1,NO,124,113,237,121.34,108.38,229.72,,
1994,22-Feb,04:30PM,Tue,Boston,25,25,50,30,13,0,43,93,NO,1,0,NO,Sacramento,28,21,49,24,22,0,46,95,NO,1,0,YES,99,89,188,96.34,84.38,180.72,,
1994,23-Feb,05:00PM,Wed,Boston,23,29,52,27,15,0,42,94,NO,0,1,NO,Denver,29,27,56,29,17,0,46,102,NO,1,0,YES,108,88,196,105.34,83.38,188.72,,
1994,23-Feb,05:00PM,Wed,San Antonio,17,20,37,27,21,17,48,85,NO,1,1,NO,Utah,17,21,38,23,24,21,47,85,NO,1,1,NO,75,95,170,72.34,90.38,162.72,,
1994,23-Feb,07:30PM,Wed,Seattle,24,25,49,29,14,0,43,92,NO,0,1,YES,Atlanta,24,24,48,19,32,0,51,99,NO,1,2,YES,97,94,191,94.34,89.38,183.72,,
1994,23-Feb,06:30PM,Wed,Golden State,22,24,46,28,26,0,54,100,NO,0,1,NO,Chicago,32,31,63,31,29,0,60,123,YES,1,1,NO,109,114,223,106.34,109.38,215.72,,
1994,23-Feb,04:30PM,Wed,Portland,24,32,56,29,36,0,65,121,YES,0,2,YES,LAC,30,22,52,29,31,0,60,112,NO,1,0,YES,108,125,233,105.34,120.38,225.72,,
1994,23-Feb,07:30PM,Wed,Indiana,26,27,53,22,24,0,46,99,YES,0,1,YES,Orlando,32,34,66,15,22,0,37,103,NO,1,2,YES,119,83,202,116.34,78.38,194.72,,
1994,23-Feb,07:30PM,Wed,New Jersey,21,25,46,32,28,0,60,106,YES,0,1,NO,Philadelphia,26,24,50,29,23,0,52,102,NO,1,1,YES,96,112,208,93.34,107.38,200.72,,
1994,23-Feb,07:30PM,Wed,Cleveland,32,22,54,29,23,0,52,106,YES,0,1,YES,Washington,25,28,53,22,21,0,43,96,NO,1,1,YES,107,95,202,104.34,90.38,194.72,,
1994,24-Feb,06:00PM,Thu,New York,21,23,44,13,16,0,29,73,YES,1,0,NO,Houston,32,17,49,21,23,0,44,93,NO,1,1,NO,93,73,166,90.34,68.38,158.72,,
1994,24-Feb,06:00PM,Thu,Phoenix,35,30,65,23,32,0,55,120,YES,2,0,NO,Minnesota,30,17,47,25,29,0,54,101,NO,2,1,YES,112,109,221,109.34,104.38,213.72,,
1994,24-Feb,07:30PM,Thu,Dallas,35,23,58,26,31,0,57,115,NO,1,1,NO,Charlotte,31,24,55,34,21,0,55,110,YES,2,2,YES,113,112,225,110.34,107.38,217.72,,
1994,24-Feb,04:30PM,Thu,LAL,24,27,51,24,15,0,39,90,YES,3,0,YES,Sacramento,25,29,54,23,25,0,48,102,YES,0,1,NO,105,87,192,102.34,82.38,184.72,,
1994,25-Feb,05:00PM,Fri,New York,24,25,49,24,21,0,45,94,NO,0,1,NO,Denver,26,21,47,28,27,0,55,102,YES,1,1,NO,96,100,196,93.34,95.38,188.72,3,186
1994,25-Feb,07:00PM,Fri,Boston,21,26,47,28,27,0,55,102,NO,1,1,NO,Seattle,39,21,60,27,28,0,55,115,YES,1,1,YES,107,110,217,104.34,105.38,209.72,-16,205
1994,25-Feb,05:00PM,Fri,Phoenix,20,29,49,16,22,0,38,87,NO,0,1,YES,Utah,26,28,54,26,27,0,53,107,YES,0,1,NO,103,91,194,100.34,86.38,186.72,-4,207
1994,25-Feb,07:30PM,Fri,Milwaukee,20,24,44,28,28,0,56,100,YES,2,0,YES,Atlanta,35,17,52,22,37,0,59,111,YES,0,1,NO,96,115,211,93.34,110.38,203.72,-13.5,204
1994,25-Feb,07:30PM,Fri,Golden State,21,26,47,27,23,0,50,97,NO,1,1,NO,Cleveland,31,21,52,24,31,0,55,107,NO,0,1,YES,99,105,204,96.34,100.38,196.72,-6,210
1994,25-Feb,07:30PM,Fri,Detroit,26,12,38,26,26,0,52,90,YES,3,0,YES,Indiana,34,25,59,28,23,0,51,110,YES,0,1,YES,97,103,200,94.34,98.38,192.72,-11.5,201
1994,25-Feb,04:30PM,Fri,Sacramento,31,27,58,33,20,0,53,111,YES,0,3,YES,LAC,36,30,66,30,25,0,55,121,NO,1,1,NO,124,108,232,121.34,103.38,224.72,-7.5,208
1994,25-Feb,04:30PM,Fri,San Antonio,33,32,65,32,29,0,61,126,NO,1,0,NO,LAL,22,23,45,30,35,0,65,110,NO,1,0,YES,110,126,236,107.34,121.38,228.72,7.5,192
1994,25-Feb,07:30PM,Fri,New Jersey,20,21,41,28,33,0,61,102,NO,1,1,YES,Orlando,24,22,46,33,35,0,68,114,NO,1,1,NO,87,129,216,84.34,124.38,208.72,-5.5,213
1994,25-Feb,07:30PM,Fri,Miami,22,32,54,32,29,0,61,115,NO,2,0,NO,Philadelphia,28,19,47,19,18,0,37,84,NO,0,1,NO,101,98,199,98.34,93.38,191.72,6.5,204
1994,25-Feb,07:30PM,Fri,Chicago,31,22,53,30,33,0,63,116,YES,1,0,YES,Washington,24,27,51,20,23,0,43,94,YES,0,1,NO,104,106,210,101.34,101.38,202.72,9,193
1994,26-Feb,06:30PM,Sat,Indiana,27,20,47,27,22,0,49,96,YES,0,2,YES,Chicago,18,15,33,24,29,0,53,86,NO,1,0,YES,80,102,182,77.34,97.38,174.72,,
1994,26-Feb,07:30PM,Sat,Miami,24,26,50,23,32,0,55,105,NO,0,2,NO,Detroit,27,28,55,25,20,0,45,100,YES,2,0,YES,105,100,205,102.34,95.38,197.72,,
1994,26-Feb,06:30PM,Sat,Utah,16,27,43,26,26,0,52,95,YES,0,1,YES,Houston,21,24,45,25,15,0,40,85,YES,1,1,NO,88,92,180,85.34,87.38,172.72,,
1994,26-Feb,07:30PM,Sat,Atlanta,32,29,61,24,33,0,57,118,YES,0,2,YES,Philadelphia,21,32,53,25,24,0,49,102,NO,2,0,NO,114,106,220,111.34,101.38,212.72,,
1994,26-Feb,04:30PM,Sat,San Antonio,36,21,57,27,12,0,39,96,NO,0,3,YES,Portland,26,23,49,31,24,0,55,104,NO,0,2,YES,106,94,200,103.34,89.38,192.72,,
1994,26-Feb,07:30PM,Sat,Dallas,31,19,50,19,30,0,49,99,NO,1,0,NO,Cleveland,18,32,50,33,27,0,60,110,YES,1,0,NO,100,109,209,97.34,104.38,201.72,,
1994,26-Feb,07:00PM,Sat,Washington,27,25,52,22,26,0,48,100,YES,0,2,NO,Milwaukee,30,28,58,25,32,0,57,115,NO,2,0,YES,110,105,215,107.34,100.38,207.72,,
1994,27-Feb,12:30PM,Sun,Charlotte,24,21,45,31,27,0,58,103,YES,2,1,NO,Orlando,25,33,58,27,29,0,56,114,YES,1,1,NO,103,114,217,100.34,109.38,209.72,,
1994,27-Feb,01:00PM,Sun,Golden State,24,26,50,23,27,0,50,100,NO,1,1,YES,Minnesota,26,36,62,18,27,0,45,107,YES,1,2,NO,112,95,207,109.34,90.38,199.72,,
1994,27-Feb,12:30PM,Sun,New York,26,12,38,22,18,0,40,78,NO,1,1,NO,Phoenix,26,19,45,20,27,0,47,92,YES,3,1,YES,83,87,170,80.34,82.38,162.72,,
1994,27-Feb,03:00PM,Sun,Seattle,35,31,66,32,24,0,56,122,YES,1,1,YES,LAC,36,35,71,26,21,0,47,118,YES,1,1,NO,137,103,240,134.34,98.38,232.72,,
1994,27-Feb,06:00PM,Sun,Dallas,22,12,34,23,33,0,56,90,NO,0,3,YES,New Jersey,23,29,52,32,33,0,65,117,NO,1,1,YES,86,121,207,83.34,116.38,199.72,,
1994,27-Feb,04:00PM,Sun,Boston,26,22,48,24,25,0,49,97,NO,1,2,YES,LAL,24,21,45,26,29,0,55,100,YES,2,1,NO,93,104,197,90.34,99.38,189.72,,
1994,27-Feb,04:30PM,Sun,Denver,19,30,49,25,23,0,48,97,YES,1,4,YES,Portland,31,17,48,30,26,0,56,104,YES,1,0,NO,97,104,201,94.34,99.38,193.72,,
1994,28-Feb,06:00PM,Mon,Cleveland,24,19,43,28,18,0,46,89,YES,1,1,NO,Chicago,21,17,38,21,22,0,43,81,NO,1,1,NO,81,89,170,78.34,84.38,162.72,,
1994,28-Feb,05:00PM,Mon,Houston,20,23,43,25,17,0,42,85,YES,1,0,YES,Utah,22,31,53,18,18,0,36,89,YES,1,1,YES,96,78,174,93.34,73.38,166.72,,
1994,1-Mar,07:00PM,Tue,Charlotte,30,30,60,19,17,0,36,96,NO,1,0,NO,Seattle,21,33,54,27,31,0,58,112,NO,3,1,YES,114,94,208,111.34,89.38,200.72,,
1994,1-Mar,07:30PM,Tue,Minnesota,17,23,40,29,30,0,59,99,YES,1,0,YES,Atlanta,36,25,61,33,8,0,41,102,YES,1,2,YES,101,100,201,98.34,95.38,193.72,,
1994,1-Mar,04:30PM,Tue,LAC,23,38,61,28,20,0,48,109,YES,1,0,YES,Golden State,24,35,59,16,39,0,55,114,NO,1,1,YES,120,103,223,117.34,98.38,215.72,,
1994,1-Mar,06:30PM,Tue,Orlando,23,14,37,30,18,0,48,85,YES,1,1,NO,Houston,27,23,50,28,19,0,47,97,NO,3,0,YES,87,95,182,84.34,90.38,174.72,,
1994,1-Mar,07:30PM,Tue,Portland,22,25,47,23,24,0,47,94,YES,1,0,NO,Indiana,20,28,48,33,25,0,58,106,NO,2,2,YES,95,105,200,92.34,100.38,192.72,,
1994,1-Mar,06:30PM,Tue,Miami,26,32,58,33,19,0,52,110,NO,2,0,NO,Milwaukee,29,18,47,27,28,0,55,102,NO,3,2,NO,105,107,212,102.34,102.38,204.72,,
1994,1-Mar,07:30PM,Tue,Detroit,28,23,51,19,28,0,47,98,YES,2,0,YES,New Jersey,20,37,57,27,24,0,51,108,YES,1,1,NO,108,98,206,105.34,93.38,198.72,,
1994,1-Mar,07:30PM,Tue,Washington,25,22,47,34,28,0,62,109,NO,2,1,YES,Philadelphia,24,26,50,21,32,0,53,103,YES,1,2,NO,97,115,212,94.34,110.38,204.72,,
1994,1-Mar,04:30PM,Tue,New York,19,30,49,22,29,0,51,100,NO,1,1,YES,Sacramento,21,21,42,23,23,0,46,88,YES,3,3,YES,91,97,188,88.34,92.38,180.72,,
1994,2-Mar,06:00PM,Wed,Miami,33,19,52,21,24,11,45,97,NO,0,2,YES,Minnesota,27,17,44,20,33,3,53,97,YES,1,0,YES,96,98,194,93.34,93.38,186.72,,
1994,2-Mar,07:30PM,Wed,Cleveland,27,33,60,29,21,0,50,110,NO,1,0,YES,Boston,21,25,46,27,23,0,50,96,NO,1,2,YES,106,100,206,103.34,95.38,198.72,,
1994,2-Mar,06:30PM,Wed,LAL,25,24,49,21,27,0,48,97,YES,2,1,NO,Chicago,22,19,41,24,24,0,48,89,NO,1,1,NO,90,96,186,87.34,91.38,178.72,,
1994,2-Mar,07:30PM,Wed,Portland,35,23,58,33,40,0,73,131,NO,0,1,NO,Detroit,32,32,64,22,21,0,43,107,YES,2,0,YES,122,116,238,119.34,111.38,230.72,,
1994,2-Mar,04:30PM,Wed,Charlotte,26,28,54,33,22,0,55,109,NO,0,2,NO,LAC,31,35,66,26,26,0,52,118,YES,1,0,YES,120,107,227,117.34,102.38,219.72,,
1994,2-Mar,06:30PM,Wed,Utah,19,23,42,26,38,0,64,106,YES,1,2,NO,San Antonio,29,17,46,26,24,0,50,96,NO,1,3,YES,88,114,202,85.34,109.38,194.72,,
1994,3-Mar,03:00PM,Thu,Phoenix,26,31,57,26,24,0,50,107,YES,3,0,YES,Golden State,34,31,65,28,27,0,55,120,NO,1,1,NO,122,105,227,119.34,100.38,219.72,,
1994,3-Mar,07:30PM,Thu,Philadelphia,25,22,47,22,18,0,40,87,YES,1,1,NO,Cleveland,26,26,52,23,20,0,43,95,NO,2,0,YES,99,83,182,96.34,78.38,174.72,,
1994,3-Mar,06:30PM,Thu,Orlando,22,28,50,29,28,0,57,107,NO,1,0,NO,Dallas,19,28,47,20,27,0,47,94,NO,1,3,YES,97,104,201,94.34,99.38,193.72,,
1994,3-Mar,07:30PM,Thu,New Jersey,22,22,44,28,14,0,42,86,YES,1,0,NO,New York,25,27,52,19,26,0,45,97,YES,3,1,YES,96,87,183,93.34,82.38,175.72,,
1994,3-Mar,07:30PM,Thu,Atlanta,19,31,50,26,33,0,59,109,YES,1,1,YES,Washington,21,27,48,30,20,0,50,98,NO,1,1,YES,98,109,207,95.34,104.38,199.72,,
1994,4-Mar,05:00PM,Fri,Orlando,15,28,43,23,23,0,46,89,NO,0,1,NO,Denver,18,17,35,35,28,0,63,98,NO,1,4,YES,78,109,187,75.34,104.38,179.72,-3,201
1994,4-Mar,04:00PM,Fri,Minnesota,26,26,52,27,22,0,49,101,YES,1,1,NO,Phoenix,24,29,53,31,22,0,53,106,NO,1,0,YES,105,102,207,102.34,97.38,199.72,-14.5,212
1994,4-Mar,06:30PM,Fri,Portland,32,29,61,28,26,0,54,115,NO,1,2,YES,Chicago,31,23,54,20,22,0,42,96,YES,1,1,NO,115,96,211,112.34,91.38,203.72,-6,202
1994,4-Mar,07:30PM,Fri,New Jersey,26,29,55,23,32,0,55,110,NO,0,1,YES,Indiana,33,32,65,31,30,0,61,126,YES,0,2,NO,120,116,236,117.34,111.38,228.72,-5,202
1994,4-Mar,06:30PM,Fri,LAC,20,35,55,38,20,0,58,113,YES,1,0,NO,San Antonio,34,33,67,28,26,0,54,121,NO,1,1,NO,122,112,234,119.34,107.38,226.72,-12,213
1994,4-Mar,08:00PM,Fri,LAL,30,24,54,17,28,0,45,99,NO,1,0,NO,Boston,27,21,48,24,37,0,61,109,YES,2,1,NO,102,106,208,99.34,101.38,200.72,-4.5,200
1994,5-Mar,07:00PM,Sat,Sacramento,29,30,59,19,20,0,39,98,YES,3,0,YES,Seattle,29,26,55,34,25,0,59,114,YES,0,3,NO,114,98,212,111.34,93.38,204.72,,
1994,5-Mar,07:30PM,Sat,Indiana,26,25,51,18,19,0,37,88,YES,0,3,NO,Atlanta,23,16,39,28,23,0,51,90,YES,2,1,YES,90,88,178,87.34,83.38,170.72,,
1994,5-Mar,06:30PM,Sat,Utah,27,23,50,34,19,0,53,103,NO,2,0,NO,Dallas,25,24,49,23,18,0,41,90,NO,2,1,NO,99,94,193,96.34,89.38,185.72,,
1994,5-Mar,04:30PM,Sat,Charlotte,30,27,57,20,35,0,55,112,NO,2,2,YES,Golden State,30,39,69,27,33,0,60,129,YES,1,1,NO,126,115,241,123.34,110.38,233.72,,
1994,5-Mar,06:30PM,Sat,LAC,25,27,52,23,32,0,55,107,NO,0,2,NO,Houston,30,28,58,37,29,0,66,124,YES,2,3,NO,110,121,231,107.34,116.38,223.72,,
1994,5-Mar,07:30PM,Sat,Philadelphia,22,19,41,24,18,0,42,83,NO,1,0,NO,Miami,32,28,60,24,36,0,60,120,NO,1,2,YES,101,102,203,98.34,97.38,195.72,,
1994,5-Mar,07:30PM,Sat,LAL,27,30,57,35,26,0,61,118,NO,0,1,NO,Washington,39,32,71,24,29,0,53,124,NO,3,1,NO,128,114,242,125.34,109.38,234.72,,
1994,5-Mar,07:00PM,Sat,Detroit,19,39,58,32,18,0,50,108,YES,2,1,YES,Milwaukee,31,29,60,30,27,0,57,117,NO,1,3,NO,118,107,225,115.34,102.38,217.72,,
1994,6-Mar,01:00PM,Sun,Chicago,25,24,49,22,24,0,46,95,YES,1,1,YES,Cleveland,30,24,54,20,25,0,45,99,NO,1,2,NO,103,91,194,100.34,86.38,186.72,,
1994,6-Mar,01:30PM,Sun,Orlando,36,25,61,25,17,0,42,103,NO,1,1,YES,San Antonio,30,24,54,20,37,0,57,111,NO,1,1,NO,115,99,214,112.34,94.38,206.72,,
1994,6-Mar,06:00PM,Sun,Philadelphia,25,27,52,23,24,0,47,99,NO,0,2,YES,New Jersey,35,25,60,37,29,0,66,126,YES,2,1,YES,112,113,225,109.34,108.38,217.72,,
1994,6-Mar,03:00PM,Sun,Seattle,29,31,60,22,20,0,42,102,YES,0,1,YES,Sacramento,18,22,40,25,20,0,45,85,YES,1,0,YES,100,87,187,97.34,82.38,179.72,,
1994,6-Mar,05:00PM,Sun,Minnesota,25,20,45,21,31,0,52,97,NO,1,1,NO,Denver,37,28,65,27,25,0,52,117,YES,1,1,NO,110,104,214,107.34,99.38,206.72,,
1994,6-Mar,04:00PM,Sun,Utah,23,27,50,32,21,0,53,103,NO,0,1,YES,Phoenix,29,22,51,26,15,0,41,92,YES,1,1,NO,101,94,195,98.34,89.38,187.72,,
1994,7-Mar,07:30PM,Mon,New York,22,15,37,23,39,0,62,99,YES,3,1,NO,Detroit,24,21,45,28,12,0,40,85,NO,1,1,YES,82,102,184,79.34,97.38,176.72,,
1994,7-Mar,07:30PM,Mon,Boston,33,21,54,26,32,0,58,112,YES,2,3,YES,Miami,25,32,57,27,20,0,47,104,NO,1,1,NO,111,105,216,108.34,100.38,208.72,,
1994,7-Mar,06:30PM,Mon,LAL,25,20,45,32,29,0,61,106,NO,1,2,YES,Milwaukee,18,16,34,25,25,0,50,84,NO,1,1,NO,79,111,190,76.34,106.38,182.72,,
1994,7-Mar,04:30PM,Mon,Golden State,24,26,50,28,30,0,58,108,YES,1,0,NO,Portland,38,30,68,25,44,0,69,137,NO,1,2,YES,118,127,245,115.34,122.38,237.72,,
1994,8-Mar,07:00PM,Tue,Golden State,19,10,29,29,40,0,69,98,NO,0,1,YES,Seattle,29,29,58,27,28,0,55,113,YES,1,1,YES,87,124,211,84.34,119.38,203.72,,
1994,8-Mar,05:00PM,Tue,Minnesota,18,23,41,26,19,0,45,86,NO,1,0,YES,Utah,23,27,50,24,26,0,50,100,YES,0,1,YES,91,95,186,88.34,90.38,178.72,,
1994,8-Mar,07:30PM,Tue,Phoenix,20,29,49,22,18,0,40,89,YES,1,0,NO,Charlotte,25,25,50,21,26,0,47,97,YES,2,2,YES,99,87,186,96.34,82.38,178.72,,
1994,8-Mar,06:30PM,Tue,Atlanta,26,21,47,24,24,0,48,95,YES,2,0,YES,Chicago,28,20,48,28,40,0,68,116,YES,2,1,YES,95,116,211,92.34,111.38,203.72,,
1994,8-Mar,07:30PM,Tue,Sacramento,19,17,36,24,22,0,46,82,YES,1,0,NO,Cleveland,29,22,51,20,32,0,52,103,YES,2,1,NO,87,98,185,84.34,93.38,177.72,,
1994,8-Mar,06:30PM,Tue,LAC,38,26,64,25,27,0,52,116,NO,2,2,YES,Dallas,24,33,57,25,28,0,53,110,YES,1,2,NO,121,105,226,118.34,100.38,218.72,,
1994,8-Mar,07:30PM,Tue,Denver,29,21,50,22,16,0,38,88,YES,1,0,NO,Orlando,25,26,51,16,28,0,44,95,YES,0,1,YES,101,82,183,98.34,77.38,175.72,,
1994,8-Mar,06:30PM,Tue,Houston,22,28,50,20,29,0,49,99,YES,2,1,YES,San Antonio,29,31,60,35,20,0,55,115,NO,2,1,NO,110,104,214,107.34,99.38,206.72,,
1994,9-Mar,06:00PM,Wed,Sacramento,24,29,53,29,22,0,51,104,NO,0,1,NO,Minnesota,16,28,44,28,24,0,52,96,NO,1,0,YES,97,103,200,94.34,98.38,192.72,,
1994,9-Mar,07:30PM,Wed,New York,26,18,44,16,30,0,46,90,NO,1,1,NO,Atlanta,23,22,45,21,17,0,38,83,NO,1,0,YES,89,84,173,86.34,79.38,165.72,,
1994,9-Mar,07:30PM,Wed,New Jersey,28,25,53,25,19,0,44,97,YES,2,1,YES,Detroit,29,30,59,24,31,0,55,114,NO,1,1,NO,112,99,211,109.34,94.38,203.72,,
1994,9-Mar,07:30PM,Wed,Denver,25,18,43,16,21,0,37,80,NO,0,1,NO,Miami,24,31,55,18,29,0,47,102,NO,1,1,NO,98,84,182,95.34,79.38,174.72,,
1994,9-Mar,06:30PM,Wed,Indiana,28,23,51,22,32,0,54,105,NO,3,1,NO,Milwaukee,27,23,50,21,23,0,44,94,NO,1,1,NO,101,98,199,98.34,93.38,191.72,,
1994,9-Mar,07:30PM,Wed,Orlando,24,30,54,29,34,0,63,117,YES,0,1,YES,Philadelphia,19,15,34,36,31,0,67,101,YES,1,2,YES,88,130,218,85.34,125.38,210.72,,
1994,9-Mar,04:30PM,Wed,Utah,33,12,45,22,32,0,54,99,YES,0,4,YES,Portland,25,32,57,30,35,0,65,122,YES,0,1,NO,102,119,221,99.34,114.38,213.72,,
1994,9-Mar,07:30PM,Wed,Phoenix,44,37,81,32,29,0,61,142,NO,0,1,NO,Washington,36,22,58,18,30,0,48,106,NO,1,3,NO,139,109,248,136.34,104.38,240.72,,
1994,10-Mar,06:00PM,Thu,Seattle,31,22,53,14,15,0,29,82,YES,1,0,NO,Houston,25,18,43,22,22,0,44,87,NO,1,1,YES,96,73,169,93.34,68.38,161.72,,
1994,10-Mar,04:30PM,Thu,Portland,19,30,49,18,30,0,48,97,YES,0,2,NO,Golden State,18,26,44,28,28,0,56,100,YES,2,1,YES,93,104,197,90.34,99.38,189.72,,
1994,10-Mar,04:30PM,Thu,Dallas,16,39,55,28,18,0,46,101,YES,1,0,NO,LAL,42,24,66,18,22,0,40,106,YES,2,2,YES,121,86,207,118.34,81.38,199.72,,
1994,11-Mar,06:00PM,Fri,Charlotte,27,15,42,28,27,0,55,97,YES,2,0,NO,Minnesota,20,26,46,25,20,0,45,91,NO,1,1,NO,88,100,188,85.34,95.38,180.72,3.5,0
1994,11-Mar,07:30PM,Fri,Chicago,18,21,39,20,18,0,38,77,YES,2,0,YES,Atlanta,30,26,56,29,23,0,52,108,YES,0,1,NO,95,90,185,92.34,85.38,177.72,-7,193
1994,11-Mar,07:30PM,Fri,New York,26,18,44,19,27,0,46,90,NO,1,0,YES,Boston,19,15,34,25,24,0,49,83,NO,1,3,YES,78,95,173,75.34,90.38,165.72,7,188
1994,11-Mar,04:30PM,Fri,Dallas,30,20,50,16,30,0,46,96,NO,0,1,YES,LAC,21,24,45,32,29,0,61,106,NO,1,2,YES,95,107,202,92.34,102.38,194.72,-12,216
1994,11-Mar,07:30PM,Fri,Phoenix,34,36,70,25,27,0,52,122,NO,1,1,NO,Miami,23,29,52,26,29,0,55,107,YES,1,1,NO,122,107,229,119.34,102.38,221.72,-2.5,216
1994,11-Mar,07:30PM,Fri,Indiana,24,16,40,20,13,0,33,73,NO,1,0,YES,New Jersey,27,18,45,19,23,0,42,87,NO,0,1,YES,85,75,160,82.34,70.38,152.72,-5,203
1994,11-Mar,07:30PM,Fri,Philadelphia,18,28,46,30,29,0,59,105,YES,1,1,NO,Orlando,36,23,59,23,30,0,53,112,NO,1,1,YES,105,112,217,102.34,107.38,209.72,-16,212
1994,11-Mar,06:30PM,Fri,Seattle,23,24,47,28,25,0,53,100,NO,0,1,YES,San Antonio,31,27,58,22,19,0,41,99,YES,0,2,NO,105,94,199,102.34,89.38,191.72,-5,193
1994,11-Mar,07:30PM,Fri,Denver,27,27,54,23,16,0,39,93,NO,1,2,YES,Washington,31,22,53,21,26,0,47,100,NO,1,1,NO,107,86,193,104.34,81.38,185.72,5.5,204
1994,11-Mar,08:00PM,Fri,Cleveland,22,26,48,26,22,0,48,96,YES,2,0,NO,Detroit,26,15,41,35,22,0,57,98,NO,0,1,NO,89,105,194,86.34,100.38,186.72,9.5,0
1994,11-Mar,07:00PM,Fri,Sacramento,28,23,51,28,29,0,57,108,NO,1,0,NO,Milwaukee,32,23,55,30,15,0,45,100,YES,0,1,NO,106,102,208,103.34,97.38,200.72,-5.5,209
1994,12-Mar,06:30PM,Sat,Sacramento,17,28,45,27,22,0,49,94,NO,0,1,YES,Chicago,30,25,55,25,31,0,56,111,NO,2,0,YES,100,105,205,97.34,100.38,197.72,,
1994,12-Mar,07:30PM,Sat,Atlanta,31,17,48,30,26,0,56,104,YES,0,3,NO,Detroit,22,27,49,17,26,0,43,92,YES,1,0,NO,97,99,196,94.34,94.38,188.72,,
1994,12-Mar,06:30PM,Sat,San Antonio,25,23,48,28,33,0,61,109,YES,0,1,NO,Houston,30,17,47,22,29,0,51,98,YES,0,1,NO,95,112,207,92.34,107.38,199.72,,
1994,12-Mar,07:30PM,Sat,Milwaukee,26,20,46,23,28,0,51,97,YES,0,2,NO,Indiana,26,31,57,28,19,0,47,104,YES,2,0,YES,103,98,201,100.34,93.38,193.72,,
1994,12-Mar,07:30PM,Sat,Charlotte,27,16,43,21,28,0,49,92,NO,0,1,YES,New Jersey,33,23,56,27,34,0,61,117,YES,3,0,NO,99,110,209,96.34,105.38,201.72,,
1994,12-Mar,08:30PM,Sat,Cleveland,18,21,39,18,29,0,47,86,NO,0,2,YES,New York,28,18,46,25,25,0,50,96,NO,2,0,YES,85,97,182,82.34,92.38,174.72,,
1994,13-Mar,12:00PM,Sun,Phoenix,26,27,53,26,21,0,47,100,NO,1,1,NO,Orlando,30,22,52,23,18,0,41,93,YES,1,1,NO,105,88,193,102.34,83.38,185.72,,
1994,13-Mar,01:00PM,Sun,Philadelphia,19,37,56,31,27,0,58,114,NO,1,1,NO,Washington,23,24,47,23,27,0,50,97,YES,1,1,NO,103,108,211,100.34,103.38,203.72,,
1994,13-Mar,01:00PM,Sun,LAL,23,20,43,23,24,0,47,90,YES,2,0,NO,Minnesota,25,18,43,27,18,0,45,88,NO,1,1,NO,86,92,178,83.34,87.38,170.72,,
1994,13-Mar,03:00PM,Sun,Golden State,29,36,65,27,18,7,45,110,YES,2,1,YES,LAC,30,30,60,33,17,10,50,110,NO,1,1,NO,125,95,220,122.34,90.38,212.72,,
1994,13-Mar,07:00PM,Sun,Miami,27,29,56,30,20,0,50,106,YES,1,1,YES,Boston,16,30,46,19,22,0,41,87,YES,0,1,NO,102,91,193,99.34,86.38,185.72,,
1994,13-Mar,06:00PM,Sun,Houston,28,19,47,27,26,0,53,100,YES,0,1,YES,Dallas,22,21,43,20,30,0,50,93,YES,2,1,YES,90,103,193,87.34,98.38,185.72,,
1994,13-Mar,07:00PM,Sun,Portland,25,25,50,17,35,0,52,102,NO,2,1,NO,Seattle,34,31,65,30,19,0,49,114,NO,1,1,YES,115,101,216,112.34,96.38,208.72,,
1994,14-Mar,05:00PM,Mon,San Antonio,26,14,40,22,26,0,48,88,NO,1,1,YES,Denver,34,22,56,29,31,0,60,116,YES,2,2,YES,96,108,204,93.34,103.38,196.72,,
1994,14-Mar,05:00PM,Mon,LAL,22,31,53,23,25,0,48,101,NO,0,1,YES,Utah,39,19,58,19,25,0,44,102,YES,0,4,YES,111,92,203,108.34,87.38,195.72,,
1994,14-Mar,07:30PM,Mon,Boston,21,21,42,27,26,6,53,95,YES,0,1,YES,Charlotte,24,20,44,32,19,12,51,95,NO,1,1,YES,86,104,190,83.34,99.38,182.72,,
1994,14-Mar,04:30PM,Mon,Detroit,20,27,47,26,35,0,61,108,YES,1,0,NO,Sacramento,18,26,44,33,25,0,58,102,NO,1,1,YES,91,119,210,88.34,114.38,202.72,,
1994,15-Mar,06:00PM,Tue,Orlando,22,28,50,25,23,0,48,98,YES,1,0,YES,Chicago,26,22,48,29,31,0,60,108,YES,0,2,NO,98,108,206,95.34,103.38,198.72,,
1994,15-Mar,06:00PM,Tue,Philadelphia,22,24,46,21,20,0,41,87,NO,1,2,YES,Minnesota,22,29,51,20,25,0,45,96,NO,1,1,NO,97,86,183,94.34,81.38,175.72,,
1994,15-Mar,07:00PM,Tue,Detroit,18,23,41,27,21,0,48,89,NO,0,2,NO,Seattle,18,26,44,29,14,0,43,87,YES,1,1,NO,85,91,176,82.34,86.38,168.72,,
1994,15-Mar,07:30PM,Tue,Phoenix,29,25,54,42,23,0,65,119,NO,1,0,NO,Cleveland,26,23,49,27,30,0,57,106,YES,2,2,YES,103,122,225,100.34,117.38,217.72,,
1994,15-Mar,04:30PM,Tue,Washington,20,26,46,29,18,0,47,93,YES,1,0,NO,Golden State,35,29,64,36,23,0,59,123,YES,1,1,YES,110,106,216,107.34,101.38,208.72,,
1994,15-Mar,06:30PM,Tue,Portland,27,32,59,28,12,0,40,99,NO,1,0,NO,Houston,34,16,50,27,28,0,55,105,NO,1,1,YES,109,95,204,106.34,90.38,196.72,,
1994,15-Mar,04:30PM,Tue,Utah,35,26,61,21,23,0,44,105,YES,0,2,NO,LAC,21,28,49,29,30,0,59,108,NO,1,1,NO,110,103,213,107.34,98.38,205.72,,
1994,15-Mar,07:30PM,Tue,Milwaukee,29,23,52,20,22,0,42,94,NO,2,1,NO,Miami,29,20,49,23,29,0,52,101,NO,1,1,YES,101,94,195,98.34,89.38,187.72,,
1994,15-Mar,07:30PM,Tue,Indiana,27,17,44,17,21,0,38,82,YES,2,0,YES,New York,27,21,48,22,18,0,40,88,NO,1,2,NO,92,78,170,89.34,73.38,162.72,,
1994,16-Mar,07:30PM,Wed,Chicago,29,21,50,30,21,0,51,101,YES,0,1,YES,Boston,31,20,51,32,17,0,49,100,YES,2,1,YES,101,100,201,98.34,95.38,193.72,,
1994,16-Mar,07:30PM,Wed,Atlanta,16,18,34,20,25,0,45,79,NO,3,1,NO,Charlotte,27,23,50,25,17,0,42,92,NO,1,1,NO,84,87,171,81.34,82.38,163.72,,
1994,16-Mar,07:30PM,Wed,Phoenix,34,20,54,20,24,0,44,98,NO,0,1,YES,Indiana,30,18,48,32,29,0,61,109,NO,1,0,YES,102,105,207,99.34,100.38,199.72,,
1994,16-Mar,04:30PM,Wed,Washington,22,23,45,26,23,0,49,94,NO,0,1,NO,LAL,36,33,69,31,29,0,60,129,NO,1,1,YES,114,109,223,111.34,104.38,215.72,,
1994,16-Mar,07:30PM,Wed,Dallas,30,17,47,26,25,0,51,98,YES,2,0,NO,Orlando,29,21,50,29,21,0,50,100,NO,1,0,YES,97,101,198,94.34,96.38,190.72,,
1994,16-Mar,04:30PM,Wed,New Jersey,27,19,46,24,41,0,65,111,YES,3,1,NO,Sacramento,28,28,56,30,46,0,76,132,YES,1,1,NO,102,141,243,99.34,136.38,235.72,,
1994,16-Mar,06:30PM,Wed,Portland,26,26,52,29,21,0,50,102,NO,0,1,YES,San Antonio,36,28,64,20,26,0,46,110,NO,2,1,YES,116,96,212,113.34,91.38,204.72,,
1994,17-Mar,06:00PM,Thu,Seattle,33,21,54,31,22,0,53,107,YES,1,0,NO,Minnesota,29,21,50,21,21,0,42,92,YES,0,1,NO,104,95,199,101.34,90.38,191.72,,
1994,17-Mar,06:30PM,Thu,Golden State,20,27,47,23,29,0,52,99,YES,1,1,NO,Houston,28,31,59,24,29,0,53,112,NO,1,1,NO,106,105,211,103.34,100.38,203.72,,
1994,17-Mar,04:30PM,Thu,Denver,23,25,48,28,26,0,54,102,YES,2,0,YES,LAC,22,28,50,25,24,0,49,99,NO,2,1,NO,98,103,201,95.34,98.38,193.72,,
1994,17-Mar,07:30PM,Thu,Dallas,24,22,46,24,28,0,52,98,NO,0,1,YES,Miami,30,31,61,27,27,0,54,115,NO,1,1,NO,107,106,213,104.34,101.38,205.72,,
1994,17-Mar,07:30PM,Thu,Milwaukee,20,20,40,28,15,0,43,83,NO,1,2,YES,New York,23,30,53,26,26,0,52,105,NO,1,1,NO,93,95,188,90.34,90.38,180.72,,
1994,18-Mar,05:00PM,Fri,Sacramento,30,32,62,26,27,0,53,115,YES,1,0,NO,Denver,17,30,47,22,34,0,56,103,NO,1,0,YES,109,109,218,106.34,104.38,210.72,-9.5,204
1994,18-Mar,04:00PM,Fri,Detroit,27,29,56,26,32,0,58,114,NO,2,0,NO,Phoenix,30,32,62,27,24,0,51,113,NO,0,1,YES,118,109,227,115.34,104.38,219.72,-16,215
1994,18-Mar,07:30PM,Fri,Utah,23,17,40,19,19,0,38,78,NO,2,0,NO,Charlotte,8,26,34,26,22,0,48,82,NO,1,1,NO,74,86,160,71.34,81.38,152.72,-3.5,198
1994,18-Mar,06:30PM,Fri,Seattle,20,20,40,24,20,0,44,84,NO,0,1,NO,Chicago,21,26,47,25,15,0,40,87,YES,1,1,YES,87,84,171,84.34,79.38,163.72,0,192
1994,18-Mar,07:30PM,Fri,Atlanta,20,23,43,22,16,0,38,81,NO,1,1,NO,Indiana,17,24,41,20,17,0,37,78,NO,0,1,NO,84,75,159,81.34,70.38,151.72,-2.5,195
1994,18-Mar,04:30PM,Fri,New Jersey,25,28,53,22,27,0,49,102,NO,1,0,NO,LAL,22,22,44,21,25,0,46,90,NO,1,1,NO,97,95,192,94.34,90.38,184.72,4,210
1994,18-Mar,07:30PM,Fri,Cleveland,22,22,44,25,27,0,52,96,YES,2,0,NO,Orlando,27,25,52,28,33,0,61,113,YES,1,1,NO,96,113,209,93.34,108.38,201.72,-6.5,0
1994,18-Mar,07:30PM,Fri,Minnesota,29,20,49,31,20,0,51,100,YES,0,1,YES,Philadelphia,31,25,56,21,21,0,42,98,YES,1,2,YES,105,93,198,102.34,88.38,190.72,-5.5,0
1994,18-Mar,04:30PM,Fri,Washington,29,30,59,19,26,0,45,104,NO,1,1,NO,Portland,27,30,57,38,27,0,65,122,YES,1,1,YES,116,110,226,113.34,105.38,218.72,-15.5,218
1994,19-Mar,01:00PM,Sat,Boston,32,21,53,26,12,0,38,91,YES,2,0,YES,New York,33,23,56,24,25,0,49,105,NO,2,1,NO,109,87,196,106.34,82.38,188.72,,
1994,19-Mar,04:00PM,Sat,New Jersey,23,16,39,32,22,0,54,93,NO,0,2,YES,Phoenix,27,27,54,29,22,0,51,105,NO,2,0,NO,93,105,198,90.34,100.38,190.72,,
1994,19-Mar,06:30PM,Sat,Golden State,30,28,58,32,26,0,58,116,NO,1,2,YES,Dallas,24,38,62,25,20,0,45,107,NO,3,1,YES,120,103,223,117.34,98.38,215.72,,
1994,19-Mar,06:30PM,Sat,Detroit,25,25,50,23,15,0,38,88,NO,0,3,YES,Houston,27,25,52,32,22,0,54,106,NO,1,1,NO,102,92,194,99.34,87.38,186.72,,
1994,19-Mar,07:30PM,Sat,Utah,14,22,36,31,36,0,67,103,NO,0,1,NO,Indiana,24,28,52,30,25,0,55,107,YES,2,0,NO,88,122,210,85.34,117.38,202.72,,
1994,19-Mar,07:30PM,Sat,Cleveland,23,15,38,29,28,0,57,95,NO,0,2,YES,Miami,25,21,46,32,28,0,60,106,YES,1,1,NO,84,117,201,81.34,112.38,193.72,,
1994,19-Mar,06:30PM,Sat,Sacramento,23,25,48,35,17,0,52,100,NO,0,2,YES,San Antonio,31,26,57,24,26,0,50,107,YES,2,2,NO,105,102,207,102.34,97.38,199.72,,
1994,20-Mar,12:00PM,Sun,Atlanta,31,25,56,25,20,0,45,101,NO,1,0,YES,Boston,22,25,47,21,12,0,33,80,YES,3,0,YES,103,78,181,100.34,73.38,173.72,,
1994,20-Mar,12:00PM,Sun,Seattle,33,22,55,36,33,0,69,124,NO,1,1,YES,Charlotte,41,17,58,18,39,0,57,115,NO,1,1,NO,113,126,239,110.34,121.38,231.72,,
1994,20-Mar,12:30PM,Sun,Philadelphia,21,29,50,30,21,0,51,101,YES,1,1,NO,Milwaukee,19,30,49,24,30,0,54,103,YES,1,2,YES,99,105,204,96.34,100.38,196.72,,
1994,20-Mar,01:00PM,Sun,Chicago,26,24,50,17,23,0,40,90,YES,1,1,NO,Minnesota,18,20,38,21,21,0,42,80,NO,1,1,YES,88,82,170,85.34,77.38,162.72,,
1994,20-Mar,03:00PM,Sun,Portland,27,27,54,28,28,0,56,110,YES,1,1,NO,LAC,31,21,52,36,26,0,62,114,YES,1,2,NO,106,118,224,103.34,113.38,216.72,,
1994,20-Mar,05:00PM,Sun,Washington,23,21,44,31,24,0,55,99,NO,1,0,NO,Denver,26,35,61,43,28,0,71,132,NO,1,1,NO,105,126,231,102.34,121.38,223.72,,
1994,20-Mar,04:00PM,Sun,Orlando,17,26,43,24,24,0,48,91,YES,1,1,NO,LAL,27,18,45,25,27,0,52,97,NO,0,1,NO,88,100,188,85.34,95.38,180.72,,
1994,21-Mar,07:30PM,Mon,Utah,24,26,50,21,18,7,39,89,NO,1,1,YES,Atlanta,21,26,47,26,16,11,42,89,NO,1,0,YES,97,81,178,94.34,76.38,170.72,,
1994,21-Mar,06:30PM,Mon,Washington,26,35,61,28,23,0,51,112,NO,0,2,YES,Houston,33,31,64,31,33,0,64,128,YES,0,1,NO,125,115,240,122.34,110.38,232.72,,
1994,21-Mar,04:30PM,Mon,Miami,25,22,47,23,11,0,34,81,YES,1,0,NO,LAL,19,23,42,19,23,0,42,84,YES,1,0,NO,89,76,165,86.34,71.38,157.72,,
1994,22-Mar,05:00PM,Tue,Milwaukee,27,19,46,19,29,0,48,94,YES,1,1,NO,Denver,24,25,49,33,26,0,59,108,NO,1,1,NO,95,107,202,92.34,102.38,194.72,,
1994,22-Mar,06:00PM,Tue,Houston,24,22,46,22,13,0,35,81,YES,0,1,YES,Minnesota,24,23,47,17,19,0,36,83,NO,1,1,NO,93,71,164,90.34,66.38,156.72,,
1994,22-Mar,04:00PM,Tue,Miami,28,39,67,28,17,6,45,112,NO,0,1,NO,Phoenix,26,28,54,32,26,12,58,112,YES,1,2,NO,121,103,224,118.34,98.38,216.72,,
1994,22-Mar,07:00PM,Tue,San Antonio,21,21,42,27,20,0,47,89,YES,2,1,NO,Seattle,18,39,57,22,26,0,48,105,NO,1,1,YES,99,95,194,96.34,90.38,186.72,,
1994,22-Mar,07:30PM,Tue,Philadelphia,19,29,48,18,25,0,43,91,NO,1,0,YES,Charlotte,22,35,57,32,36,0,68,125,YES,0,1,NO,105,111,216,102.34,106.38,208.72,,
1994,22-Mar,07:30PM,Tue,Indiana,19,13,32,16,13,0,29,61,YES,2,0,YES,Cleveland,32,24,56,16,21,0,37,93,YES,0,2,YES,88,66,154,85.34,61.38,146.72,,
1994,22-Mar,04:30PM,Tue,Orlando,31,26,57,35,24,0,59,116,NO,1,0,NO,Golden State,23,28,51,32,34,0,66,117,NO,1,2,YES,108,125,233,105.34,120.38,225.72,,
1994,22-Mar,07:30PM,Tue,LAC,24,25,49,30,23,0,53,102,YES,1,0,NO,New Jersey,31,20,51,25,29,0,54,105,NO,2,2,YES,100,107,207,97.34,102.38,199.72,,
1994,22-Mar,04:30PM,Tue,Portland,23,16,39,28,29,0,57,96,NO,1,2,YES,Sacramento,29,17,46,25,23,0,48,94,NO,1,2,YES,85,105,190,82.34,100.38,182.72,,
1994,22-Mar,08:00PM,Tue,Chicago,23,21,44,18,16,0,34,78,NO,1,0,NO,New York,24,18,42,26,19,0,45,87,YES,1,2,NO,86,79,165,83.34,74.38,157.72,,
1994,23-Mar,05:00PM,Wed,Orlando,25,19,44,30,24,0,54,98,NO,0,3,YES,Utah,16,28,44,19,30,0,49,93,NO,1,1,YES,88,103,191,85.34,98.38,183.72,,
1994,23-Mar,07:30PM,Wed,Charlotte,20,25,45,22,25,0,47,92,YES,0,1,NO,Atlanta,27,26,53,21,26,0,47,100,NO,1,1,NO,98,94,192,95.34,89.38,184.72,,
1994,23-Mar,06:30PM,Wed,LAL,35,18,53,29,30,0,59,112,YES,1,0,NO,Dallas,28,21,49,34,26,0,60,109,YES,1,3,NO,102,119,221,99.34,114.38,213.72,,
1994,23-Mar,07:30PM,Wed,LAC,40,29,69,23,15,0,38,107,NO,0,1,NO,Detroit,30,31,61,21,29,0,50,111,NO,1,3,YES,130,88,218,127.34,83.38,210.72,,
1994,23-Mar,07:30PM,Wed,Cleveland,16,11,27,28,22,0,50,77,YES,0,1,NO,Indiana,18,22,40,20,18,0,38,78,NO,1,0,YES,67,88,155,64.34,83.38,147.72,,
1994,23-Mar,07:30PM,Wed,Chicago,29,30,59,20,20,0,40,99,NO,0,1,NO,Philadelphia,22,22,44,22,21,0,43,87,NO,1,0,YES,103,83,186,100.34,78.38,178.72,,
1994,24-Mar,05:00PM,Thu,Miami,19,33,52,20,29,0,49,101,NO,1,1,NO,Denver,32,28,60,28,25,0,53,113,NO,1,1,NO,112,102,214,109.34,97.38,206.72,,
1994,24-Mar,06:00PM,Thu,New York,39,29,68,31,24,0,55,123,YES,1,0,NO,Minnesota,25,24,49,34,23,0,57,106,YES,1,1,NO,117,112,229,114.34,107.38,221.72,,
1994,24-Mar,07:00PM,Thu,Phoenix,32,23,55,25,26,0,51,106,YES,1,0,YES,Seattle,37,41,78,20,18,0,38,116,NO,1,1,NO,133,89,222,130.34,84.38,214.72,,
1994,24-Mar,04:30PM,Thu,Milwaukee,26,34,60,29,23,0,52,112,NO,1,0,NO,Golden State,36,33,69,19,26,0,45,114,NO,1,1,NO,129,97,226,126.34,92.38,218.72,,
1994,24-Mar,06:30PM,Thu,LAL,25,27,52,21,34,0,55,107,NO,0,2,YES,Houston,26,23,49,27,37,0,64,113,NO,1,1,YES,101,119,220,98.34,114.38,212.72,,
1994,24-Mar,04:30PM,Thu,San Antonio,36,19,55,27,25,0,52,107,NO,1,1,NO,Sacramento,24,20,44,26,21,0,47,91,YES,0,1,NO,99,99,198,96.34,94.38,190.72,,
1994,24-Mar,07:30PM,Thu,Boston,29,24,53,20,34,16,54,107,YES,3,2,YES,Washington,27,29,56,28,23,10,51,107,NO,1,2,YES,109,105,214,106.34,100.38,206.72,,
1994,25-Mar,04:00PM,Fri,Dallas,18,19,37,35,22,0,57,94,YES,1,0,NO,Phoenix,25,18,43,23,33,0,56,99,NO,1,0,YES,80,113,193,77.34,108.38,185.72,-15,217
1994,25-Mar,05:00PM,Fri,Milwaukee,24,19,43,23,30,0,53,96,NO,0,1,NO,Utah,22,26,48,27,28,0,55,103,YES,0,1,NO,91,108,199,88.34,103.38,191.72,-14.5,0
1994,25-Mar,07:30PM,Fri,LAC,21,24,45,22,30,0,52,97,NO,1,0,NO,Atlanta,22,31,53,21,20,0,41,94,NO,0,1,NO,98,93,191,95.34,88.38,183.72,-10.5,213
1994,25-Mar,07:30PM,Fri,New York,22,23,45,21,19,0,40,85,NO,0,1,NO,Indiana,14,24,38,19,25,0,44,82,YES,0,1,NO,83,84,167,80.34,79.38,159.72,-3,178
1994,25-Mar,07:30PM,Fri,Chicago,20,24,44,24,19,0,43,87,NO,1,0,YES,New Jersey,28,26,54,25,31,0,56,110,YES,0,2,NO,98,99,197,95.34,94.38,189.72,-3,193
1994,25-Mar,07:30PM,Fri,Cleveland,35,24,59,22,24,0,46,105,NO,1,1,YES,Philadelphia,24,16,40,18,30,0,48,88,YES,1,1,NO,99,94,193,96.34,89.38,185.72,5.5,0
1994,25-Mar,04:30PM,Fri,Sacramento,19,23,42,25,24,0,49,91,YES,0,3,YES,Portland,28,22,50,22,28,0,50,100,NO,1,2,YES,92,99,191,89.34,94.38,183.72,-13,220
1994,25-Mar,08:00PM,Fri,Charlotte,31,26,57,29,20,0,49,106,NO,1,0,YES,Detroit,27,17,44,20,28,0,48,92,YES,1,1,NO,101,97,198,98.34,92.38,190.72,5,212
1994,26-Mar,05:00PM,Sat,Dallas,25,20,45,16,40,0,56,101,NO,0,2,YES,Denver,23,24,47,33,32,0,65,112,YES,1,1,NO,92,121,213,89.34,116.38,205.72,,
1994,26-Mar,07:00PM,Sat,Minnesota,21,27,48,22,23,0,45,93,YES,1,2,NO,Seattle,26,28,54,31,28,0,59,113,NO,1,1,NO,102,104,206,99.34,99.38,198.72,,
1994,26-Mar,07:30PM,Sat,Miami,23,31,54,21,15,0,36,90,NO,1,2,YES,Atlanta,32,21,53,24,23,0,47,100,NO,2,0,NO,107,83,190,104.34,78.38,182.72,,
1994,26-Mar,07:30PM,Sat,LAC,35,21,56,22,31,0,53,109,NO,0,1,NO,Charlotte,36,34,70,18,33,0,51,121,YES,2,0,YES,126,104,230,123.34,99.38,222.72,,
1994,26-Mar,06:30PM,Sat,Indiana,18,28,46,25,17,0,42,88,YES,0,1,YES,Chicago,31,27,58,20,12,0,32,90,NO,2,0,YES,104,74,178,101.34,69.38,170.72,,
1994,26-Mar,04:30PM,Sat,San Antonio,24,32,56,31,25,0,56,112,NO,1,0,NO,Golden State,28,27,55,19,27,0,46,101,YES,2,1,NO,111,102,213,108.34,97.38,205.72,,
1994,26-Mar,06:30PM,Sat,Utah,19,16,35,16,32,0,48,83,YES,0,2,YES,Houston,12,28,40,20,38,0,58,98,YES,0,1,NO,75,106,181,72.34,101.38,173.72,,
1994,26-Mar,07:30PM,Sat,New Jersey,26,26,52,27,24,0,51,103,YES,0,2,NO,Washington,35,25,60,26,14,0,40,100,YES,2,1,NO,112,91,203,109.34,86.38,195.72,,
1994,27-Mar,12:00PM,Sun,New York,28,29,57,24,30,0,54,111,NO,1,1,YES,Orlando,22,20,42,31,17,0,48,90,NO,1,3,YES,99,102,201,96.34,97.38,193.72,,
1994,27-Mar,02:30PM,Sun,Philadelphia,31,26,57,32,28,5,60,117,YES,1,1,NO,Boston,25,28,53,37,27,7,64,117,YES,1,2,YES,110,124,234,107.34,119.38,226.72,,
1994,27-Mar,03:00PM,Sun,Houston,18,27,45,25,28,0,53,98,YES,0,1,NO,Phoenix,30,25,55,24,34,0,58,113,YES,3,1,NO,100,111,211,97.34,106.38,203.72,,
1994,27-Mar,07:00PM,Sun,Detroit,34,22,56,25,18,0,43,99,YES,1,1,NO,Cleveland,30,32,62,25,24,0,49,111,NO,1,1,YES,118,92,210,115.34,87.38,202.72,,
1994,27-Mar,04:00PM,Sun,Milwaukee,14,21,35,25,41,0,66,101,NO,1,1,YES,LAL,30,36,66,20,24,0,44,110,NO,1,2,YES,101,110,211,98.34,105.38,203.72,,
1994,27-Mar,04:30PM,Sun,San Antonio,25,25,50,28,29,0,57,107,NO,0,1,NO,Portland,23,23,46,23,26,0,49,95,NO,1,1,NO,96,106,202,93.34,101.38,194.72,,
1994,28-Mar,07:00PM,Mon,Denver,29,22,51,22,24,0,46,97,YES,1,4,NO,Seattle,33,22,55,26,30,0,56,111,YES,0,1,NO,106,102,208,103.34,97.38,200.72,,
1994,28-Mar,07:30PM,Mon,LAC,20,25,45,32,16,0,48,93,NO,1,0,NO,Indiana,34,32,66,25,35,0,60,126,YES,1,1,YES,111,108,219,108.34,103.38,211.72,,
1994,29-Mar,05:00PM,Tue,Golden State,27,30,57,33,26,0,59,116,YES,2,0,YES,Utah,25,21,46,32,35,0,67,113,NO,3,2,YES,103,126,229,100.34,121.38,221.72,,
1994,29-Mar,07:30PM,Tue,New Jersey,20,34,54,17,27,0,44,98,NO,2,0,YES,Atlanta,25,24,49,25,27,0,52,101,YES,1,2,NO,103,96,199,100.34,91.38,191.72,,
1994,29-Mar,06:30PM,Tue,Philadelphia,29,17,46,23,34,0,57,103,NO,1,2,YES,Chicago,27,26,53,26,27,0,53,106,NO,2,2,NO,99,110,209,96.34,105.38,201.72,,
1994,29-Mar,07:30PM,Tue,LAC,34,22,56,16,24,0,40,96,NO,0,1,YES,Cleveland,28,24,52,30,24,0,54,106,YES,1,1,NO,108,94,202,105.34,89.38,194.72,,
1994,29-Mar,06:30PM,Tue,San Antonio,33,23,56,28,33,0,61,117,NO,1,1,YES,Dallas,23,23,46,23,23,0,46,92,NO,2,2,YES,102,107,209,99.34,102.38,201.72,,
1994,29-Mar,04:30PM,Tue,Minnesota,26,23,49,16,24,0,40,89,NO,2,2,NO,LAL,22,19,41,30,20,0,50,91,YES,1,1,NO,90,90,180,87.34,85.38,172.72,,
1994,29-Mar,07:30PM,Tue,Detroit,36,23,59,35,29,0,64,123,NO,1,2,NO,Miami,32,24,56,22,37,0,59,115,YES,0,2,YES,115,123,238,112.34,118.38,230.72,,
1994,29-Mar,06:30PM,Tue,Boston,26,27,53,14,32,20,46,99,YES,1,0,YES,Milwaukee,29,28,57,20,22,8,42,99,NO,1,1,YES,110,88,198,107.34,83.38,190.72,,
1994,29-Mar,07:30PM,Tue,Washington,27,23,50,25,26,0,51,101,YES,2,2,NO,Orlando,35,26,61,23,36,0,59,120,YES,2,1,NO,111,110,221,108.34,105.38,213.72,,
1994,29-Mar,04:30PM,Tue,Seattle,25,28,53,27,34,0,61,114,YES,0,1,YES,Portland,30,26,56,24,20,0,44,100,YES,1,1,NO,109,105,214,106.34,100.38,206.72,,
1994,29-Mar,04:30PM,Tue,Houston,27,21,48,38,36,0,74,122,NO,1,0,NO,Sacramento,25,28,53,19,29,0,48,101,NO,1,3,YES,101,122,223,98.34,117.38,215.72,,
1994,29-Mar,08:00PM,Tue,Charlotte,32,18,50,20,25,0,45,95,YES,2,2,NO,New York,25,26,51,25,30,0,55,106,NO,3,1,YES,101,100,201,98.34,95.38,193.72,,
1994,30-Mar,07:30PM,Wed,Indiana,26,27,53,31,19,0,50,103,YES,1,1,NO,Boston,34,19,53,29,17,0,46,99,NO,1,0,YES,106,96,202,103.34,91.38,194.72,,
1994,30-Mar,04:30PM,Wed,Houston,26,19,45,35,34,0,69,114,NO,0,1,NO,Golden State,24,15,39,32,33,0,65,104,NO,1,0,YES,84,134,218,81.34,129.38,210.72,,
1994,30-Mar,07:30PM,Wed,Miami,28,26,54,21,26,0,47,101,YES,0,1,YES,New Jersey,23,28,51,31,29,0,60,111,NO,1,0,YES,105,107,212,102.34,102.38,204.72,,
1994,31-Mar,06:00PM,Thu,Cleveland,25,24,49,16,20,0,36,85,YES,1,1,NO,San Antonio,28,26,54,24,23,0,47,101,NO,1,1,YES,103,83,186,100.34,78.38,178.72,,
1994,31-Mar,07:00PM,Thu,LAL,17,30,47,25,20,0,45,92,YES,1,0,YES,Seattle,27,24,51,21,23,0,44,95,NO,1,1,YES,98,89,187,95.34,84.38,179.72,,
1994,31-Mar,04:30PM,Thu,Phoenix,24,35,59,30,28,0,58,117,YES,3,0,YES,LAC,24,24,48,27,27,0,54,102,NO,2,1,YES,107,112,219,104.34,107.38,211.72,,
1994,31-Mar,06:30PM,Thu,Portland,28,31,59,21,29,0,50,109,YES,1,0,NO,Milwaukee,24,23,47,36,28,0,64,111,YES,1,1,NO,106,114,220,103.34,109.38,212.72,,
1994,31-Mar,04:30PM,Thu,Atlanta,23,31,54,21,31,0,52,106,YES,1,0,NO,Sacramento,19,26,45,28,29,0,57,102,NO,1,1,NO,99,109,208,96.34,104.38,200.72,,
1994,1-Apr,06:00PM,Fri,Detroit,23,32,55,23,17,0,40,95,NO,2,1,YES,Chicago,26,28,54,26,22,0,48,102,YES,1,2,NO,109,88,197,106.34,83.38,189.72,-10,203
1994,1-Apr,04:00PM,Fri,Atlanta,24,20,44,25,18,0,43,87,NO,0,1,NO,Phoenix,29,29,58,19,16,0,35,93,NO,1,0,YES,102,78,180,99.34,73.38,172.72,-6.5,207
1994,1-Apr,07:30PM,Fri,Washington,23,19,42,29,28,0,57,99,NO,2,0,YES,Boston,27,23,50,25,20,0,45,95,YES,1,1,NO,92,102,194,89.34,97.38,186.72,-10,217
1994,1-Apr,06:30PM,Fri,Charlotte,30,29,59,27,20,0,47,106,NO,2,0,NO,Dallas,31,27,58,21,25,0,46,104,NO,0,2,NO,117,93,210,114.34,88.38,202.72,8.5,211
1994,1-Apr,04:30PM,Fri,Minnesota,22,32,54,21,34,0,55,109,NO,2,0,NO,Golden State,39,38,77,33,36,0,69,146,YES,0,1,NO,131,124,255,128.34,119.38,247.72,-12,215
1994,1-Apr,04:30PM,Fri,Houston,22,20,42,19,27,0,46,88,NO,1,1,NO,LAL,23,17,40,31,30,0,61,101,NO,1,0,YES,82,107,189,79.34,102.38,181.72,5,196
1994,1-Apr,07:30PM,Fri,Indiana,22,21,43,29,19,0,48,91,NO,1,0,YES,Miami,24,29,53,20,28,0,48,101,YES,0,1,YES,96,96,192,93.34,91.38,184.72,-2.5,200
1994,1-Apr,07:30PM,Fri,Orlando,25,20,45,30,23,0,53,98,YES,2,0,NO,New Jersey,24,21,45,20,31,0,51,96,NO,1,1,NO,90,104,194,87.34,99.38,186.72,-4.5,206
1994,1-Apr,07:30PM,Fri,Portland,24,31,55,27,29,0,56,111,NO,0,1,NO,Philadelphia,30,28,58,19,23,0,42,100,NO,1,2,YES,113,98,211,110.34,93.38,203.72,7.5,216
1994,2-Apr,07:00PM,Sat,Golden State,33,26,59,26,24,0,50,109,YES,0,2,NO,Seattle,30,32,62,29,28,0,57,119,NO,2,1,NO,121,107,228,118.34,102.38,220.72,,
1994,2-Apr,05:00PM,Sat,Denver,26,18,44,20,27,0,47,91,NO,4,0,NO,Utah,27,28,55,23,23,0,46,101,YES,2,3,NO,99,93,192,96.34,88.38,184.72,,
1994,2-Apr,06:30PM,Sat,Cleveland,22,26,48,22,25,0,47,95,NO,1,2,YES,Dallas,27,20,47,22,19,0,41,88,YES,2,0,NO,95,88,183,92.34,83.38,175.72,,
1994,2-Apr,07:30PM,Sat,Orlando,25,33,58,24,31,0,55,113,NO,0,2,YES,Indiana,27,34,61,33,34,0,67,128,NO,2,0,YES,119,122,241,116.34,117.38,233.72,,
1994,2-Apr,04:30PM,Sat,Minnesota,21,23,44,23,20,0,43,87,NO,0,3,YES,Sacramento,34,22,56,23,23,0,46,102,NO,2,1,NO,100,89,189,97.34,84.38,181.72,,
1994,2-Apr,06:30PM,Sat,Charlotte,27,27,54,18,39,0,57,111,NO,0,2,NO,San Antonio,38,19,57,32,28,0,60,117,NO,2,1,NO,111,117,228,108.34,112.38,220.72,,
1994,2-Apr,07:30PM,Sat,Milwaukee,26,19,45,26,25,0,51,96,YES,1,2,NO,Washington,30,25,55,28,21,0,49,104,YES,2,0,YES,100,100,200,97.34,95.38,192.72,,
1994,2-Apr,08:30PM,Sat,Miami,25,22,47,17,23,0,40,87,YES,0,2,YES,New York,25,31,56,28,26,0,54,110,YES,2,3,NO,103,94,197,100.34,89.38,189.72,,
1994,3-Apr,01:30PM,Sun,Chicago,19,27,46,30,20,0,50,96,YES,1,1,YES,Detroit,24,18,42,21,30,0,51,93,YES,1,1,YES,88,101,189,85.34,96.38,181.72,,
1994,3-Apr,12:00PM,Sun,Houston,25,31,56,24,26,0,50,106,NO,1,3,YES,LAC,18,18,36,30,32,0,62,98,YES,1,2,NO,92,112,204,89.34,107.38,196.72,,
1994,3-Apr,04:00PM,Sun,Portland,19,23,42,32,35,0,67,109,NO,1,1,YES,New Jersey,31,21,52,25,28,0,53,105,NO,1,1,NO,94,120,214,91.34,115.38,206.72,,
1994,3-Apr,04:00PM,Sun,Atlanta,21,22,43,17,29,0,46,89,NO,1,2,YES,LAL,25,25,50,28,24,0,52,102,NO,2,1,NO,93,98,191,90.34,93.38,183.72,,
1994,3-Apr,07:00PM,Sun,Boston,32,35,67,30,38,0,68,135,YES,1,1,NO,Philadelphia,29,29,58,28,26,0,54,112,NO,2,1,NO,125,122,247,122.34,117.38,239.72,,
1994,3-Apr,04:00PM,Sun,Denver,31,22,53,20,25,0,45,98,NO,0,1,YES,Phoenix,26,39,65,9,34,0,43,108,YES,1,1,NO,118,88,206,115.34,83.38,198.72,,
1994,5-Apr,05:00PM,Tue,LAC,15,35,50,25,17,0,42,92,YES,1,0,NO,Denver,24,15,39,22,30,0,52,91,NO,1,1,YES,89,94,183,86.34,89.38,175.72,,
1994,5-Apr,07:00PM,Tue,Utah,25,15,40,21,18,0,39,79,YES,2,1,YES,Seattle,15,21,36,22,28,0,50,86,YES,1,2,NO,76,89,165,73.34,84.38,157.72,,
1994,5-Apr,06:30PM,Tue,Washington,27,20,47,22,19,0,41,88,YES,2,0,YES,Chicago,31,21,52,35,27,0,62,114,YES,2,1,YES,99,103,202,96.34,98.38,194.72,,
1994,5-Apr,07:30PM,Tue,Charlotte,31,22,53,22,24,0,46,99,NO,2,0,YES,Cleveland,17,30,47,23,35,0,58,105,YES,1,2,YES,100,104,204,97.34,99.38,196.72,,
1994,5-Apr,07:30PM,Tue,Detroit,21,20,41,23,25,0,48,89,YES,1,2,NO,Indiana,25,31,56,20,29,0,49,105,YES,0,2,NO,97,97,194,94.34,92.38,186.72,,
1994,5-Apr,07:30PM,Tue,New York,24,21,45,21,20,0,41,86,YES,2,1,YES,Miami,22,34,56,19,25,0,44,100,YES,0,2,YES,101,85,186,98.34,80.38,178.72,,
1994,5-Apr,07:30PM,Tue,Boston,27,24,51,21,22,0,43,94,NO,1,0,NO,New Jersey,34,32,66,25,29,0,54,120,NO,1,1,NO,117,97,214,114.34,92.38,206.72,,
1994,5-Apr,07:30PM,Tue,Milwaukee,19,19,38,25,34,0,59,97,NO,2,0,NO,Orlando,32,25,57,22,25,0,47,104,NO,2,2,YES,95,106,201,92.34,101.38,193.72,,
1994,5-Apr,04:30PM,Tue,Phoenix,36,21,57,22,34,0,56,113,YES,1,0,YES,Portland,29,40,69,32,34,0,66,135,NO,3,1,YES,126,122,248,123.34,117.38,240.72,,
1994,5-Apr,04:30PM,Tue,Dallas,23,17,40,18,30,0,48,88,YES,2,1,NO,Sacramento,22,16,38,19,23,0,42,80,YES,0,2,NO,78,90,168,75.34,85.38,160.72,,
1994,5-Apr,06:30PM,Tue,Golden State,34,20,54,25,27,0,52,106,NO,2,1,NO,San Antonio,17,29,46,34,21,0,55,101,YES,0,2,NO,100,107,207,97.34,102.38,199.72,,
1994,6-Apr,06:00PM,Wed,LAC,29,16,45,29,26,0,55,100,NO,0,2,NO,Minnesota,24,24,48,26,36,0,62,110,YES,1,3,YES,93,117,210,90.34,112.38,202.72,,
1994,6-Apr,04:00PM,Wed,San Antonio,22,20,42,23,30,0,53,95,YES,0,2,NO,Phoenix,32,28,60,22,25,0,47,107,YES,1,0,YES,102,100,202,99.34,95.38,194.72,,
1994,6-Apr,07:30PM,Wed,Boston,30,27,57,32,18,0,50,107,NO,0,1,YES,Atlanta,33,23,56,26,29,0,55,111,YES,0,2,YES,113,105,218,110.34,100.38,210.72,,
1994,6-Apr,07:30PM,Wed,Indiana,22,30,52,18,20,0,38,90,YES,0,1,YES,Charlotte,31,36,67,29,33,0,62,129,NO,1,0,YES,119,100,219,116.34,95.38,211.72,,
1994,6-Apr,04:30PM,Wed,Sacramento,21,35,56,28,29,10,57,113,YES,0,1,YES,LAL,23,24,47,25,41,15,66,113,NO,1,2,NO,103,123,226,100.34,118.38,218.72,,
1994,6-Apr,07:30PM,Wed,Milwaukee,26,25,51,31,32,0,63,114,NO,0,2,NO,Philadelphia,27,24,51,36,28,0,64,115,NO,1,2,NO,102,127,229,99.34,122.38,221.72,,
1994,6-Apr,07:30PM,Wed,Miami,24,28,52,36,26,0,62,114,YES,0,2,YES,Washington,30,27,57,21,25,0,46,103,NO,1,0,YES,109,108,217,106.34,103.38,209.72,,
1994,7-Apr,05:00PM,Thu,Seattle,25,23,48,22,20,0,42,90,YES,1,0,YES,Denver,18,32,50,27,27,0,54,104,YES,0,1,NO,98,96,194,95.34,91.38,186.72,,
1994,7-Apr,06:00PM,Thu,Golden State,25,21,46,25,31,0,56,102,NO,1,1,NO,Houston,27,31,58,32,44,0,76,134,NO,1,3,YES,104,132,236,101.34,127.38,228.72,,
1994,7-Apr,05:00PM,Thu,Dallas,26,12,38,16,28,0,44,82,NO,1,0,NO,Utah,28,24,52,27,20,0,47,99,NO,1,1,YES,90,91,181,87.34,86.38,173.72,,
1994,7-Apr,07:30PM,Thu,Atlanta,21,30,51,16,20,0,36,87,YES,0,1,YES,New Jersey,19,32,51,19,23,0,42,93,YES,0,1,NO,102,78,180,99.34,73.38,172.72,,
1994,7-Apr,07:30PM,Thu,Cleveland,27,21,48,26,15,5,41,89,YES,1,0,NO,New York,22,24,46,28,15,8,43,89,YES,0,1,YES,94,84,178,91.34,79.38,170.72,,
1994,8-Apr,07:00PM,Fri,Dallas,25,25,50,24,19,0,43,93,NO,0,2,NO,Seattle,29,24,53,27,31,0,58,111,NO,1,0,YES,103,101,204,100.34,96.38,196.72,-16,203
1994,8-Apr,07:30PM,Fri,Minnesota,26,29,55,23,30,0,53,108,YES,1,0,YES,Boston,20,27,47,33,32,0,65,112,YES,1,1,YES,102,118,220,99.34,113.38,212.72,-7.5,206
1994,8-Apr,07:30PM,Fri,New Jersey,20,22,42,16,20,0,36,78,YES,0,1,YES,Charlotte,30,28,58,20,21,0,41,99,YES,0,1,NO,100,77,177,97.34,72.38,169.72,,
1994,8-Apr,07:30PM,Fri,Chicago,25,28,53,21,26,0,47,100,YES,2,0,YES,Indiana,22,23,45,26,23,0,49,94,NO,2,1,YES,98,96,194,95.34,91.38,186.72,-3.5,188
1994,8-Apr,04:30PM,Fri,Denver,23,25,48,30,34,0,64,112,YES,0,1,YES,LAL,29,25,54,25,20,0,45,99,YES,0,1,NO,102,109,211,99.34,104.38,203.72,-7,195
1994,8-Apr,07:30PM,Fri,Detroit,20,19,39,33,31,0,64,103,NO,2,1,YES,Orlando,35,23,58,34,25,0,59,117,YES,0,2,NO,97,123,220,94.34,118.38,212.72,-11,0
1994,8-Apr,07:30PM,Fri,New York,13,32,45,29,23,0,52,97,YES,0,1,NO,Philadelphia,29,34,63,17,20,0,37,100,NO,0,1,NO,108,89,197,105.34,84.38,189.72,10,193
1994,8-Apr,04:30PM,Fri,Phoenix,21,24,45,24,32,0,56,101,YES,1,1,NO,Sacramento,33,27,60,13,31,0,44,104,NO,2,1,YES,105,100,205,102.34,95.38,197.72,7.5,214
1994,8-Apr,07:30PM,Fri,Cleveland,23,35,58,23,17,0,40,98,NO,0,3,YES,Washington,29,30,59,29,20,0,49,108,YES,0,1,NO,117,89,206,114.34,84.38,198.72,7,0
1994,9-Apr,01:30PM,Sat,San Antonio,9,30,39,23,27,0,50,89,NO,2,1,YES,Houston,20,27,47,23,30,0,53,100,YES,0,1,NO,86,103,189,83.34,98.38,181.72,,
1994,9-Apr,06:00PM,Sat,Golden State,30,20,50,28,39,0,67,117,NO,1,1,YES,Minnesota,29,27,56,22,27,0,49,105,YES,1,0,YES,106,116,222,103.34,111.38,214.72,,
1994,9-Apr,05:00PM,Sat,LAC,29,25,54,23,27,0,50,104,NO,2,1,NO,Utah,33,24,57,35,36,0,71,128,NO,2,1,NO,111,121,232,108.34,116.38,224.72,,
1994,9-Apr,07:30PM,Sat,Washington,27,28,55,20,28,0,48,103,YES,0,4,YES,Atlanta,32,30,62,31,24,0,55,117,NO,3,1,YES,117,103,220,114.34,98.38,212.72,,
1994,9-Apr,06:30PM,Sat,Milwaukee,19,25,44,26,29,0,55,99,NO,2,2,NO,Chicago,37,31,68,27,30,0,57,125,NO,2,0,YES,112,112,224,109.34,107.38,216.72,,
1994,9-Apr,07:30PM,Sat,Orlando,28,31,59,29,37,0,66,125,YES,0,1,NO,Miami,23,23,46,42,17,0,59,105,YES,1,2,YES,105,125,230,102.34,120.38,222.72,,
1994,9-Apr,07:30PM,Sat,Charlotte,31,23,54,35,29,9,64,118,YES,0,1,YES,Philadelphia,35,27,62,29,27,4,56,118,YES,2,0,NO,116,120,236,113.34,115.38,228.72,,
1994,9-Apr,04:30PM,Sat,LAL,30,35,65,14,25,0,39,104,YES,0,2,YES,Portland,29,27,56,26,30,0,56,112,NO,2,3,NO,121,95,216,118.34,90.38,208.72,,
1994,10-Apr,12:30PM,Sun,Phoenix,25,31,56,33,19,0,52,108,NO,1,1,NO,Seattle,40,13,53,22,36,0,58,111,YES,1,1,NO,109,110,219,106.34,105.38,211.72,,
1994,10-Apr,01:00PM,Sun,New York,23,18,41,23,24,0,47,88,NO,1,0,YES,New Jersey,33,20,53,29,25,0,54,107,YES,1,1,YES,94,101,195,91.34,96.38,187.72,,
1994,10-Apr,05:00PM,Sun,Houston,24,18,42,20,31,0,51,93,YES,0,1,YES,Denver,26,24,50,21,21,0,42,92,NO,1,1,YES,92,93,185,89.34,88.38,177.72,,
1994,10-Apr,07:00PM,Sun,Boston,29,29,58,30,28,0,58,116,YES,1,0,NO,Detroit,28,26,54,31,26,0,57,111,NO,1,1,YES,112,115,227,109.34,110.38,219.72,,
1994,11-Apr,07:30PM,Mon,Miami,25,28,53,21,23,0,44,97,YES,1,1,YES,Charlotte,26,20,46,25,28,0,53,99,YES,2,1,YES,99,97,196,96.34,92.38,188.72,,
1994,11-Apr,04:30PM,Mon,Dallas,22,32,54,31,23,0,54,108,NO,2,0,NO,Golden State,25,33,58,39,25,0,64,122,YES,0,1,YES,112,118,230,109.34,113.38,222.72,,
1994,11-Apr,07:30PM,Mon,Boston,26,25,51,28,29,0,57,108,NO,0,1,YES,Indiana,29,28,57,26,38,0,64,121,YES,1,2,NO,108,121,229,105.34,116.38,221.72,,
1994,11-Apr,04:30PM,Mon,LAC,20,25,45,22,30,0,52,97,NO,1,0,YES,Sacramento,33,32,65,21,32,0,53,118,YES,0,2,NO,110,105,215,107.34,100.38,207.72,,
1994,11-Apr,06:30PM,Mon,Minnesota,22,18,40,25,24,0,49,89,YES,1,0,NO,San Antonio,26,18,44,25,32,0,57,101,NO,1,1,YES,84,106,190,81.34,101.38,182.72,,
1994,11-Apr,08:00PM,Mon,Orlando,26,25,51,29,28,0,57,108,NO,1,2,YES,New York,28,21,49,25,26,0,51,100,YES,2,0,YES,100,108,208,97.34,103.38,200.72,,
1994,12-Apr,05:00PM,Tue,Phoenix,23,31,54,28,25,0,53,107,NO,1,0,YES,Denver,24,24,48,30,24,0,54,102,YES,0,1,NO,102,107,209,99.34,102.38,201.72,,
1994,12-Apr,05:00PM,Tue,Sacramento,19,26,45,21,25,0,46,91,YES,0,1,NO,Utah,28,33,61,38,27,0,65,126,NO,1,2,NO,106,111,217,103.34,106.38,209.72,,
1994,12-Apr,06:30PM,Tue,New Jersey,22,26,48,27,30,0,57,105,YES,1,0,NO,Chicago,35,27,62,32,17,0,49,111,YES,0,2,NO,110,106,216,107.34,101.38,208.72,,
1994,12-Apr,07:30PM,Tue,Milwaukee,14,31,45,21,25,0,46,91,NO,2,0,YES,Cleveland,31,29,60,30,29,0,59,119,YES,0,3,YES,105,105,210,102.34,100.38,202.72,,
1994,12-Apr,07:30PM,Tue,Philadelphia,29,33,62,35,37,0,72,134,YES,2,0,YES,Detroit,27,23,50,22,35,0,57,107,YES,0,1,NO,112,129,241,109.34,124.38,233.72,,
1994,12-Apr,06:30PM,Tue,Minnesota,24,19,43,21,25,0,46,89,NO,0,2,YES,Houston,28,16,44,26,28,0,54,98,NO,1,1,YES,87,100,187,84.34,95.38,179.72,,
1994,12-Apr,04:30PM,Tue,Seattle,39,22,61,23,32,0,55,116,YES,1,1,YES,LAC,25,25,50,29,22,0,51,101,YES,1,0,YES,111,106,217,108.34,101.38,209.72,,
1994,12-Apr,04:30PM,Tue,Golden State,32,32,64,30,34,0,64,128,YES,0,1,YES,LAL,30,29,59,24,34,0,58,117,YES,0,2,YES,123,122,245,120.34,117.38,237.72,,
1994,12-Apr,04:30PM,Tue,Dallas,29,26,55,22,31,0,53,108,NO,0,2,YES,Portland,24,31,55,20,32,0,52,107,YES,1,2,NO,110,105,215,107.34,100.38,207.72,,
1994,13-Apr,04:00PM,Wed,LAL,16,20,36,21,31,0,52,88,YES,0,1,YES,Phoenix,26,27,53,36,28,0,64,117,YES,2,0,YES,89,116,205,86.34,111.38,197.72,,
1994,13-Apr,07:30PM,Wed,Cleveland,22,17,39,26,30,0,56,95,YES,0,1,YES,Atlanta,33,31,64,28,18,0,46,110,YES,1,3,NO,103,102,205,100.34,97.38,197.72,,
1994,13-Apr,07:30PM,Wed,Detroit,29,20,49,21,26,0,47,96,YES,0,1,NO,Boston,31,24,55,29,25,0,54,109,NO,1,1,YES,104,101,205,101.34,96.38,197.72,,
1994,13-Apr,07:30PM,Wed,Chicago,23,22,45,29,22,0,51,96,YES,0,1,NO,Miami,27,14,41,23,26,0,49,90,YES,1,1,YES,86,100,186,83.34,95.38,178.72,,
1994,13-Apr,06:30PM,Wed,New Jersey,23,29,52,27,28,0,55,107,NO,0,1,YES,Milwaukee,31,19,50,28,27,0,55,105,NO,1,0,YES,102,110,212,99.34,105.38,204.72,,
1994,13-Apr,07:30PM,Wed,Indiana,27,31,58,30,27,0,57,115,YES,1,1,NO,Philadelphia,25,19,44,25,18,0,43,87,YES,2,0,YES,102,100,202,99.34,95.38,194.72,,
1994,13-Apr,06:30PM,Wed,Denver,28,17,45,21,17,0,38,83,YES,0,1,NO,San Antonio,25,19,44,21,13,0,34,78,YES,0,1,NO,89,72,161,86.34,67.38,153.72,,
1994,14-Apr,07:00PM,Thu,LAC,15,27,42,35,24,0,59,101,YES,1,1,YES,Seattle,40,38,78,41,31,0,72,150,NO,1,1,YES,120,131,251,117.34,126.38,243.72,,
1994,14-Apr,05:00PM,Thu,San Antonio,27,23,50,18,22,0,40,90,YES,0,1,YES,Utah,19,29,48,25,28,0,53,101,YES,1,1,NO,98,93,191,95.34,88.38,183.72,,
1994,14-Apr,04:30PM,Thu,Portland,25,36,61,30,17,0,47,108,YES,1,0,NO,Golden State,24,26,50,31,32,0,63,113,NO,1,1,YES,111,110,221,108.34,105.38,213.72,,
1994,14-Apr,06:30PM,Thu,Sacramento,23,26,49,15,35,0,50,99,NO,1,1,NO,Houston,23,24,47,25,32,0,57,104,YES,1,1,NO,96,107,203,93.34,102.38,195.72,,
1994,14-Apr,07:30PM,Thu,New York,31,22,53,30,28,0,58,111,YES,2,0,YES,Washington,25,26,51,33,22,0,55,106,YES,0,4,YES,104,113,217,101.34,108.38,209.72,,
1994,14-Apr,08:00PM,Thu,Charlotte,35,33,68,24,20,0,44,112,YES,2,0,YES,Orlando,35,22,57,29,22,0,51,108,YES,0,2,YES,125,95,220,122.34,90.38,212.72,,
1994,15-Apr,06:00PM,Fri,Indiana,44,25,69,29,32,0,61,130,NO,1,1,NO,Minnesota,25,22,47,35,30,0,65,112,NO,1,2,YES,116,126,242,113.34,121.38,234.72,7,198
1994,15-Apr,07:30PM,Fri,Orlando,22,27,49,29,18,14,47,96,YES,0,1,YES,Boston,28,20,48,27,21,17,48,96,YES,1,1,NO,97,95,192,94.34,90.38,184.72,3.5,217
1994,15-Apr,07:30PM,Fri,Miami,24,25,49,25,26,0,51,100,YES,1,1,YES,Cleveland,33,21,54,26,29,0,55,109,YES,0,1,YES,103,106,209,100.34,101.38,201.72,-5,197
1994,15-Apr,06:30PM,Fri,Denver,29,24,53,26,18,0,44,97,NO,1,1,NO,Dallas,31,24,55,16,28,0,44,99,NO,0,2,YES,108,88,196,105.34,83.38,188.72,6.5,195
1994,15-Apr,04:30PM,Fri,Portland,34,24,58,23,24,0,47,105,NO,0,1,YES,LAL,24,27,51,31,18,0,49,100,YES,0,1,YES,109,96,205,106.34,91.38,197.72,-1,216
1994,15-Apr,07:30PM,Fri,Detroit,21,22,43,29,31,11,60,103,NO,1,1,YES,New Jersey,36,23,59,26,18,16,44,103,YES,1,1,YES,102,104,206,99.34,99.38,198.72,-13,0
1994,15-Apr,07:30PM,Fri,Washington,29,25,54,22,14,0,36,90,YES,0,1,YES,New York,31,24,55,22,26,0,48,103,YES,1,0,YES,109,84,193,106.34,79.38,185.72,-15,204
1994,15-Apr,08:00PM,Fri,Chicago,14,29,43,23,22,0,45,88,NO,1,1,NO,Charlotte,18,26,44,20,21,0,41,85,NO,1,0,YES,87,86,173,84.34,81.38,165.72,-3,203
1994,15-Apr,07:00PM,Fri,Atlanta,22,29,51,31,23,0,54,105,YES,1,0,YES,Milwaukee,20,34,54,19,23,0,42,96,NO,0,1,NO,105,96,201,102.34,91.38,193.72,7,200
1994,16-Apr,12:30PM,Sat,Houston,27,14,41,34,22,0,56,97,YES,1,0,NO,Seattle,23,29,52,25,23,0,48,100,YES,2,1,NO,93,104,197,90.34,99.38,189.72,,
1994,16-Apr,01:30PM,Sat,Phoenix,28,19,47,26,23,0,49,96,YES,2,1,NO,San Antonio,30,21,51,23,20,0,43,94,NO,2,1,YES,98,92,190,95.34,87.38,182.72,,
1994,16-Apr,07:30PM,Sat,Philadelphia,28,19,47,26,21,0,47,94,YES,2,2,YES,Atlanta,28,34,62,27,34,0,61,123,YES,1,0,YES,109,108,217,106.34,103.38,209.72,,
1994,16-Apr,06:30PM,Sat,Sacramento,25,27,52,28,26,0,54,106,NO,1,2,YES,Dallas,18,34,52,19,27,0,46,98,NO,1,0,NO,104,100,204,101.34,95.38,196.72,,
1994,16-Apr,04:30PM,Sat,Utah,31,22,53,26,26,0,52,105,YES,1,2,NO,Golden State,28,23,51,21,37,0,58,109,YES,1,1,NO,104,110,214,101.34,105.38,206.72,,
1994,16-Apr,04:30PM,Sat,LAL,30,29,59,11,33,0,44,103,YES,0,2,NO,LAC,35,25,60,26,22,0,48,108,NO,1,1,YES,119,92,211,116.34,87.38,203.72,,
1994,16-Apr,07:00PM,Sat,Cleveland,20,20,40,26,25,0,51,91,YES,0,3,NO,Milwaukee,27,19,46,24,20,0,44,90,YES,2,0,NO,86,95,181,83.34,90.38,173.72,,
1994,17-Apr,12:30PM,Sun,Indiana,24,19,43,29,32,0,61,104,NO,1,1,NO,Detroit,25,25,50,22,27,0,49,99,NO,1,1,YES,93,110,203,90.34,105.38,195.72,,
1994,17-Apr,12:30PM,Sun,Boston,33,24,57,26,17,0,43,100,YES,1,1,YES,Washington,34,32,66,37,39,0,76,142,NO,1,1,YES,123,119,242,120.34,114.38,234.72,,
1994,17-Apr,01:00PM,Sun,Denver,17,27,44,30,25,0,55,99,NO,1,1,YES,Minnesota,26,28,54,18,16,0,34,88,YES,1,1,NO,98,89,187,95.34,84.38,179.72,,
1994,17-Apr,03:00PM,Sun,New York,21,26,47,30,14,0,44,91,YES,1,1,YES,Charlotte,27,30,57,30,20,0,50,107,NO,2,1,NO,104,94,198,101.34,89.38,190.72,,
1994,17-Apr,04:00PM,Sun,New Jersey,28,20,48,36,26,0,62,110,YES,1,1,NO,Miami,28,32,60,23,20,0,43,103,NO,1,1,YES,108,105,213,105.34,100.38,205.72,,
1994,17-Apr,05:30PM,Sun,Chicago,29,28,57,23,21,0,44,101,NO,1,0,YES,Orlando,35,24,59,30,29,0,59,118,YES,1,1,YES,116,103,219,113.34,98.38,211.72,,
1994,17-Apr,04:30PM,Sun,Houston,28,33,61,19,39,0,58,119,NO,0,1,NO,Portland,28,26,54,27,29,0,56,110,YES,3,1,YES,115,114,229,112.34,109.38,221.72,,
1994,18-Apr,06:30PM,Mon,Atlanta,11,23,34,21,15,0,36,70,YES,1,0,NO,Chicago,24,20,44,19,24,0,43,87,NO,3,0,YES,78,79,157,75.34,74.38,149.72,,
1994,18-Apr,06:30PM,Mon,Phoenix,30,30,60,15,31,0,46,106,NO,1,0,YES,Dallas,32,26,58,14,25,0,39,97,YES,2,1,NO,118,85,203,115.34,80.38,195.72,,
1994,18-Apr,04:30PM,Mon,Golden State,27,32,59,34,28,13,62,121,YES,1,2,YES,LAC,35,29,64,24,33,10,57,121,NO,1,1,NO,123,119,242,120.34,114.38,234.72,,
1994,19-Apr,05:00PM,Tue,LAL,24,25,49,31,18,0,49,98,NO,2,0,YES,Denver,27,24,51,33,21,0,54,105,YES,0,1,YES,100,103,203,97.34,98.38,195.72,,
1994,19-Apr,04:00PM,Tue,Seattle,32,28,60,36,20,0,56,116,YES,2,0,NO,Phoenix,31,28,59,33,30,0,63,122,NO,2,0,YES,119,119,238,116.34,114.38,230.72,,
1994,19-Apr,06:00PM,Tue,Houston,19,21,40,20,20,0,40,80,NO,1,1,YES,San Antonio,22,22,44,18,28,0,46,90,YES,2,2,NO,84,86,170,81.34,81.38,162.72,,
1994,19-Apr,07:30PM,Tue,Milwaukee,28,21,49,35,28,0,63,112,YES,2,0,YES,Boston,30,35,65,28,27,0,55,120,NO,1,1,YES,114,118,232,111.34,113.38,224.72,,
1994,19-Apr,07:30PM,Tue,Orlando,30,42,72,32,28,0,60,132,YES,1,0,YES,Detroit,28,26,54,26,24,0,50,104,YES,0,1,NO,126,110,236,123.34,105.38,228.72,,
1994,19-Apr,07:30PM,Tue,Minnesota,24,27,51,28,20,0,48,99,YES,1,0,NO,Miami,43,29,72,26,28,0,54,126,NO,1,1,NO,123,102,225,120.34,97.38,217.72,,
1994,19-Apr,07:30PM,Tue,Atlanta,13,27,40,22,25,0,47,87,NO,0,1,NO,New York,24,14,38,21,25,0,46,84,NO,1,1,YES,78,93,171,75.34,88.38,163.72,,
1994,19-Apr,07:30PM,Tue,New Jersey,35,26,61,23,31,0,54,115,NO,1,3,YES,Philadelphia,30,25,55,25,30,0,55,110,YES,1,2,YES,116,109,225,113.34,104.38,217.72,,
1994,19-Apr,04:30PM,Tue,Utah,28,26,54,32,29,0,61,115,NO,2,1,YES,Sacramento,25,29,54,26,28,0,54,108,YES,1,2,YES,108,115,223,105.34,110.38,215.72,,
1994,19-Apr,07:30PM,Tue,Indiana,34,26,60,31,20,0,51,111,NO,1,0,YES,Washington,29,26,55,18,37,0,55,110,YES,0,1,NO,115,106,221,112.34,101.38,213.72,,
1994,20-Apr,07:30PM,Wed,Washington,31,27,58,29,24,0,53,111,YES,0,1,NO,Charlotte,40,29,69,18,30,0,48,117,YES,0,2,NO,127,101,228,124.34,96.38,220.72,,
1994,20-Apr,07:30PM,Wed,Cleveland,28,22,50,27,21,0,48,98,NO,3,1,YES,Indiana,26,29,55,27,27,0,54,109,NO,1,0,YES,105,102,207,102.34,97.38,199.72,,
1994,20-Apr,04:30PM,Wed,Denver,24,19,43,23,34,0,57,100,YES,0,1,YES,LAC,24,28,52,24,9,0,33,85,YES,1,1,NO,95,90,185,92.34,85.38,177.72,,
1994,20-Apr,04:30PM,Wed,Seattle,28,29,57,19,36,0,55,112,NO,0,1,YES,LAL,28,25,53,20,17,0,37,90,YES,2,0,YES,110,92,202,107.34,87.38,194.72,,
1994,20-Apr,06:30PM,Wed,Detroit,13,26,39,20,19,0,39,78,YES,0,2,NO,Milwaukee,25,26,51,20,32,0,52,103,NO,1,0,YES,90,91,181,87.34,86.38,173.72,,
1994,20-Apr,07:30PM,Wed,Minnesota,20,25,45,22,34,0,56,101,NO,0,1,YES,Orlando,38,25,63,33,25,0,58,121,YES,2,0,YES,108,114,222,105.34,109.38,214.72,,
1994,21-Apr,03:30PM,Thu,Sacramento,28,22,50,18,28,0,46,96,YES,1,1,NO,Golden State,30,32,62,35,24,0,59,121,NO,1,2,YES,112,105,217,109.34,100.38,209.72,,
1994,21-Apr,05:00PM,Thu,Portland,26,35,61,24,26,0,50,111,YES,3,0,NO,Utah,35,29,64,32,26,0,58,122,YES,0,1,YES,125,108,233,122.34,103.38,225.72,,
1994,21-Apr,07:30PM,Thu,Charlotte,25,26,51,28,16,0,44,95,YES,0,1,YES,Boston,25,30,55,24,10,0,34,89,YES,0,1,NO,106,78,184,103.34,73.38,176.72,,
1994,21-Apr,06:30PM,Thu,Dallas,24,16,40,20,40,0,60,100,YES,2,0,YES,Houston,37,28,65,38,23,0,61,126,YES,0,1,YES,105,121,226,102.34,116.38,218.72,,
1994,21-Apr,07:30PM,Thu,Atlanta,17,21,38,25,26,0,51,89,NO,1,1,YES,Miami,26,18,44,26,24,0,50,94,YES,1,1,NO,82,101,183,79.34,96.38,175.72,,
1994,21-Apr,07:30PM,Thu,Philadelphia,22,23,45,18,19,0,37,82,YES,1,0,NO,New York,32,23,55,41,34,0,75,130,YES,0,1,NO,100,112,212,97.34,107.38,204.72,,
1994,22-Apr,04:00PM,Fri,Utah,20,31,51,32,30,0,62,113,YES,0,1,NO,Denver,30,23,53,32,21,0,53,106,YES,1,1,YES,104,115,219,101.34,110.38,211.72,,
1994,22-Apr,06:00PM,Fri,Portland,28,24,52,32,34,0,66,118,NO,0,1,YES,Minnesota,27,21,48,28,27,0,55,103,YES,1,1,YES,100,121,221,97.34,116.38,213.72,,
1994,22-Apr,04:00PM,Fri,LAC,27,37,64,26,31,0,57,121,YES,1,1,YES,Phoenix,30,43,73,31,23,0,54,127,NO,0,2,NO,137,111,248,134.34,106.38,240.72,,
1994,22-Apr,07:00PM,Fri,San Antonio,23,18,41,29,17,0,46,87,YES,2,1,NO,Seattle,18,28,46,28,20,0,48,94,YES,1,1,YES,87,94,181,84.34,89.38,173.72,,
1994,22-Apr,06:30PM,Fri,Boston,24,17,41,27,16,20,43,84,YES,0,1,NO,Chicago,17,20,37,28,19,10,47,84,NO,1,3,NO,78,90,168,75.34,85.38,160.72,,
1994,22-Apr,07:30PM,Fri,Washington,15,29,44,28,24,0,52,96,NO,1,1,YES,Cleveland,30,30,60,31,26,0,57,117,NO,1,1,YES,104,109,213,101.34,104.38,205.72,,
1994,22-Apr,06:30PM,Fri,Houston,31,23,54,20,21,0,41,95,YES,0,1,YES,Dallas,27,20,47,26,34,0,60,107,NO,1,0,YES,101,101,202,98.34,96.38,194.72,,
1994,22-Apr,07:30PM,Fri,Philadelphia,17,27,44,22,22,0,44,88,NO,0,1,YES,Indiana,32,40,72,39,22,0,61,133,NO,0,1,NO,116,105,221,113.34,100.38,213.72,,
1994,22-Apr,07:00PM,Fri,New York,32,29,61,31,33,0,64,125,YES,0,1,NO,Milwaukee,29,17,46,19,20,0,39,85,YES,0,1,NO,107,103,210,104.34,98.38,202.72,,
1994,23-Apr,12:00PM,Sat,LAL,24,23,47,15,29,0,44,91,YES,2,0,YES,Golden State,40,33,73,29,24,0,53,126,YES,0,1,NO,120,97,217,117.34,92.38,209.72,,
1994,23-Apr,03:30PM,Sat,Detroit,27,29,56,31,16,0,47,103,NO,2,0,NO,Charlotte,19,26,45,26,37,0,63,108,YES,0,1,YES,101,110,211,98.34,105.38,203.72,,
1994,23-Apr,04:00PM,Sat,Sacramento,22,24,46,23,31,0,54,100,NO,1,0,YES,Phoenix,28,22,50,28,23,0,51,101,YES,194,0,NO,96,105,201,93.34,100.38,193.72,,
1994,23-Apr,07:30PM,Sat,Orlando,20,28,48,22,19,0,41,89,YES,2,0,YES,Atlanta,24,23,47,25,21,0,46,93,NO,194,1,YES,95,87,182,92.34,82.38,174.72,,
1994,23-Apr,07:30PM,Sat,Miami,24,19,43,15,23,0,38,81,YES,1,194,NO,Indiana,29,28,57,33,24,0,57,114,YES,194,0,NO,100,95,195,97.34,90.38,187.72,,
1994,23-Apr,07:30PM,Sat,Milwaukee,18,25,43,27,30,0,57,100,YES,0,194,NO,New Jersey,32,33,65,31,39,0,70,135,YES,0,3,YES,108,127,235,105.34,122.38,227.72,,
1994,24-Apr,11:00AM,Sun,New York,25,19,44,23,25,0,48,92,NO,1,193,NO,Chicago,19,22,41,17,18,0,35,76,NO,193,1,NO,85,83,168,82.34,78.38,160.72,,
1994,24-Apr,09:30AM,Sun,San Antonio,20,17,37,32,43,0,75,112,NO,1,193,YES,LAC,19,16,35,32,30,0,62,97,NO,193,1,YES,72,137,209,69.34,132.38,201.72,,
1994,24-Apr,09:30AM,Sun,Utah,25,24,49,29,25,0,54,103,NO,1,193,YES,LAL,25,21,46,23,28,0,51,97,YES,193,0,YES,95,105,200,92.34,100.38,192.72,,
1994,24-Apr,09:30AM,Sun,Seattle,28,27,55,27,28,0,55,110,YES,1,194,YES,Portland,34,34,68,18,22,0,40,108,YES,193,1,YES,123,95,218,120.34,90.38,210.72,,
1994,24-Apr,01:00PM,Sun,Detroit,20,39,59,20,23,0,43,102,NO,0,193,YES,Philadelphia,23,33,56,22,32,0,54,110,NO,193,1,YES,115,97,212,112.34,92.38,204.72,,
1994,24-Apr,01:00PM,Sun,Charlotte,21,27,48,31,20,0,51,99,YES,0,193,NO,Washington,25,34,59,24,34,0,58,117,NO,193,1,YES,107,109,216,104.34,104.38,208.72,,
1994,24-Apr,01:30PM,Sun,Denver,31,20,51,36,28,0,64,115,YES,1,193,YES,Houston,27,33,60,20,27,0,47,107,NO,193,1,YES,111,111,222,108.34,106.38,214.72,,
1994,24-Apr,03:30PM,Sun,Boston,16,24,40,22,29,0,51,91,NO,1,193,YES,Cleveland,27,37,64,28,25,0,53,117,YES,194,1,NO,104,104,208,101.34,99.38,200.72,,
1994,24-Apr,03:00PM,Sun,Golden State,19,23,42,26,29,0,55,97,YES,0,193,NO,Sacramento,26,27,53,30,22,0,52,105,NO,193,0,YES,95,107,202,92.34,102.38,194.72,,
1994,24-Apr,06:00PM,Sun,Minnesota,30,23,53,26,23,0,49,102,YES,1,193,NO,Dallas,30,30,60,31,25,0,56,116,NO,194,1,NO,113,105,218,110.34,100.38,210.72,,
1994,24-Apr,07:30PM,Sun,New Jersey,27,20,47,23,21,0,44,91,YES,0,193,NO,Orlando,36,22,58,28,34,0,62,120,YES,193,0,YES,105,106,211,102.34,101.38,203.72,,
1994,4-Nov,06:00PM,Fri,Charlotte,24,23,47,18,18,0,36,83,NO,193,0,YES,Chicago,23,23,46,17,26,0,43,89,NO,0,193,NO,93,79,172,90.43,75.68,166.11,-7.5,214
1994,4-Nov,05:00PM,Fri,Minnesota,24,22,46,38,24,0,62,108,NO,193,0,YES,Denver,31,28,59,45,26,0,71,130,NO,0,193,YES,105,133,238,102.43,129.68,232.11,-9.5,208
1994,4-Nov,05:00PM,Fri,Miami,19,30,49,31,28,0,59,108,NO,194,1,NO,Utah,31,32,63,33,23,0,56,119,YES,0,193,YES,112,115,227,109.43,111.68,221.11,-9,209
1994,4-Nov,07:30PM,Fri,Indiana,28,25,53,22,19,0,41,94,YES,194,0,YES,Atlanta,20,23,43,21,28,0,49,92,NO,0,194,NO,96,90,186,93.43,86.68,180.11,-2,202
1994,4-Nov,07:30PM,Fri,New York,33,27,60,36,24,0,60,120,NO,193,3,YES,Boston,27,28,55,22,30,0,52,107,YES,0,193,YES,115,112,227,112.43,108.68,221.11,4,206
1994,4-Nov,06:30PM,Fri,New Jersey,20,21,41,20,25,0,45,86,NO,193,0,NO,Houston,30,18,48,20,22,0,42,90,YES,0,193,NO,89,87,176,86.43,83.68,170.11,-8,212
1994,4-Nov,07:30PM,Fri,Milwaukee,18,31,49,23,19,0,42,91,NO,194,0,YES,Philadelphia,24,18,42,27,17,0,44,86,YES,0,193,NO,91,86,177,88.43,82.68,171.11,-3,213
1994,4-Nov,04:30PM,Fri,Phoenix,26,20,46,14,29,0,43,89,YES,194,1,YES,Sacramento,31,31,62,24,21,0,45,107,YES,4,193,NO,108,88,196,105.43,84.68,190.11,0,224
1994,4-Nov,06:30PM,Fri,Golden State,28,29,57,33,33,0,66,123,NO,193,0,NO,San Antonio,39,33,72,22,24,0,46,118,NO,2,193,YES,129,112,241,126.43,108.68,235.11,-7.5,222
1994,4-Nov,07:30PM,Fri,Orlando,24,37,61,22,25,0,47,108,YES,193,0,YES,Washington,22,25,47,37,26,0,63,110,YES,0,193,NO,108,110,218,105.43,106.68,212.11,7,222
1994,4-Nov,08:00PM,Fri,LAL,30,27,57,33,25,0,58,115,YES,193,0,NO,Detroit,30,24,54,24,20,0,44,98,YES,0,193,YES,111,102,213,108.43,98.68,207.11,-3,217
1994,4-Nov,05:00PM,Fri,Portland,28,28,56,38,27,0,65,121,YES,193,0,YES,LAC,22,19,41,26,33,0,59,100,YES,0,193,NO,97,124,221,94.43,120.68,215.11,7.5,217
1994,5-Nov,05:00PM,Sat,Golden State,31,23,54,33,21,0,54,108,NO,0,2,YES,Denver,31,29,60,20,24,0,44,104,YES,2,0,NO,114,98,212,111.43,94.68,206.11,-5,223
1994,5-Nov,06:00PM,Sat,Houston,28,28,56,32,27,0,59,115,YES,0,2,NO,Minnesota,19,19,38,21,26,0,47,85,YES,2,0,YES,94,106,200,91.43,102.68,194.11,5,204
1994,5-Nov,04:00PM,Sat,LAC,29,20,49,19,27,0,46,95,YES,0,4,YES,Portland,32,25,57,37,18,0,55,112,YES,4,0,YES,106,101,207,103.43,97.68,201.11,-8,215
1994,5-Nov,07:00PM,Sat,Utah,30,23,53,26,24,0,50,103,YES,0,1,YES,Seattle,27,21,48,30,32,0,62,110,NO,3,194,YES,101,112,213,98.43,108.68,207.11,-10,212
1994,5-Nov,07:30PM,Sat,Detroit,35,22,57,16,28,13,44,101,YES,0,2,YES,Atlanta,30,20,50,37,14,8,51,101,YES,1,0,NO,107,95,202,104.43,91.68,196.11,-7.5,205
1994,5-Nov,07:30PM,Sat,Cleveland,29,30,59,34,22,0,56,115,YES,194,2,YES,Charlotte,24,31,55,26,26,0,52,107,NO,3,0,YES,114,108,222,111.43,104.68,216.11,-6,210
1994,5-Nov,06:30PM,Sat,Washington,21,25,46,27,19,8,46,92,YES,0,3,NO,Chicago,25,15,40,26,26,7,52,92,NO,1,0,NO,86,98,184,83.43,94.68,178.11,-10,208
1994,5-Nov,06:30PM,Sat,New Jersey,32,28,60,24,19,0,43,103,NO,0,1,NO,Dallas,37,30,67,25,20,0,45,112,NO,2,194,NO,127,88,215,124.43,84.68,209.11,3,211
1994,5-Nov,07:30PM,Sat,Boston,26,32,58,18,27,0,45,103,YES,0,5,YES,Indiana,31,32,63,21,28,0,49,112,NO,3,0,YES,121,94,215,118.43,90.68,209.11,-8,212
1994,5-Nov,06:30PM,Sat,LAL,24,28,52,28,16,0,44,96,NO,0,2,NO,Milwaukee,23,31,54,19,24,0,43,97,YES,4,0,YES,106,87,193,103.43,83.68,187.11,-4,212
1994,5-Nov,07:30PM,Sat,Philadelphia,25,27,52,25,30,0,55,107,YES,0,1,NO,Orlando,33,31,64,25,33,0,58,122,YES,3,0,YES,116,113,229,113.43,109.68,223.11,-13,213
1994,6-Nov,04:00PM,Sun,Miami,34,28,62,25,20,0,45,107,NO,1,1,NO,Phoenix,25,33,58,33,28,0,61,119,NO,2,1,YES,120,106,226,117.43,102.68,220.11,-10,225
1994,7-Nov,05:00PM,Mon,Atlanta,30,27,57,16,13,0,29,86,YES,1,1,NO,Utah,32,21,53,28,23,0,51,104,YES,1,1,YES,110,80,190,107.43,76.68,184.11,-10,202
1994,7-Nov,06:30PM,Mon,Philadelphia,30,20,50,19,14,0,33,83,NO,1,1,YES,Chicago,21,21,42,20,36,0,56,98,YES,1,1,NO,92,89,181,89.43,85.68,175.11,-10.5,200
1994,7-Nov,06:30PM,Mon,New Jersey,16,26,42,29,25,0,54,96,NO,1,1,YES,San Antonio,22,33,55,32,18,0,50,105,NO,1,2,NO,97,104,201,94.43,100.68,195.11,-8.5,213
1994,8-Nov,06:30PM,Tue,Denver,32,24,56,24,35,0,59,115,YES,2,2,NO,Dallas,26,29,55,25,27,0,52,107,YES,2,2,NO,111,111,222,108.43,107.68,216.11,3.5,205
1994,8-Nov,07:30PM,Tue,Minnesota,24,27,51,28,33,0,61,112,YES,2,0,YES,Detroit,32,30,62,37,27,0,64,126,NO,1,2,YES,113,125,238,110.43,121.68,232.11,-6.5,211
1994,8-Nov,04:30PM,Tue,Miami,29,30,59,25,30,0,55,114,NO,1,3,YES,Golden State,30,27,57,26,38,0,64,121,YES,2,2,YES,116,119,235,113.43,115.68,229.11,-9,222
1994,8-Nov,07:30PM,Tue,LAL,33,24,57,33,23,0,56,113,NO,2,0,NO,New York,23,27,50,43,24,0,67,117,NO,1,3,YES,107,123,230,104.43,119.68,224.11,-9.5,211
1994,8-Nov,08:00PM,Tue,Houston,27,19,46,30,24,0,54,100,NO,2,0,NO,Cleveland,14,34,48,20,30,0,50,98,NO,1,2,YES,94,104,198,91.43,100.68,192.11,3,205
1994,9-Nov,06:00PM,Wed,Houston,33,25,58,24,27,0,51,109,NO,0,1,NO,Indiana,22,25,47,28,29,0,57,104,YES,0,3,NO,105,108,213,102.43,104.68,207.11,-3,200
1994,9-Nov,06:00PM,Wed,LAL,33,29,62,34,26,0,60,122,NO,0,1,YES,Minnesota,26,21,47,34,18,0,52,99,NO,1,0,YES,109,112,221,106.43,108.68,215.11,0,214
1994,9-Nov,04:00PM,Wed,Atlanta,21,28,49,30,23,0,53,102,NO,1,0,NO,Phoenix,27,27,54,31,21,0,52,106,YES,1,2,NO,103,105,208,100.43,101.68,202.11,-13,217
1994,9-Nov,07:00PM,Wed,Sacramento,25,26,51,27,30,0,57,108,YES,4,0,YES,Seattle,23,21,44,24,32,0,56,100,NO,1,3,NO,95,113,208,92.43,109.68,202.11,-15,220
1994,9-Nov,07:30PM,Wed,Orlando,30,30,60,35,24,11,59,119,YES,3,0,NO,Charlotte,38,35,73,24,22,9,46,119,YES,1,3,NO,133,105,238,130.43,101.68,232.11,0,223
1994,9-Nov,07:30PM,Wed,Chicago,28,21,49,22,38,0,60,109,YES,1,1,NO,New Jersey,30,26,56,28,26,0,54,110,YES,1,1,YES,105,114,219,102.43,110.68,213.11,-4.5,197
1994,9-Nov,07:30PM,Wed,Washington,25,29,54,19,24,0,43,97,NO,3,1,YES,Philadelphia,21,18,39,20,39,0,59,98,NO,1,1,YES,93,102,195,90.43,98.68,189.11,-2,204
1994,9-Nov,06:30PM,Wed,Utah,25,24,49,28,24,0,52,101,YES,1,1,YES,San Antonio,27,25,52,26,31,0,57,109,NO,2,1,NO,101,109,210,98.43,105.68,204.11,-5.5,208
1994,10-Nov,07:30PM,Thu,Milwaukee,22,24,46,18,24,0,42,88,YES,4,0,YES,Cleveland,20,22,42,37,29,0,66,108,NO,1,1,NO,88,108,196,85.43,104.68,190.11,-3.5,203
1994,10-Nov,07:30PM,Thu,Indiana,36,28,64,25,21,0,46,110,YES,0,1,NO,Detroit,27,25,52,27,33,0,60,112,YES,1,1,NO,116,106,222,113.43,102.68,216.11,5,208
1994,10-Nov,04:30PM,Thu,Atlanta,27,18,45,35,28,0,63,108,NO,0,1,NO,LAC,13,21,34,31,26,0,57,91,NO,1,4,YES,79,120,199,76.43,116.68,193.11,7.5,201
1994,10-Nov,04:30PM,Thu,Portland,27,27,54,21,29,0,50,104,YES,4,4,YES,Sacramento,18,22,40,21,23,0,44,84,NO,1,0,YES,94,94,188,91.43,90.68,182.11,5.5,210
1994,10-Nov,08:00PM,Thu,Orlando,26,17,43,31,25,0,56,99,NO,0,1,NO,New York,30,24,54,24,23,0,47,101,YES,1,1,NO,97,103,200,94.43,99.68,194.11,-4.5,218
1994,11-Nov,06:00PM,Fri,Charlotte,30,31,61,33,29,0,62,123,YES,1,0,YES,Milwaukee,31,32,63,30,22,0,52,115,NO,3,0,YES,124,114,238,121.43,110.68,232.11,3,208
1994,11-Nov,06:00PM,Fri,Chicago,26,29,55,27,30,0,57,112,NO,1,0,YES,Minnesota,26,17,43,24,33,0,57,100,NO,0,1,NO,98,114,212,95.43,110.68,206.11,4.5,202
1994,11-Nov,07:00PM,Fri,Phoenix,34,33,67,30,26,0,56,123,YES,1,0,NO,Seattle,29,37,66,37,26,0,63,129,NO,1,1,NO,133,119,252,130.43,115.68,246.11,-5,217
1994,11-Nov,05:00PM,Fri,Golden State,30,21,51,31,30,0,61,112,YES,2,0,YES,Utah,21,29,50,26,28,0,54,104,YES,0,1,YES,101,115,216,98.43,111.68,210.11,-5.5,22
1994,11-Nov,07:30PM,Fri,Houston,33,20,53,26,23,0,49,102,NO,1,0,NO,Boston,18,21,39,18,25,0,43,82,YES,0,5,YES,92,92,184,89.43,88.68,178.11,4.5,212
1994,11-Nov,04:30PM,Fri,Denver,25,34,59,31,15,19,46,105,NO,2,0,YES,LAL,19,28,47,25,33,12,58,105,YES,0,1,YES,106,104,210,103.43,100.68,204.11,-3,217
1994,11-Nov,07:30PM,Fri,Dallas,27,26,53,23,31,0,54,107,YES,2,0,NO,Philadelphia,20,27,47,22,31,0,53,100,NO,0,1,NO,100,107,207,97.43,103.68,201.11,-2.5,204
1994,11-Nov,07:30PM,Fri,New Jersey,29,19,48,23,20,0,43,91,YES,1,0,YES,Washington,32,27,59,19,26,0,45,104,YES,0,1,YES,107,88,195,104.43,84.68,189.11,1,212
1994,12-Nov,05:00PM,Sat,Utah,30,27,57,28,25,0,53,110,YES,0,1,YES,Denver,31,28,59,19,41,0,60,119,NO,2,0,YES,116,113,229,113.43,109.68,223.11,-4.5,207
1994,12-Nov,06:00PM,Sat,Boston,29,26,55,30,29,0,59,114,YES,0,2,NO,Minnesota,27,21,48,24,29,0,53,101,YES,2,0,NO,103,112,215,100.43,108.68,209.11,2.5,216
1994,12-Nov,07:30PM,Sat,Detroit,30,23,53,19,28,0,47,100,YES,1,2,YES,Charlotte,30,22,52,26,35,0,61,113,YES,2,0,YES,105,108,213,102.43,104.68,207.11,-8,225
1994,12-Nov,06:30PM,Sat,Dallas,31,21,52,31,26,15,57,109,NO,0,2,NO,Chicago,34,20,54,27,28,11,55,109,YES,3,0,YES,106,112,218,103.43,108.68,212.11,-8.5,203
1994,12-Nov,07:30PM,Sat,Indiana,30,23,53,22,18,0,40,93,NO,1,2,NO,Cleveland,16,20,36,24,26,0,50,86,NO,2,1,NO,89,90,179,86.43,86.68,173.11,0,204
1994,12-Nov,04:30PM,Sat,LAL,22,25,47,21,31,0,52,99,YES,0,2,NO,Golden State,32,32,64,26,31,0,57,121,NO,2,0,YES,111,109,220,108.43,105.68,214.11,-7.5,228
1994,12-Nov,04:30PM,Sat,Phoenix,20,28,48,37,23,0,60,108,NO,0,2,NO,LAC,13,28,41,29,31,0,60,101,YES,0,1,NO,89,120,209,86.43,116.68,203.11,12.5,212
1994,12-Nov,07:30PM,Sat,Orlando,29,35,64,30,22,0,52,116,NO,1,2,YES,Philadelphia,24,36,60,25,18,0,43,103,YES,2,0,NO,124,95,219,121.43,91.68,213.11,9.5,210
1994,12-Nov,04:30PM,Sat,Atlanta,34,22,56,16,25,0,41,97,NO,1,2,YES,Sacramento,25,29,54,23,28,0,51,105,YES,2,1,NO,110,92,202,107.43,88.68,196.11,0,198
1994,12-Nov,06:30PM,Sat,New York,21,22,43,21,18,0,39,82,YES,1,1,NO,San Antonio,27,30,57,18,26,0,44,101,YES,2,2,NO,100,83,183,97.43,79.68,177.11,-2.5,208
1994,12-Nov,08:00PM,Sat,Washington,31,28,59,20,30,0,50,109,YES,0,2,NO,Miami,29,23,52,19,28,0,47,99,NO,2,3,YES,111,97,208,108.43,93.68,202.11,-8.5,217
1994,12-Nov,08:00PM,Sat,Houston,32,22,54,25,21,0,46,100,NO,0,2,YES,New Jersey,24,24,48,14,22,0,36,84,NO,2,0,YES,102,82,184,99.43,78.68,178.11,3,203
1994,13-Nov,06:00PM,Sun,LAC,26,23,49,18,23,0,41,90,YES,0,1,YES,Seattle,29,29,58,24,33,0,57,115,YES,1,1,NO,107,98,205,104.43,94.68,199.11,-21,216
1994,14-Nov,05:00PM,Mon,New York,19,34,53,31,13,0,44,97,NO,1,1,NO,Utah,29,24,53,26,31,0,57,110,NO,3,1,YES,106,101,207,103.43,97.68,201.11,-3,206
1994,15-Nov,04:00PM,Tue,San Antonio,21,22,43,34,22,0,56,99,YES,2,0,YES,Denver,37,21,58,22,32,0,54,112,NO,1,2,NO,101,110,211,98.43,106.68,205.11,-3.5,210
1994,15-Nov,04:00PM,Tue,Phoenix,17,21,38,32,26,0,58,96,NO,2,0,YES,Portland,24,24,48,29,16,0,45,93,NO,1,4,YES,86,103,189,83.43,99.68,183.11,-5.5,224
1994,15-Nov,07:30PM,Tue,Boston,23,21,44,18,32,0,50,94,NO,2,0,YES,Atlanta,33,21,54,30,26,0,56,110,NO,2,2,YES,98,106,204,95.43,102.68,198.11,5.5,206
1994,15-Nov,07:30PM,Tue,Charlotte,23,12,35,19,24,8,43,78,YES,2,1,YES,Cleveland,26,21,47,11,20,11,31,78,YES,1,2,NO,82,74,156,79.43,70.68,150.11,-1.5,214
1994,15-Nov,07:30PM,Tue,Philadelphia,26,25,51,19,28,0,47,98,YES,2,0,YES,Detroit,29,26,55,23,21,0,44,99,YES,1,2,YES,106,91,197,103.43,87.68,191.11,-9.5,209
1994,15-Nov,04:30PM,Tue,Minnesota,25,31,56,26,32,0,58,114,YES,2,0,NO,Golden State,27,30,57,24,31,0,55,112,NO,1,2,NO,113,113,226,110.43,109.68,220.11,-14,227
1994,15-Nov,06:30PM,Tue,Sacramento,23,24,47,29,23,0,52,99,YES,2,1,NO,Houston,22,23,45,30,30,0,60,105,NO,1,2,YES,92,112,204,89.43,108.68,198.11,-14.5,202
1994,15-Nov,04:30PM,Tue,LAL,26,25,51,20,31,0,51,102,NO,2,0,YES,LAC,27,31,58,22,12,0,34,92,YES,1,1,YES,109,85,194,106.43,81.68,188.11,9.5,214
1994,15-Nov,07:30PM,Tue,Dallas,25,23,48,31,23,0,54,102,NO,2,1,YES,Miami,25,33,58,31,26,0,57,115,YES,0,2,NO,106,111,217,103.43,107.68,211.11,-6,218
1994,15-Nov,06:30PM,Tue,Indiana,19,19,38,22,21,0,43,81,NO,2,2,YES,Milwaukee,27,31,58,16,8,0,24,82,YES,2,3,NO,96,67,163,93.43,63.68,157.11,5.5,203
1994,15-Nov,07:30PM,Tue,Seattle,19,18,37,37,32,0,69,106,YES,1,0,NO,New Jersey,31,26,57,32,23,0,55,112,NO,1,2,NO,94,124,218,91.43,120.68,212.11,,
1994,15-Nov,07:30PM,Tue,Washington,33,25,58,27,17,0,44,102,NO,2,1,NO,Orlando,38,32,70,32,20,0,52,122,NO,2,2,YES,128,96,224,125.43,92.68,218.11,-11.5,219
1994,16-Nov,04:00PM,Wed,Minnesota,20,20,40,28,22,0,50,90,NO,0,2,YES,Phoenix,24,27,51,29,25,0,54,105,NO,1,0,YES,91,104,195,88.43,100.68,189.11,-14,223
1994,16-Nov,07:30PM,Wed,Seattle,24,29,53,18,22,0,40,93,NO,0,1,NO,Boston,33,20,53,39,28,0,67,120,YES,1,0,YES,106,107,213,103.43,103.68,207.11,7,212
1994,16-Nov,04:30PM,Wed,New York,22,31,53,29,28,0,57,110,NO,1,0,NO,LAL,20,16,36,23,30,0,53,89,NO,1,0,YES,89,110,199,86.43,106.68,193.11,3.5,211
1994,16-Nov,07:30PM,Wed,Miami,26,24,50,25,21,0,46,96,YES,0,1,YES,Philadelphia,33,22,55,33,21,0,54,109,NO,1,0,YES,105,100,205,102.43,96.68,199.11,3,206
1994,16-Nov,06:30PM,Wed,Chicago,20,24,44,25,25,0,50,94,YES,3,0,NO,San Antonio,27,22,49,20,23,0,43,92,YES,2,0,YES,93,93,186,90.43,89.68,180.11,-6,204
1994,17-Nov,05:00PM,Thu,Detroit,29,28,57,19,18,0,37,94,YES,1,0,NO,Denver,31,20,51,20,21,0,41,92,NO,1,1,NO,108,78,186,105.43,74.68,180.11,-8.5,216
1994,17-Nov,06:00PM,Thu,Chicago,24,25,49,18,16,0,34,83,NO,0,1,NO,Houston,36,22,58,14,34,0,48,106,YES,1,1,NO,107,82,189,104.43,78.68,183.11,-9,193
1994,17-Nov,04:00PM,Thu,Cleveland,16,25,41,19,21,0,40,81,YES,1,0,NO,Portland,25,14,39,15,26,0,41,80,YES,0,1,NO,80,81,161,77.43,77.68,155.11,-6,203
1994,17-Nov,07:30PM,Thu,LAC,24,17,41,14,28,0,42,83,YES,1,0,NO,Charlotte,32,19,51,28,20,0,48,99,NO,1,1,YES,92,90,182,89.43,86.68,176.11,-19,215
1994,17-Nov,06:30PM,Thu,Sacramento,26,29,55,28,11,0,39,94,NO,1,2,YES,Dallas,29,27,56,17,23,0,40,96,NO,1,1,YES,111,79,190,108.43,75.68,184.11,-7,210
1994,17-Nov,04:30PM,Thu,New York,29,25,54,24,22,0,46,100,NO,0,1,YES,Golden State,29,28,57,26,26,0,52,109,NO,1,1,NO,111,98,209,108.43,94.68,203.11,-3,212
1994,17-Nov,07:30PM,Thu,Washington,22,23,45,38,20,0,58,103,NO,1,1,YES,New Jersey,32,24,56,31,24,0,55,111,YES,0,1,NO,101,113,214,98.43,109.68,208.11,-6,210
1994,18-Nov,04:00PM,Fri,Portland,21,34,55,29,27,0,56,111,YES,0,1,YES,Phoenix,35,32,67,26,31,0,57,124,YES,2,1,NO,122,113,235,119.43,109.68,229.11,-6.5,212
1994,18-Nov,05:00PM,Fri,Detroit,26,21,47,26,23,0,49,96,NO,0,1,NO,Utah,32,31,63,35,23,0,58,121,YES,0,3,NO,110,107,217,107.43,103.68,211.11,-10.5,209
1994,18-Nov,07:30PM,Fri,Milwaukee,22,22,44,28,19,6,47,91,YES,2,0,YES,Atlanta,34,19,53,22,16,2,38,91,YES,0,2,NO,97,85,182,94.43,81.68,176.11,-7,196
1994,18-Nov,04:30PM,Fri,Cleveland,19,12,31,24,25,0,49,80,NO,0,1,NO,LAL,25,16,41,26,15,0,41,82,NO,4,1,NO,72,90,162,69.43,86.68,156.11,-3.5,200
1994,18-Nov,07:30PM,Fri,Boston,32,36,68,20,27,0,47,115,YES,1,0,NO,Miami,30,27,57,29,25,0,54,111,YES,2,1,YES,125,101,226,122.43,97.68,220.11,-6,212
1994,18-Nov,07:30PM,Fri,New Jersey,25,27,52,30,21,0,51,103,YES,0,1,YES,Orlando,28,29,57,26,30,0,56,113,NO,2,2,NO,109,107,216,106.43,103.68,210.11,-11.5,220
1994,18-Nov,07:30PM,Fri,LAC,12,23,35,26,22,0,48,83,NO,0,1,NO,Philadelphia,34,19,53,22,22,0,44,97,YES,3,1,NO,88,92,180,85.43,88.68,174.11,-9.5,199
1994,18-Nov,08:00PM,Fri,Seattle,21,19,40,27,20,0,47,87,NO,1,0,NO,Indiana,21,24,45,24,25,0,49,94,YES,0,2,YES,85,96,181,82.43,92.68,175.11,-3,204
1994,19-Nov,05:00PM,Sat,Houston,20,32,52,33,24,0,57,109,YES,1,2,YES,Denver,26,30,56,26,19,0,45,101,NO,3,1,NO,108,102,210,105.43,98.68,204.11,-1,199
1994,19-Nov,06:00PM,Sat,San Antonio,35,23,58,33,18,0,51,109,YES,2,1,NO,Minnesota,19,20,39,26,36,0,62,101,YES,2,2,YES,97,113,210,94.43,109.68,204.11,6.5,208
1994,19-Nov,07:30PM,Sat,Indiana,25,29,54,26,22,0,48,102,YES,0,4,YES,Charlotte,30,20,50,14,25,0,39,89,NO,2,1,NO,104,87,191,101.43,83.68,185.11,-4,207
1994,19-Nov,06:30PM,Sat,Chicago,34,24,58,34,19,0,53,111,NO,1,2,NO,Dallas,31,17,48,15,22,0,37,85,YES,3,1,NO,106,90,196,103.43,86.68,190.11,-1,199
1994,19-Nov,04:30PM,Sat,Utah,21,25,46,36,33,0,69,115,YES,0,1,YES,Golden State,30,29,59,28,32,0,60,119,YES,2,1,NO,105,129,234,102.43,125.68,228.11,-6,219
1994,19-Nov,06:30PM,Sat,Seattle,30,30,60,27,33,0,60,120,NO,0,2,YES,Milwaukee,26,23,49,27,20,0,47,96,YES,2,0,YES,109,107,216,106.43,103.68,210.11,6.5,198
1994,19-Nov,07:30PM,Sat,Boston,31,27,58,20,25,0,45,103,NO,0,2,YES,Washington,28,21,49,29,24,0,53,102,NO,5,1,YES,107,98,205,104.43,94.68,199.11,-7,214
1994,19-Nov,08:30PM,Sat,Atlanta,18,21,39,29,11,0,40,79,YES,0,2,YES,New York,35,25,60,16,16,0,32,92,NO,1,1,YES,99,72,171,96.43,68.68,165.11,-10.5,195
1994,20-Nov,03:00PM,Sun,Cleveland,26,20,46,28,14,0,42,88,NO,1,1,YES,Sacramento,17,30,47,24,25,0,49,96,NO,2,2,YES,93,91,184,90.43,87.68,178.11,-1.5,188
1994,20-Nov,07:00PM,Sun,LAC,25,30,55,26,16,0,42,97,NO,1,1,YES,New Jersey,23,23,46,28,24,0,52,98,YES,1,1,YES,101,94,195,98.43,90.68,189.11,-13.5,202
1994,20-Nov,04:00PM,Sun,Detroit,34,23,57,25,14,0,39,96,NO,1,2,YES,Portland,31,26,57,16,25,0,41,98,YES,1,1,YES,114,80,194,111.43,76.68,188.11,-8.5,208
1994,21-Nov,05:00PM,Mon,Phoenix,32,18,50,16,25,0,41,91,YES,2,1,YES,Utah,26,34,60,20,26,0,46,106,NO,1,1,YES,110,87,197,107.43,83.68,191.11,-1,219
1994,21-Nov,07:30PM,Mon,San Antonio,26,20,46,20,22,0,42,88,NO,1,1,YES,New York,27,23,50,21,21,0,42,92,NO,4,1,NO,96,84,180,93.43,80.68,174.11,-6,198
1994,21-Nov,07:30PM,Mon,Miami,27,26,53,19,17,0,36,89,YES,2,1,YES,Orlando,33,25,58,28,38,0,66,124,NO,1,2,NO,111,102,213,108.43,98.68,207.11,-10.5,224
1994,22-Nov,07:00PM,Tue,New Jersey,22,32,54,27,16,0,43,97,YES,1,0,NO,Seattle,25,36,61,23,20,0,43,104,YES,0,2,YES,115,86,201,112.43,82.68,195.11,,
1994,22-Nov,07:30PM,Tue,Philadelphia,22,25,47,23,29,0,52,99,YES,3,2,NO,Atlanta,21,24,45,34,23,0,57,102,YES,0,2,YES,92,109,201,89.43,105.68,195.11,-9,191
1994,22-Nov,07:30PM,Tue,Milwaukee,21,25,46,33,37,0,70,116,YES,2,0,NO,Boston,26,23,49,20,25,0,45,94,NO,0,2,YES,95,115,210,92.43,111.68,204.11,-7,203
1994,22-Nov,07:30PM,Tue,Minnesota,13,19,32,19,28,0,47,79,YES,2,0,YES,Cleveland,25,31,56,31,25,0,56,112,YES,0,1,YES,88,103,191,85.43,99.68,185.11,-10.5,195
1994,22-Nov,06:30PM,Tue,Portland,22,25,47,25,30,0,55,102,YES,1,0,NO,Houston,26,23,49,23,22,0,45,94,YES,0,2,YES,96,100,196,93.43,96.68,190.11,-10,195
1994,22-Nov,04:30PM,Tue,Chicago,30,28,58,20,27,0,47,105,NO,2,0,NO,LAC,23,32,55,27,11,0,38,93,YES,0,1,YES,113,85,198,110.43,81.68,192.11,10.5,191
1994,22-Nov,08:00PM,Tue,Golden State,24,26,50,24,24,0,48,98,YES,2,1,NO,Charlotte,26,30,56,18,28,0,46,102,YES,0,2,NO,106,94,200,103.43,90.68,194.11,-1.5,224
1994,23-Nov,05:00PM,Wed,Chicago,32,24,56,28,27,0,55,111,NO,0,1,NO,Denver,22,40,62,19,32,0,51,113,YES,1,3,NO,118,106,224,115.43,102.68,218.11,-5,198
1994,23-Nov,06:00PM,Wed,Atlanta,26,6,32,34,23,0,57,89,YES,0,1,YES,Minnesota,17,24,41,16,20,0,36,77,NO,1,0,YES,73,93,166,70.43,89.68,160.11,5,197
1994,23-Nov,04:00PM,Wed,LAC,23,19,42,31,36,0,67,109,YES,0,1,YES,Phoenix,36,25,61,46,33,0,79,140,NO,2,1,YES,103,146,249,100.43,142.68,243.11,-15.5,208
1994,23-Nov,05:00PM,Wed,Seattle,9,37,46,27,30,0,57,103,YES,0,1,NO,Utah,30,20,50,38,25,0,63,113,NO,1,1,NO,96,120,216,93.43,116.68,210.11,-3,207
1994,23-Nov,07:30PM,Wed,Charlotte,27,23,50,12,29,0,41,91,YES,0,2,NO,Boston,32,32,64,22,12,0,34,98,NO,1,0,NO,114,75,189,111.43,71.68,183.11,0,211
1994,23-Nov,07:30PM,Wed,Milwaukee,23,32,55,12,41,0,53,108,NO,0,1,NO,Detroit,26,24,50,33,30,0,63,113,NO,1,2,YES,105,116,221,102.43,112.68,215.11,-7,206
1994,23-Nov,04:30PM,Wed,Dallas,30,20,50,27,29,0,56,106,YES,3,1,YES,LAL,31,32,63,24,31,0,55,118,YES,1,4,NO,113,111,224,110.43,107.68,218.11,-4.5,214
1994,23-Nov,07:30PM,Wed,Cleveland,25,25,50,15,22,0,37,87,YES,0,1,NO,Miami,26,31,57,24,19,0,43,100,YES,1,1,YES,107,80,187,104.43,76.68,181.11,-5.5,192
1994,23-Nov,07:30PM,Wed,Houston,8,35,43,25,26,0,51,94,YES,0,2,YES,Orlando,25,33,58,25,34,0,59,117,YES,1,1,NO,101,110,211,98.43,106.68,205.11,-4.5,209
1994,23-Nov,04:30PM,Wed,New Jersey,25,22,47,27,29,0,56,103,NO,0,1,NO,Sacramento,29,21,50,25,23,0,48,98,NO,1,2,NO,97,104,201,94.43,100.68,195.11,-3.5,196
1994,23-Nov,06:30PM,Wed,Portland,25,26,51,30,24,0,54,105,NO,0,1,NO,San Antonio,26,21,47,31,32,0,63,110,NO,1,1,YES,98,117,215,95.43,113.68,209.11,-9.5,204
1994,24-Nov,08:00PM,Thu,Golden State,36,18,54,14,28,0,42,96,NO,1,1,NO,Indiana,32,23,55,28,40,0,68,123,NO,0,4,YES,109,110,219,106.43,106.68,213.11,-4,212
1994,25-Nov,12:00PM,Fri,New Jersey,33,27,60,25,22,0,47,107,NO,1,1,NO,LAC,26,23,49,21,32,0,53,102,YES,3,1,YES,109,100,209,106.43,96.68,203.11,9.5,199
1994,25-Nov,06:00PM,Fri,Philadelphia,23,33,56,25,28,0,53,109,NO,2,0,YES,Minnesota,19,16,35,15,21,0,36,71,YES,2,1,NO,91,89,180,88.43,85.68,174.11,-1,196
1994,25-Nov,04:00PM,Fri,Denver,27,29,56,23,19,7,42,98,YES,1,0,YES,Sacramento,28,20,48,27,23,10,50,98,NO,1,1,NO,104,92,196,101.43,88.68,190.11,2.5,202
1994,25-Nov,05:00PM,Fri,Chicago,30,20,50,18,26,0,44,94,NO,1,4,YES,Utah,30,34,64,29,31,0,60,124,YES,1,1,NO,114,104,218,111.43,100.68,212.11,-6.5,203
1994,25-Nov,07:30PM,Fri,LAL,25,16,41,23,28,0,51,92,YES,1,0,NO,Atlanta,27,17,44,28,15,0,43,87,NO,3,1,YES,85,94,179,82.43,90.68,173.11,-4.5,201
1994,25-Nov,07:30PM,Fri,Orlando,25,30,55,42,27,0,69,124,YES,1,0,NO,Boston,30,31,61,25,32,0,57,118,YES,0,1,NO,116,126,242,113.43,122.68,236.11,8,217
1994,25-Nov,06:30PM,Fri,Portland,16,16,32,28,31,0,59,91,NO,1,1,YES,Dallas,22,30,52,31,18,0,49,101,YES,0,1,YES,84,108,192,81.43,104.68,186.11,-2,209
1994,25-Nov,07:30PM,Fri,Milwaukee,20,27,47,31,28,0,59,106,NO,1,0,YES,Indiana,30,24,54,27,30,0,57,111,YES,1,0,NO,101,116,217,98.43,112.68,211.11,-11,199
1994,25-Nov,06:30PM,Fri,Seattle,36,25,61,21,32,0,53,114,NO,1,0,NO,San Antonio,16,27,43,28,23,0,51,94,YES,0,1,NO,104,104,208,101.43,100.68,202.11,-3.5,0
1994,25-Nov,07:30PM,Fri,Cleveland,23,17,40,33,23,0,56,96,NO,1,0,YES,Washington,28,24,52,19,23,0,42,94,NO,0,5,NO,92,98,190,89.43,94.68,184.11,-4,192
1994,25-Nov,08:00PM,Fri,Miami,27,32,59,28,24,0,52,111,YES,1,3,YES,Detroit,24,28,52,22,23,0,45,97,NO,1,1,NO,111,97,208,108.43,93.68,202.11,-4,214
1994,26-Nov,01:00PM,Sat,Charlotte,17,28,45,34,26,0,60,105,NO,2,2,NO,New York,28,21,49,30,16,0,46,95,YES,2,4,NO,94,106,200,91.43,102.68,194.11,-7,196
1994,26-Nov,05:00PM,Sat,Dallas,24,19,43,40,27,14,67,110,YES,0,2,YES,Denver,28,38,66,22,22,13,44,110,YES,2,0,YES,109,111,220,106.43,107.68,214.11,-9,213
1994,26-Nov,04:00PM,Sat,San Antonio,25,26,51,34,23,0,57,108,YES,0,1,YES,Phoenix,27,29,56,21,34,0,55,111,NO,0,2,NO,107,112,219,104.43,108.68,213.11,-9,215
1994,26-Nov,07:30PM,Sat,Golden State,18,22,40,25,22,0,47,87,NO,1,0,NO,Cleveland,25,27,52,26,23,0,49,101,NO,3,0,YES,92,96,188,89.43,92.68,182.11,0,201
1994,26-Nov,06:30PM,Sat,Seattle,22,25,47,29,22,0,51,98,NO,0,1,YES,Houston,25,19,44,27,23,0,50,94,NO,2,2,YES,91,101,192,88.43,97.68,186.11,-6.5,201
1994,26-Nov,06:30PM,Sat,Orlando,33,29,62,29,22,0,51,113,NO,0,3,YES,Milwaukee,25,28,53,25,27,0,52,105,NO,2,0,YES,115,103,218,112.43,99.68,212.11,8,217
1994,26-Nov,07:30PM,Sat,Boston,32,23,55,20,33,0,53,108,YES,0,3,YES,Philadelphia,29,22,51,24,24,0,48,99,NO,5,0,YES,106,101,207,103.43,97.68,201.11,-2.5,203
1994,26-Nov,07:30PM,Sat,LAL,28,27,55,34,23,0,57,112,NO,0,2,NO,Washington,21,26,47,25,24,0,49,96,NO,2,0,NO,102,106,208,99.43,102.68,202.11,-6,0
1994,27-Nov,03:00PM,Sun,Utah,19,22,41,26,27,0,53,94,YES,1,1,NO,Sacramento,27,19,46,23,20,0,43,89,YES,1,1,NO,87,96,183,84.43,92.68,177.11,4,204
1994,27-Nov,07:00PM,Sun,Golden State,15,20,35,43,13,0,56,91,NO,0,1,YES,Detroit,25,24,49,25,32,0,57,106,YES,2,1,NO,84,113,197,81.43,109.68,191.11,1,219
1994,27-Nov,04:00PM,Sun,New Jersey,30,23,53,30,27,0,57,110,NO,1,1,YES,Phoenix,32,31,63,29,23,0,52,115,YES,1,0,NO,116,109,225,113.43,105.68,219.11,-13.5,216
1994,27-Nov,04:00PM,Sun,Indiana,22,19,41,21,27,0,48,89,YES,1,0,NO,Portland,21,30,51,20,28,0,48,99,NO,1,1,YES,92,96,188,89.43,92.68,182.11,-1,196
1994,28-Nov,07:00PM,Mon,Indiana,21,25,46,24,29,0,53,99,NO,0,2,NO,Seattle,27,33,60,31,27,0,58,118,NO,1,1,YES,106,111,217,103.43,107.68,211.11,-6,196
1994,28-Nov,06:30PM,Mon,Minnesota,20,20,40,18,30,0,48,88,YES,2,0,NO,San Antonio,26,23,49,21,22,0,43,92,YES,1,1,YES,89,91,180,86.43,87.68,174.11,-14,205
1994,29-Nov,04:00PM,Tue,Utah,24,22,46,35,24,0,59,105,NO,1,1,YES,Portland,26,21,47,33,14,0,47,94,NO,2,1,NO,93,106,199,90.43,102.68,193.11,0,0
1994,29-Nov,07:30PM,Tue,Charlotte,34,22,56,16,18,0,34,90,NO,2,0,YES,Atlanta,22,21,43,26,16,0,42,85,YES,2,3,NO,99,76,175,96.43,72.68,169.11,1,195
1994,29-Nov,06:30PM,Tue,Minnesota,31,16,47,20,16,0,36,83,NO,0,1,NO,Dallas,25,22,47,21,16,0,37,84,NO,1,2,YES,94,73,167,91.43,69.68,161.11,-9.5,204
1994,29-Nov,04:30PM,Tue,LAC,22,29,51,32,35,6,67,118,YES,3,1,YES,Golden State,40,23,63,22,33,9,55,118,NO,1,1,YES,114,122,236,111.43,118.68,230.11,-16,217
1994,29-Nov,06:30PM,Tue,Denver,15,21,36,18,27,0,45,81,YES,2,1,NO,Houston,25,21,46,29,21,0,50,96,YES,1,2,NO,82,95,177,79.43,91.68,171.11,-8,200
1994,29-Nov,07:30PM,Tue,Sacramento,22,29,51,26,17,0,43,94,YES,1,0,NO,Miami,33,20,53,22,14,0,36,89,YES,0,3,YES,104,79,183,101.43,75.68,177.11,-7,205
1994,29-Nov,06:30PM,Tue,Phoenix,34,36,70,33,20,0,53,123,YES,1,0,NO,Milwaukee,28,30,58,23,25,0,48,106,NO,1,2,NO,128,101,229,125.43,97.68,223.11,4.5,217
1994,29-Nov,07:30PM,Tue,LAL,28,30,58,18,33,20,51,109,NO,2,0,NO,New Jersey,25,32,57,29,23,11,52,109,YES,2,1,YES,115,103,218,112.43,99.68,212.11,-2.5,210
1994,29-Nov,07:30PM,Tue,New York,24,30,54,21,24,0,45,99,YES,2,2,NO,Washington,26,19,45,23,23,0,46,91,NO,2,2,NO,99,91,190,96.43,87.68,184.11,4,198
1994,30-Nov,06:00PM,Wed,Phoenix,35,20,55,30,20,0,50,105,NO,0,1,NO,Chicago,37,28,65,23,30,0,53,118,NO,1,4,YES,120,103,223,117.43,99.68,217.11,-3,210
1994,30-Nov,07:00PM,Wed,San Antonio,22,26,48,27,25,0,52,100,YES,1,1,NO,Seattle,30,32,62,25,22,0,47,109,NO,2,1,NO,110,99,209,107.43,95.68,203.11,-9,208
1994,30-Nov,07:30PM,Wed,Detroit,28,26,54,22,39,0,61,115,YES,2,1,NO,Boston,34,27,61,30,27,0,57,118,NO,1,3,YES,115,118,233,112.43,114.68,227.11,-5,212
1994,30-Nov,07:30PM,Wed,Miami,20,19,39,27,21,0,48,87,YES,0,1,YES,Charlotte,34,28,62,27,16,0,43,105,YES,2,0,YES,101,91,192,98.43,87.68,186.11,-7,201
1994,30-Nov,07:30PM,Wed,LAL,25,20,45,18,16,0,34,79,NO,0,1,YES,Cleveland,30,29,59,23,35,0,58,117,YES,0,3,NO,104,92,196,101.43,88.68,190.11,-7.5,191
1994,30-Nov,07:30PM,Wed,Sacramento,23,29,52,23,32,0,55,107,NO,0,1,NO,Orlando,25,41,66,32,16,0,48,114,NO,1,3,YES,118,103,221,115.43,99.68,215.11,-15,213
1994,1-Dec,05:00PM,Thu,Minnesota,28,22,50,27,19,0,46,96,NO,1,1,NO,Utah,21,28,49,26,19,0,45,94,YES,1,1,YES,99,91,190,96.43,87.68,184.11,-14.5,197
1994,1-Dec,06:30PM,Thu,Denver,24,28,52,15,22,0,37,89,NO,1,1,YES,Dallas,17,16,33,25,22,0,47,80,NO,1,1,NO,85,84,169,82.43,80.68,163.11,-1,208
1994,1-Dec,04:30PM,Thu,Houston,26,34,60,24,29,0,53,113,YES,1,0,NO,Golden State,23,30,53,24,32,0,56,109,NO,1,1,NO,113,109,222,110.43,105.68,216.11,-2.5,215
1994,1-Dec,04:30PM,Thu,Indiana,26,25,51,18,24,0,42,93,NO,2,1,NO,LAC,30,14,44,20,20,0,40,84,NO,1,1,YES,95,82,177,92.43,78.68,171.11,8,197
1994,1-Dec,06:30PM,Thu,Cleveland,21,26,47,28,18,0,46,93,YES,0,1,YES,Milwaukee,31,26,57,14,16,0,30,87,YES,1,1,NO,104,76,180,101.43,72.68,174.11,1,191
1994,2-Dec,04:00PM,Fri,San Antonio,22,20,42,26,27,0,53,95,NO,1,3,YES,Portland,24,29,53,16,22,0,38,91,NO,1,2,NO,95,91,186,92.43,87.68,180.11,-4,198
1994,2-Dec,07:30PM,Fri,Phoenix,17,24,41,35,31,0,66,107,NO,1,0,NO,Boston,36,20,56,23,23,0,46,102,YES,0,1,NO,97,112,209,94.43,108.68,203.11,4.5,227
1994,2-Dec,06:30PM,Fri,Atlanta,14,26,40,23,29,0,52,92,YES,2,0,YES,Chicago,19,24,43,16,22,0,38,81,NO,0,1,NO,83,90,173,80.43,86.68,167.11,-7,189
1994,2-Dec,04:30PM,Fri,Houston,20,21,41,20,28,0,48,89,NO,0,3,NO,LAL,29,30,59,29,19,0,48,107,NO,3,1,YES,100,96,196,97.43,92.68,190.11,4,200
1994,2-Dec,07:30PM,Fri,New Jersey,31,20,51,22,24,0,46,97,YES,2,0,YES,Miami,35,31,66,24,25,0,49,115,NO,4,1,YES,117,95,212,114.43,91.68,206.11,-3.5,203
1994,2-Dec,07:30PM,Fri,Sacramento,26,26,52,17,27,0,44,96,NO,1,0,NO,Philadelphia,22,28,50,19,30,0,49,99,YES,0,5,NO,102,93,195,99.43,89.68,189.11,-3.5,191
1994,2-Dec,07:30PM,Fri,Detroit,31,20,51,18,35,0,53,104,NO,1,0,YES,Washington,21,33,54,28,33,0,61,115,YES,0,2,NO,105,114,219,102.43,110.68,213.11,-3.5,208
1994,2-Dec,08:00PM,Fri,New York,19,21,40,31,29,0,60,100,NO,2,0,YES,Orlando,31,33,64,33,28,0,61,125,YES,0,1,NO,104,121,225,101.43,117.68,219.11,-6,207
1994,3-Dec,05:00PM,Sat,Charlotte,30,22,52,18,18,0,36,88,YES,2,1,NO,Denver,24,26,50,33,16,0,49,99,YES,2,1,YES,102,85,187,99.43,81.68,181.11,-4,201
1994,3-Dec,07:00PM,Sat,Milwaukee,26,27,53,26,29,0,55,108,YES,1,0,NO,Seattle,30,35,65,23,23,0,46,111,NO,2,2,NO,118,101,219,115.43,97.68,213.11,-12,211
1994,3-Dec,07:30PM,Sat,Orlando,28,26,54,36,15,0,51,105,YES,0,2,NO,Atlanta,31,32,63,18,26,0,44,107,YES,2,0,YES,117,95,212,114.43,91.68,206.11,6,204
1994,3-Dec,06:30PM,Sat,Boston,28,26,54,19,36,0,55,109,YES,0,2,NO,Chicago,34,32,66,28,31,0,59,125,NO,1,0,NO,120,114,234,117.43,110.68,228.11,-6.5,203
1994,3-Dec,07:30PM,Sat,Philadelphia,23,16,39,18,26,0,44,83,YES,0,1,YES,Cleveland,17,22,39,21,18,0,39,78,NO,2,1,YES,78,83,161,75.43,79.68,155.11,-11,187
1994,3-Dec,06:30PM,Sat,Utah,23,23,46,35,31,0,66,112,YES,1,2,YES,Dallas,20,16,36,23,28,0,51,87,YES,2,1,NO,82,117,199,79.43,113.68,193.11,3,202
1994,3-Dec,07:30PM,Sat,Phoenix,30,22,52,17,28,0,45,97,NO,0,4,NO,Detroit,27,35,62,25,20,0,45,107,YES,2,0,YES,114,90,204,111.43,86.68,198.11,3,220
1994,3-Dec,04:30PM,Sat,Indiana,25,26,51,29,38,0,67,118,NO,1,2,YES,Golden State,27,30,57,24,26,0,50,107,YES,2,1,NO,108,117,225,105.43,113.68,219.11,-1,211
1994,3-Dec,04:30PM,Sat,Minnesota,28,24,52,22,29,0,51,103,NO,1,2,YES,LAC,16,23,39,22,34,0,56,95,NO,1,1,NO,91,107,198,88.43,103.68,192.11,2,189
1994,3-Dec,07:30PM,Sat,Washington,26,19,45,25,25,0,50,95,YES,0,4,NO,New York,27,26,53,32,26,0,58,111,YES,1,0,YES,98,108,206,95.43,104.68,200.11,-9.5,197
1994,3-Dec,08:00PM,Sat,Sacramento,29,22,51,27,16,0,43,94,NO,0,2,YES,New Jersey,31,21,52,21,16,0,37,89,YES,1,0,YES,103,80,183,100.43,76.68,177.11,-4,198
1994,4-Dec,04:00PM,Sun,Milwaukee,32,27,59,10,34,0,44,103,NO,0,1,NO,Portland,26,22,48,22,36,0,58,106,NO,4,1,NO,107,102,209,104.43,98.68,203.11,-9,199
1994,5-Dec,06:30PM,Mon,New Jersey,20,24,44,32,23,0,55,99,YES,1,0,YES,Chicago,34,29,63,19,12,0,31,94,YES,3,1,NO,107,86,193,104.43,82.68,187.11,-7,203
1994,5-Dec,04:30PM,Mon,Charlotte,37,16,53,30,32,0,62,115,NO,1,0,NO,LAC,22,18,40,18,25,0,43,83,NO,1,1,NO,93,105,198,90.43,101.68,192.11,8,196
1994,5-Dec,07:30PM,Mon,New York,31,14,45,23,22,11,45,90,YES,1,0,YES,Philadelphia,15,26,41,24,25,6,49,90,YES,1,1,YES,86,94,180,83.43,90.68,174.11,6,191
1994,6-Dec,05:00PM,Tue,Houston,30,21,51,17,22,0,39,90,NO,3,1,YES,Seattle,26,26,52,32,19,0,51,103,YES,1,2,NO,103,90,193,100.43,86.68,187.11,-4.5,202
1994,6-Dec,06:00PM,Tue,Denver,26,23,49,20,33,0,53,102,YES,2,3,YES,Minnesota,21,26,47,27,21,0,48,95,NO,3,2,YES,96,101,197,93.43,97.68,191.11,4,194
1994,6-Dec,05:00PM,Tue,Charlotte,23,23,46,26,34,0,60,106,NO,0,1,NO,Utah,24,23,47,24,26,0,50,97,YES,1,2,YES,93,110,203,90.43,106.68,197.11,-7.5,197
1994,6-Dec,07:30PM,Tue,Orlando,42,26,68,26,20,0,46,114,NO,2,0,YES,Cleveland,24,26,50,23,24,0,47,97,YES,0,2,NO,118,93,211,115.43,89.68,205.11,3.5,201
1994,6-Dec,07:30PM,Tue,Detroit,16,22,38,19,26,0,45,83,YES,2,2,YES,Indiana,27,19,46,22,22,0,44,90,YES,2,2,YES,84,89,173,81.43,85.68,167.11,-9.5,206
1994,6-Dec,04:30PM,Tue,Golden State,19,34,53,25,23,0,48,101,YES,2,2,NO,LAL,36,25,61,30,22,0,52,113,NO,2,3,NO,114,100,214,111.43,96.68,208.11,0,221
1994,6-Dec,07:30PM,Tue,Atlanta,23,23,46,25,14,9,39,85,YES,2,0,NO,New Jersey,26,25,51,16,18,6,34,85,NO,1,0,YES,97,73,170,94.43,69.68,164.11,0,189
1994,6-Dec,07:30PM,Tue,Boston,30,17,47,13,30,0,43,90,NO,2,0,YES,New York,22,26,48,31,25,0,56,104,YES,2,0,YES,95,99,194,92.43,95.68,188.11,-8,205
1994,6-Dec,04:30PM,Tue,Milwaukee,20,30,50,18,27,0,45,95,NO,1,0,NO,Sacramento,33,23,56,25,27,0,52,108,NO,1,2,YES,106,97,203,103.43,93.68,197.11,-3.5,198
1994,6-Dec,06:30PM,Tue,Dallas,23,30,53,30,29,12,59,112,YES,2,1,YES,San Antonio,30,26,56,27,29,9,56,112,NO,1,3,YES,109,115,224,106.43,111.68,218.11,-8.5,204
1994,7-Dec,07:30PM,Wed,Atlanta,20,32,52,17,11,0,28,80,NO,0,1,YES,Boston,28,14,42,28,23,0,51,93,NO,1,0,YES,94,79,173,91.43,75.68,167.11,-3.5,196
1994,7-Dec,04:30PM,Wed,Milwaukee,27,22,49,14,25,6,39,88,NO,0,2,YES,LAC,24,28,52,14,22,8,36,88,YES,1,1,NO,101,75,176,98.43,71.68,170.11,5.5,197
1994,7-Dec,07:30PM,Wed,Philadelphia,23,22,45,38,28,0,66,111,YES,1,1,YES,Miami,17,22,39,29,34,0,63,102,NO,1,4,NO,84,129,213,81.43,125.68,207.11,-8,197
1994,7-Dec,07:30PM,Wed,Cleveland,16,23,39,21,15,0,36,75,YES,0,1,NO,Orlando,19,21,40,21,29,0,50,90,YES,1,0,YES,79,86,165,76.43,82.68,159.11,-10,204
1994,8-Dec,06:00PM,Thu,Charlotte,28,14,42,31,22,0,53,95,NO,1,1,NO,Houston,27,28,55,19,27,0,46,101,NO,1,1,YES,97,99,196,94.43,95.68,190.11,-3,193
1994,8-Dec,06:30PM,Thu,Washington,29,37,66,19,28,11,47,113,NO,4,1,NO,Dallas,37,20,57,28,28,8,56,113,NO,1,1,YES,123,103,226,120.43,99.68,220.11,-3.5,207
1994,8-Dec,07:30PM,Thu,Phoenix,34,29,63,27,43,0,70,133,NO,4,1,NO,New Jersey,33,20,53,20,33,0,53,106,NO,1,1,NO,116,123,239,113.43,119.68,233.11,6,211
1994,8-Dec,04:30PM,Thu,Seattle,28,33,61,11,19,0,30,91,YES,1,1,NO,Sacramento,15,33,48,19,36,0,55,103,NO,1,1,NO,109,85,194,106.43,81.68,188.11,6,201
1994,8-Dec,06:30PM,Thu,Utah,27,20,47,20,28,22,48,95,YES,1,1,YES,San Antonio,18,29,47,26,22,19,48,95,YES,1,1,NO,94,96,190,91.43,92.68,184.11,-2.5,204
1994,9-Dec,04:00PM,Fri,Golden State,23,28,51,27,29,0,56,107,NO,2,0,NO,Portland,28,24,52,35,29,0,64,116,NO,1,4,NO,103,120,223,100.43,116.68,217.11,-4.5,214
1994,9-Dec,07:30PM,Fri,New York,27,20,47,13,25,0,38,85,YES,2,0,YES,Atlanta,29,27,56,15,18,0,33,89,YES,0,1,YES,103,71,174,100.43,67.68,168.11,2,187
1994,9-Dec,07:30PM,Fri,Cleveland,21,23,44,26,26,0,52,96,NO,1,0,YES,Boston,17,20,37,22,30,0,52,89,YES,0,1,NO,81,104,185,78.43,100.68,179.11,0,187
1994,9-Dec,04:30PM,Fri,LAC,30,33,63,21,25,0,46,109,YES,1,0,YES,LAL,16,19,35,33,16,0,49,84,YES,0,2,NO,98,95,193,95.43,91.68,187.11,-13,207
1994,9-Dec,07:30PM,Fri,Orlando,40,27,67,24,19,0,43,110,YES,1,0,YES,Miami,20,24,44,26,26,0,52,96,YES,0,1,NO,111,95,206,108.43,91.68,200.11,6,219
1994,9-Dec,07:30PM,Fri,Indiana,16,27,43,27,24,0,51,94,YES,2,0,YES,Philadelphia,27,23,50,15,23,0,38,88,YES,0,1,YES,93,89,182,90.43,85.68,176.11,4.5,188
1994,9-Dec,08:00PM,Fri,Chicago,27,31,58,30,29,0,59,117,YES,3,0,NO,Detroit,23,23,46,25,25,0,50,96,YES,0,2,YES,104,109,213,101.43,105.68,207.11,-2,200
1994,10-Dec,05:00PM,Sat,Washington,14,23,37,24,28,0,52,89,NO,1,1,NO,Denver,29,22,51,22,38,0,60,111,YES,1,3,YES,88,112,200,85.43,108.68,194.11,-7,209
1994,10-Dec,06:00PM,Sat,Phoenix,24,21,45,28,30,0,58,103,NO,1,1,YES,Minnesota,24,25,49,23,17,0,40,89,YES,2,3,NO,94,98,192,91.43,94.68,186.11,8,207
1994,10-Dec,05:00PM,Sat,LAL,30,30,60,29,31,0,60,120,YES,0,2,NO,Utah,24,27,51,26,36,0,62,113,NO,1,1,YES,111,122,233,108.43,118.68,227.11,-8.5,207
1994,10-Dec,07:30PM,Sat,Detroit,19,16,35,24,20,0,44,79,YES,0,2,NO,Cleveland,18,29,47,19,21,0,40,87,NO,2,0,YES,82,84,166,79.43,80.68,160.11,-8,190
1994,10-Dec,06:30PM,Sat,Charlotte,19,32,51,16,19,0,35,86,NO,1,2,YES,Dallas,28,24,52,26,21,0,47,99,NO,2,1,NO,103,82,185,100.43,78.68,179.11,1.5,200
1994,10-Dec,06:30PM,Sat,San Antonio,31,30,61,28,19,0,47,108,YES,1,1,YES,Houston,29,21,50,25,21,0,46,96,NO,2,1,NO,111,93,204,108.43,89.68,198.11,-7.5,197
1994,10-Dec,07:30PM,Sat,Miami,23,28,51,26,26,0,52,103,YES,0,1,NO,Indiana,27,30,57,39,21,0,60,117,YES,2,0,YES,108,112,220,105.43,108.68,214.11,-9,199
1994,10-Dec,04:30PM,Sat,Seattle,29,38,67,21,24,20,45,112,NO,1,3,NO,LAC,29,30,59,23,30,15,53,112,YES,3,0,YES,126,98,224,123.43,94.68,218.11,13,199
1994,10-Dec,06:30PM,Sat,Chicago,26,22,48,31,24,0,55,103,NO,0,2,YES,Milwaukee,33,31,64,24,18,0,42,106,YES,2,2,YES,112,97,209,109.43,93.68,203.11,1,203
1994,10-Dec,07:30PM,Sat,Boston,22,22,44,19,33,0,52,96,YES,0,1,YES,New Jersey,35,23,58,26,24,0,50,108,NO,1,1,NO,102,102,204,99.43,98.68,198.11,-4,206
1994,10-Dec,07:30PM,Sat,Philadelphia,32,22,54,24,25,0,49,103,YES,0,2,YES,New York,25,23,48,24,35,0,59,107,NO,1,0,YES,102,108,210,99.43,104.68,204.11,-10,188
1994,10-Dec,07:30PM,Sat,Atlanta,21,27,48,17,33,0,50,98,YES,0,2,YES,Orlando,24,28,52,35,22,0,57,109,YES,1,0,YES,100,107,207,97.43,103.68,201.11,-11,205
1994,10-Dec,04:30PM,Sat,Golden State,22,25,47,22,25,0,47,94,NO,0,1,NO,Sacramento,21,31,52,22,32,0,54,106,YES,0,1,NO,99,101,200,96.43,97.68,194.11,-1,209
1994,11-Dec,04:00PM,Sun,Sacramento,17,26,43,25,20,0,45,88,YES,0,1,NO,Portland,21,30,51,23,19,0,42,93,YES,0,1,NO,94,87,181,91.43,83.68,175.11,-9,199
1994,12-Dec,04:00PM,Mon,Golden State,12,25,37,20,27,0,47,84,NO,1,0,YES,Phoenix,19,24,43,27,20,0,47,90,NO,1,1,YES,80,94,174,77.43,90.68,168.11,-8.5,224
1994,12-Dec,05:00PM,Mon,Portland,10,27,37,23,29,0,52,89,YES,0,1,YES,Utah,34,21,55,20,26,0,46,101,YES,1,1,NO,92,98,190,89.43,94.68,184.11,-7,207
1994,12-Dec,07:30PM,Mon,Denver,25,27,52,27,24,0,51,103,YES,1,1,NO,Boston,31,27,58,23,32,0,55,113,YES,1,1,YES,110,106,216,107.43,102.68,210.11,0,201
1994,12-Dec,07:30PM,Mon,Orlando,20,20,40,30,31,0,61,101,YES,1,1,YES,New Jersey,32,33,65,32,31,0,63,128,NO,1,1,NO,105,124,229,102.43,120.68,223.11,6.5,216
1994,12-Dec,07:30PM,Mon,Miami,27,31,58,32,32,0,64,122,NO,1,0,NO,New York,31,25,56,26,29,0,55,111,YES,2,1,NO,114,119,233,111.43,115.68,227.11,-9,199
1994,12-Dec,06:30PM,Mon,Washington,24,22,46,23,32,0,55,101,NO,1,0,NO,San Antonio,32,25,57,42,23,0,65,122,NO,1,1,YES,103,120,223,100.43,116.68,217.11,-5.5,204
1994,13-Dec,06:00PM,Tue,LAL,33,25,58,27,30,0,57,115,NO,2,1,NO,Dallas,24,32,56,29,23,0,52,108,NO,1,2,NO,114,109,223,111.43,105.68,217.11,0,211
1994,13-Dec,07:30PM,Tue,Minnesota,17,18,35,26,16,6,42,77,YES,2,0,YES,Atlanta,18,19,37,16,24,8,40,77,YES,0,2,YES,72,82,154,69.43,78.68,148.11,-12,183
1994,13-Dec,07:30PM,Tue,Milwaukee,23,34,57,19,25,0,44,101,YES,2,0,YES,Charlotte,33,28,61,16,30,0,46,107,YES,0,2,YES,118,90,208,115.43,86.68,202.11,-9,205
1994,13-Dec,06:30PM,Tue,Detroit,17,14,31,28,19,0,47,78,NO,2,0,YES,Chicago,29,16,45,21,32,0,53,98,YES,2,2,YES,76,100,176,73.43,96.68,170.11,-14,199
1994,13-Dec,07:30PM,Tue,Indiana,24,18,42,25,16,0,41,83,YES,2,0,YES,Cleveland,22,24,46,20,24,0,44,90,YES,0,2,NO,88,85,173,85.43,81.68,167.11,-1.5,184
1994,13-Dec,04:30PM,Tue,Sacramento,27,23,50,28,34,0,62,112,NO,1,1,YES,Golden State,25,31,56,21,30,0,51,107,YES,1,0,YES,106,113,219,103.43,109.68,213.11,-6,205
1994,13-Dec,06:30PM,Tue,Washington,19,19,38,21,26,0,47,85,NO,0,1,YES,Houston,30,17,47,28,18,0,46,93,NO,1,2,NO,85,93,178,82.43,89.68,172.11,-12,201
1994,13-Dec,07:30PM,Tue,Miami,21,18,39,22,29,0,51,90,NO,0,1,YES,Philadelphia,27,29,56,24,25,0,49,105,YES,0,2,YES,95,100,195,92.43,96.68,189.11,-2.5,198
1994,14-Dec,06:00PM,Wed,Utah,23,21,44,31,28,0,59,103,YES,1,0,NO,Minnesota,24,21,45,22,28,0,50,95,NO,1,0,YES,89,109,198,86.43,105.68,192.11,8,190
1994,14-Dec,04:00PM,Wed,Seattle,16,31,47,25,21,0,46,93,NO,3,0,YES,Phoenix,29,29,58,24,29,0,53,111,NO,1,1,NO,105,99,204,102.43,95.68,198.11,-5,221
1994,14-Dec,04:00PM,Wed,LAC,10,16,26,18,29,0,47,73,YES,3,0,YES,Portland,30,20,50,34,37,0,71,121,YES,0,1,YES,76,118,194,73.43,114.68,188.11,-12.5,200
1994,14-Dec,07:30PM,Wed,Charlotte,33,28,61,21,24,0,45,106,YES,0,1,NO,Detroit,18,20,38,32,23,0,55,93,YES,2,0,YES,99,100,199,96.43,96.68,193.11,4,195
1994,14-Dec,07:30PM,Wed,Atlanta,23,21,44,14,21,0,35,79,YES,0,1,YES,Indiana,16,27,43,22,16,0,38,81,NO,1,0,YES,87,73,160,84.43,69.68,154.11,-7.5,182
1994,14-Dec,06:30PM,Wed,Philadelphia,20,30,50,24,22,0,46,96,YES,0,1,YES,Milwaukee,26,23,49,30,20,0,50,99,NO,3,0,YES,99,96,195,96.43,92.68,189.11,-4,197
1994,14-Dec,07:30PM,Wed,Cleveland,21,13,34,22,20,19,42,76,YES,0,1,NO,New Jersey,15,18,33,26,17,12,43,76,YES,1,1,NO,67,85,152,64.43,81.68,146.11,-1.5,185
1994,14-Dec,07:30PM,Wed,Denver,22,24,46,15,35,0,50,96,NO,1,0,NO,Orlando,34,33,67,26,27,0,53,120,YES,1,1,YES,113,103,216,110.43,99.68,210.11,-10.5,212
1994,14-Dec,06:30PM,Wed,Boston,22,36,58,27,25,0,52,110,YES,1,0,NO,San Antonio,41,23,64,25,33,0,58,122,NO,2,1,NO,122,110,232,119.43,106.68,226.11,-7,210
1994,15-Dec,07:00PM,Thu,Portland,21,31,52,20,31,0,51,103,YES,0,2,YES,Seattle,23,22,45,34,35,0,69,114,NO,1,0,YES,97,120,217,94.43,116.68,211.11,-8.5,210
1994,15-Dec,06:30PM,Thu,Boston,33,29,62,22,29,0,51,113,NO,0,1,NO,Dallas,35,34,69,24,29,0,53,122,YES,1,1,NO,131,104,235,128.43,100.68,229.11,-3.5,212
1994,15-Dec,06:30PM,Thu,LAL,31,17,48,29,20,0,49,97,NO,1,1,NO,Houston,25,21,46,25,23,0,48,94,NO,1,1,NO,94,97,191,91.43,93.68,185.11,-7,204
1994,15-Dec,04:30PM,Thu,Golden State,19,15,34,25,23,0,48,82,YES,1,0,YES,LAC,27,20,47,20,22,0,42,89,NO,1,0,YES,81,90,171,78.43,86.68,165.11,5,206
1994,15-Dec,04:30PM,Thu,New York,24,18,42,26,26,0,52,94,YES,2,0,NO,Sacramento,17,21,38,25,21,0,46,84,YES,1,1,YES,80,98,178,77.43,94.68,172.11,4,188
1994,15-Dec,07:30PM,Thu,Utah,20,27,47,28,20,0,48,95,NO,0,1,NO,Washington,16,23,39,24,22,0,46,85,NO,1,1,YES,86,94,180,83.43,90.68,174.11,4.5,198
1994,15-Dec,08:00PM,Thu,Denver,20,19,39,34,28,0,62,101,NO,0,1,NO,Miami,28,29,57,21,21,0,42,99,NO,1,1,YES,96,104,200,93.43,100.68,194.11,-1,205
1994,16-Dec,03:00PM,Fri,New York,24,15,39,18,28,0,46,85,NO,0,1,NO,Phoenix,20,25,45,37,24,0,61,106,NO,0,1,NO,84,107,191,81.43,103.68,185.11,-7,204
1994,16-Dec,06:00PM,Fri,New Jersey,20,29,49,25,19,0,44,93,YES,1,1,YES,Minnesota,27,23,50,20,24,0,44,94,YES,0,1,NO,99,88,187,96.43,84.68,181.11,5,189
1994,16-Dec,07:30PM,Fri,Chicago,19,22,41,20,24,0,44,85,YES,2,0,YES,Atlanta,13,30,43,24,13,0,37,80,YES,0,1,YES,84,81,165,81.43,77.68,159.11,-4.5,182
1994,16-Dec,04:30PM,Fri,Orlando,32,27,59,28,34,10,62,121,YES,1,0,NO,Golden State,29,34,63,24,34,7,58,121,NO,3,0,YES,122,120,242,119.43,116.68,236.11,6.5,218
1994,16-Dec,07:30PM,Fri,Charlotte,21,33,54,22,15,0,37,91,NO,1,0,YES,Indiana,23,25,48,26,19,0,45,93,YES,3,1,NO,102,82,184,99.43,78.68,178.11,-6,191
1994,16-Dec,07:30PM,Fri,Cleveland,22,20,42,20,22,0,42,84,NO,1,2,NO,Philadelphia,17,16,33,27,20,0,47,80,NO,0,1,YES,75,89,164,72.43,85.68,158.11,2,176
1994,17-Dec,04:00PM,Sat,Sacramento,35,22,57,26,15,0,41,98,YES,1,2,YES,Phoenix,31,30,61,27,21,0,48,109,NO,1,0,NO,118,89,207,115.43,85.68,201.11,-12,205
1994,17-Dec,07:00PM,Sat,Orlando,18,16,34,22,28,0,50,84,NO,0,2,NO,Seattle,29,32,61,25,38,0,63,124,NO,2,1,NO,95,113,208,92.43,109.68,202.11,-4,221
1994,17-Dec,07:30PM,Sat,Denver,28,20,48,27,17,0,44,92,NO,1,1,YES,Charlotte,33,29,62,30,19,0,49,111,NO,2,0,YES,110,93,203,107.43,89.68,197.11,-5,195
1994,17-Dec,06:30PM,Sat,Utah,24,21,45,27,25,0,52,97,NO,1,0,NO,Chicago,19,24,43,27,19,0,46,89,NO,1,0,YES,88,98,186,85.43,94.68,180.11,-1,195
1994,17-Dec,06:30PM,Sat,Boston,27,35,62,25,25,0,50,112,NO,1,1,NO,Houston,36,25,61,23,25,0,48,109,NO,4,1,NO,123,98,221,120.43,94.68,215.11,-10.5,205
1994,17-Dec,04:30PM,Sat,Dallas,31,21,52,27,27,0,54,106,YES,1,2,NO,LAC,23,12,35,30,22,0,52,87,YES,2,1,NO,87,106,193,84.43,102.68,187.11,4.5,202
1994,17-Dec,07:30PM,Sat,Atlanta,25,19,44,10,31,0,41,85,YES,0,2,YES,Miami,25,27,52,19,25,0,44,96,YES,0,1,NO,96,85,181,93.43,81.68,175.11,-1.5,183
1994,17-Dec,07:30PM,Sat,Detroit,27,26,53,23,21,0,44,97,YES,2,3,NO,Philadelphia,21,24,45,32,15,0,47,92,NO,2,0,NO,98,91,189,95.43,87.68,183.11,-3.5,190
1994,17-Dec,06:30PM,Sat,LAL,29,25,54,19,29,0,48,102,NO,1,2,YES,San Antonio,28,23,51,31,34,0,65,116,YES,3,2,NO,105,113,218,102.43,109.68,212.11,-5,214
1994,17-Dec,07:30PM,Sat,Minnesota,21,32,53,20,23,0,43,96,YES,0,2,NO,Washington,24,27,51,19,17,0,36,87,YES,1,1,NO,104,79,183,101.43,75.68,177.11,-7,187
1994,18-Dec,02:00PM,Sun,New York,23,23,46,21,20,0,41,87,NO,1,1,YES,Portland,27,28,55,26,30,0,56,111,NO,1,2,YES,101,97,198,98.43,93.68,192.11,-3.5,188
1994,18-Dec,05:00PM,Sun,Utah,23,26,49,30,22,0,52,101,NO,0,1,NO,Milwaukee,31,21,52,19,27,0,46,98,YES,1,3,NO,101,98,199,98.43,94.68,193.11,3,198
1994,18-Dec,07:30PM,Sun,Miami,30,22,52,28,22,0,50,102,YES,0,2,YES,New Jersey,22,26,48,28,27,0,55,103,YES,1,1,YES,100,105,205,97.43,101.68,199.11,-6,204
1994,19-Dec,05:00PM,Mon,Boston,28,14,42,25,18,0,43,85,NO,1,3,YES,Denver,29,19,48,26,30,0,56,104,NO,1,1,YES,90,99,189,87.43,95.68,183.11,-8.5,217
1994,19-Dec,04:00PM,Mon,Washington,29,21,50,25,27,0,52,102,YES,1,0,NO,Phoenix,33,27,60,27,26,0,53,113,YES,2,1,NO,110,105,215,107.43,101.68,209.11,-13.5,214
1994,19-Dec,06:30PM,Mon,Cleveland,15,22,37,25,15,0,40,77,NO,2,2,NO,Chicago,16,15,31,15,17,0,32,63,YES,1,1,NO,68,72,140,65.43,68.68,134.11,-4,171
1994,20-Dec,04:00PM,Tue,Orlando,26,33,59,32,17,0,49,108,NO,2,0,NO,Portland,38,20,58,17,29,0,46,104,NO,2,1,NO,117,95,212,114.43,91.68,206.11,-1,216
1994,20-Dec,07:00PM,Tue,LAC,21,25,46,18,15,0,33,79,YES,2,0,YES,Seattle,29,29,58,28,24,0,52,110,NO,1,2,NO,104,85,189,101.43,81.68,183.11,-17,207
1994,20-Dec,07:30PM,Tue,Milwaukee,27,16,43,19,35,0,54,97,YES,1,0,NO,Atlanta,31,29,60,16,39,0,55,115,NO,1,2,YES,103,109,212,100.43,105.68,206.11,-7,183
1994,20-Dec,07:30PM,Tue,Indiana,31,17,48,25,22,0,47,95,YES,3,0,YES,Charlotte,20,26,46,32,21,0,53,99,NO,1,2,NO,94,100,194,91.43,96.68,188.11,-3,190
1994,20-Dec,04:30PM,Tue,Dallas,31,20,51,23,36,0,59,110,NO,2,1,NO,Golden State,21,19,40,36,31,0,67,107,NO,1,3,NO,91,126,217,88.43,122.68,211.11,-6,221
1994,20-Dec,04:30PM,Tue,Minnesota,28,27,55,27,13,0,40,95,NO,2,1,NO,LAL,31,28,59,27,22,0,49,108,NO,2,2,YES,114,89,203,111.43,85.68,197.11,-9.5,196
1994,20-Dec,07:30PM,Tue,Utah,22,19,41,20,30,0,50,91,NO,1,1,NO,Philadelphia,19,26,45,27,16,0,43,88,YES,1,2,NO,86,93,179,83.43,89.68,173.11,5.5,191
1994,20-Dec,04:30PM,Tue,Washington,22,27,49,25,28,0,53,102,NO,0,1,NO,Sacramento,25,29,54,33,18,0,51,105,NO,1,2,YES,103,104,207,100.43,100.68,201.11,-7,195
1994,20-Dec,08:00PM,Tue,New Jersey,22,22,44,23,18,0,41,85,YES,1,0,YES,New York,25,24,49,20,14,0,34,83,NO,1,1,YES,93,75,168,90.43,71.68,162.11,-10,192
1994,21-Dec,05:00PM,Wed,San Antonio,26,26,52,39,20,0,59,111,YES,3,1,YES,Denver,22,34,56,29,12,0,41,97,YES,1,1,NO,108,100,208,105.43,96.68,202.11,-4,207
1994,21-Dec,07:30PM,Wed,Chicago,33,19,52,25,22,0,47,99,YES,1,1,YES,Indiana,25,26,51,32,24,0,56,107,YES,1,0,YES,103,103,206,100.43,99.68,200.11,-6.5,186
1994,21-Dec,04:30PM,Wed,Orlando,28,26,54,21,27,0,48,102,NO,0,1,YES,LAC,22,23,45,14,32,0,46,91,NO,1,0,YES,99,94,193,96.43,90.68,187.11,13,209
1994,21-Dec,07:30PM,Wed,Milwaukee,23,26,49,24,19,20,43,92,NO,0,1,NO,Miami,35,16,51,21,20,30,41,92,NO,1,2,YES,100,84,184,97.43,80.68,178.11,-5,209
1994,21-Dec,07:30PM,Wed,Detroit,31,27,58,22,19,0,41,99,NO,3,1,YES,New Jersey,23,39,62,28,27,0,55,117,YES,1,0,YES,120,96,216,117.43,92.68,210.11,-4,196
1994,22-Dec,06:00PM,Thu,Phoenix,19,34,53,22,31,0,53,106,YES,2,0,YES,Houston,29,18,47,35,32,0,67,114,YES,0,4,NO,100,120,220,97.43,116.68,214.11,-1,208
1994,22-Dec,07:00PM,Thu,Dallas,22,27,49,34,18,0,52,101,NO,1,0,NO,Seattle,31,22,53,31,19,0,50,103,YES,2,1,NO,102,102,204,99.43,98.68,198.11,-10.5,217
1994,22-Dec,07:30PM,Thu,Utah,34,26,60,25,18,0,43,103,NO,1,5,YES,Atlanta,22,24,46,26,22,0,48,94,YES,0,1,NO,106,91,197,103.43,87.68,191.11,1.5,186
1994,22-Dec,07:30PM,Thu,Philadelphia,25,18,43,18,30,0,48,91,YES,1,0,NO,Charlotte,29,26,55,23,25,0,48,103,YES,0,1,NO,98,96,194,95.43,92.68,188.11,-10,195
1994,22-Dec,04:30PM,Thu,Washington,26,19,45,26,16,0,42,87,NO,1,0,NO,Golden State,30,21,51,28,28,0,56,107,NO,4,1,NO,96,98,194,93.43,94.68,188.11,-5,216
1994,22-Dec,07:30PM,Thu,Cleveland,12,28,40,22,31,0,53,93,NO,2,0,YES,New York,25,25,50,17,23,0,40,90,YES,2,1,NO,90,93,183,87.43,89.68,177.11,-5,167
1994,22-Dec,04:30PM,Thu,Minnesota,15,24,39,22,28,0,50,89,NO,1,3,YES,Sacramento,25,32,57,27,25,0,52,109,YES,0,1,NO,96,102,198,93.43,98.68,192.11,-6,189
1994,23-Dec,06:00PM,Fri,Indiana,25,22,47,12,33,0,45,92,YES,1,3,NO,Chicago,23,35,58,28,30,0,58,116,NO,1,1,YES,105,103,208,102.43,99.68,202.11,1,186
1994,23-Dec,04:00PM,Fri,Denver,26,28,54,26,30,0,56,110,YES,1,1,YES,Phoenix,28,38,66,27,33,0,60,126,NO,2,0,YES,120,116,236,117.43,112.68,230.11,-8.5,213
1994,23-Dec,04:00PM,Fri,Dallas,17,23,40,20,32,0,52,92,NO,0,2,NO,Portland,32,25,57,31,30,0,61,118,NO,2,2,NO,97,113,210,94.43,109.68,204.11,-8,0
1994,23-Dec,07:30PM,Fri,Philadelphia,17,19,36,25,24,0,49,85,NO,0,2,NO,Boston,26,17,43,19,15,0,34,77,YES,2,3,YES,79,83,162,76.43,79.68,156.11,-6,205
1994,23-Dec,07:30PM,Fri,New Jersey,22,16,38,24,13,0,37,75,YES,1,2,NO,Cleveland,20,21,41,25,14,0,39,80,NO,2,0,YES,79,76,155,76.43,72.68,149.11,-6.5,172
1994,23-Dec,04:30PM,Fri,Washington,19,35,54,31,20,0,51,105,NO,0,2,YES,LAC,25,27,52,16,34,0,50,102,YES,2,1,NO,106,101,207,103.43,97.68,201.11,4,191
1994,23-Dec,04:30PM,Fri,Sacramento,24,22,46,20,23,0,43,89,YES,0,2,NO,LAL,24,22,46,25,29,0,54,100,YES,3,2,NO,92,97,189,89.43,93.68,183.11,-5.5,202
1994,23-Dec,07:30PM,Fri,Charlotte,18,28,46,22,25,0,47,93,YES,0,3,NO,Miami,30,24,54,34,28,0,62,116,NO,2,1,NO,100,109,209,97.43,105.68,203.11,-1,201
1994,23-Dec,07:30PM,Fri,Milwaukee,26,30,56,22,13,0,35,91,NO,1,2,YES,Orlando,29,33,62,22,39,0,61,123,YES,2,1,YES,118,96,214,115.43,92.68,208.11,-14,219
1994,23-Dec,06:30PM,Fri,Houston,22,25,47,28,21,0,49,96,YES,0,2,NO,San Antonio,30,21,51,19,28,0,47,98,NO,3,1,YES,98,96,194,95.43,92.68,188.11,-4,205
1994,23-Dec,08:00PM,Fri,Atlanta,26,24,50,23,24,0,47,97,YES,0,3,NO,Detroit,13,28,41,21,15,0,36,77,NO,3,1,YES,91,83,174,88.43,79.68,168.11,-1,188
1994,25-Dec,12:00PM,Sun,Seattle,24,21,45,25,26,0,51,96,YES,2,0,YES,Denver,23,25,48,33,24,0,57,105,NO,1,1,YES,93,108,201,90.43,104.68,195.11,2,208
1994,25-Dec,04:30PM,Sun,New York,31,24,55,18,27,4,45,100,YES,2,1,NO,Chicago,22,33,55,22,23,7,45,100,NO,1,1,NO,110,90,200,107.43,86.68,194.11,-3,185
1994,26-Dec,01:00PM,Mon,Boston,24,26,50,24,28,0,52,102,YES,2,1,YES,Cleveland,31,34,65,31,27,0,58,123,NO,1,2,NO,115,110,225,112.43,106.68,219.11,-8,177
1994,26-Dec,06:00PM,Mon,LAC,24,16,40,21,20,0,41,81,YES,2,0,NO,Minnesota,23,11,34,22,26,0,48,82,NO,3,3,YES,74,89,163,71.43,85.68,157.11,-8.5,189
1994,26-Dec,04:00PM,Mon,Dallas,31,25,56,28,29,0,57,113,NO,2,0,YES,Phoenix,31,35,66,36,37,0,73,139,YES,0,2,NO,122,130,252,119.43,126.68,246.11,-10,223
1994,26-Dec,04:00PM,Mon,Philadelphia,27,22,49,22,30,0,52,101,NO,2,1,NO,Portland,25,24,49,27,18,0,45,94,YES,0,2,NO,98,97,195,95.43,93.68,189.11,-10,196
1994,26-Dec,07:00PM,Mon,Sacramento,22,26,48,29,26,0,55,103,NO,2,0,YES,Seattle,34,34,68,40,15,0,55,123,NO,1,0,YES,116,110,226,113.43,106.68,220.11,-10.5,202
1994,26-Dec,07:30PM,Mon,Houston,24,24,48,25,28,0,53,101,NO,2,0,YES,Miami,18,20,38,23,27,0,50,88,YES,0,2,NO,86,103,189,83.43,99.68,183.11,3.5,203
1994,26-Dec,06:30PM,Mon,New Jersey,20,24,44,25,28,0,53,97,NO,2,0,YES,Milwaukee,18,31,49,24,28,0,52,101,YES,0,2,YES,93,105,198,90.43,101.68,192.11,-3,199
1994,26-Dec,07:30PM,Mon,Orlando,27,35,62,26,26,14,52,114,YES,2,0,YES,Washington,32,33,65,23,26,7,49,114,YES,1,2,YES,127,101,228,124.43,97.68,222.11,9.5,212
1994,27-Dec,05:00PM,Tue,Indiana,23,24,47,28,20,0,48,95,NO,3,0,NO,Denver,17,24,41,29,21,0,50,91,YES,1,1,NO,88,98,186,85.43,94.68,180.11,-3,196
1994,27-Dec,06:30PM,Tue,LAC,26,24,50,25,20,0,45,95,NO,0,1,NO,Chicago,32,22,54,24,14,0,38,92,YES,0,1,NO,104,83,187,101.43,79.68,181.11,-14,191
1994,27-Dec,06:30PM,Tue,Phoenix,28,34,62,33,24,0,57,119,YES,0,2,YES,Dallas,31,30,61,29,28,0,57,118,NO,2,0,YES,123,114,237,120.43,110.68,231.11,4,221
1994,27-Dec,07:30PM,Tue,Milwaukee,28,26,54,18,26,0,44,98,YES,0,2,YES,Detroit,20,17,37,24,27,0,51,88,YES,0,3,NO,91,95,186,88.43,91.68,180.11,-4.5,204
1994,27-Dec,04:30PM,Tue,LAL,16,20,36,37,32,0,69,105,YES,3,1,YES,Golden State,32,33,65,33,31,0,64,129,YES,1,4,NO,101,133,234,98.43,129.68,228.11,-3.5,217
1994,27-Dec,06:30PM,Tue,Atlanta,24,35,59,19,15,0,34,93,NO,3,1,YES,Houston,27,22,49,29,27,0,56,105,NO,1,0,YES,108,90,198,105.43,86.68,192.11,-8,183
1994,27-Dec,07:30PM,Tue,New York,25,22,47,26,26,0,52,99,NO,1,0,YES,New Jersey,18,18,36,21,34,0,55,91,YES,2,0,YES,83,107,190,80.43,103.68,184.11,2.5,191
1994,27-Dec,07:30PM,Tue,Miami,21,25,46,19,18,0,37,83,YES,0,1,YES,Orlando,24,24,48,23,32,0,55,103,YES,1,0,YES,94,92,186,91.43,88.68,180.11,-13,220
1994,27-Dec,04:30PM,Tue,Portland,20,24,44,27,30,0,57,101,YES,0,1,YES,Sacramento,28,18,46,29,27,0,56,102,NO,2,0,YES,90,113,203,87.43,109.68,197.11,0,196
1994,27-Dec,06:30PM,Tue,Charlotte,33,15,48,33,27,0,60,108,NO,3,1,YES,San Antonio,30,33,63,32,24,0,56,119,YES,1,3,NO,111,116,227,108.43,112.68,221.11,-5.5,206
1994,28-Dec,07:00PM,Wed,Philadelphia,22,14,36,36,30,0,66,102,NO,1,1,NO,Seattle,28,31,59,29,33,0,62,121,YES,0,1,NO,95,128,223,92.43,124.68,217.11,-12.5,204
1994,28-Dec,05:00PM,Wed,Indiana,26,23,49,19,27,0,46,95,NO,0,1,YES,Utah,30,37,67,26,24,0,50,117,NO,1,5,YES,116,96,212,113.43,92.68,206.11,-6.5,196
1994,28-Dec,07:30PM,Wed,Chicago,33,34,67,19,19,0,38,105,YES,0,1,YES,Boston,33,21,54,22,21,0,43,97,YES,1,1,YES,121,81,202,118.43,77.68,196.11,-1,205
1994,28-Dec,07:30PM,Wed,Washington,25,19,44,13,18,0,31,75,YES,1,1,YES,Cleveland,30,26,56,25,10,0,35,91,NO,1,1,NO,100,66,166,97.43,62.68,160.11,-12.5,183
1994,28-Dec,07:30PM,Wed,Detroit,27,20,47,22,24,0,46,93,YES,0,1,YES,New York,26,28,54,20,27,0,47,101,YES,1,0,YES,101,93,194,98.43,89.68,188.11,-8,193
1994,29-Dec,04:00PM,Thu,Denver,22,19,41,29,23,0,52,93,YES,1,0,YES,Portland,20,25,45,35,24,0,59,104,YES,0,1,YES,86,111,197,83.43,107.68,191.11,-5,202
1994,29-Dec,07:30PM,Thu,San Antonio,34,26,60,23,25,13,48,108,YES,1,0,NO,Atlanta,26,23,49,27,32,19,59,108,YES,0,1,YES,109,107,216,106.43,103.68,210.11,2.5,193
1994,29-Dec,06:30PM,Thu,Golden State,29,29,58,25,41,0,66,124,YES,1,0,NO,Houston,39,32,71,25,30,0,55,126,YES,0,1,NO,129,121,250,126.43,117.68,244.11,-7.5,209
1994,29-Dec,04:30PM,Thu,Seattle,22,24,46,30,19,0,49,95,YES,0,4,NO,LAL,25,25,50,29,17,0,46,96,YES,0,1,YES,96,95,191,93.43,91.68,185.11,1.5,210
1994,29-Dec,07:30PM,Thu,LAC,17,17,34,22,27,0,49,83,NO,1,0,NO,Miami,31,29,60,28,38,0,66,126,YES,0,1,YES,94,115,209,91.43,111.68,203.11,-9.5,195
1994,29-Dec,08:00PM,Thu,Orlando,30,30,60,32,31,0,63,123,YES,1,0,YES,Charlotte,33,27,60,35,30,0,65,125,YES,0,1,YES,120,128,248,117.43,124.68,242.11,1.5,217
1994,30-Dec,05:00PM,Fri,Portland,29,27,56,28,30,0,58,114,YES,0,3,NO,Denver,27,30,57,33,28,0,61,118,YES,3,0,YES,113,119,232,110.43,115.68,226.11,-4,201
1994,30-Dec,06:00PM,Fri,New York,19,24,43,27,20,0,47,90,YES,1,4,YES,Minnesota,31,14,45,18,18,0,36,81,NO,3,3,NO,88,83,171,85.43,79.68,165.11,6,186
1994,30-Dec,04:00PM,Fri,LAL,34,35,69,30,28,0,58,127,YES,0,3,YES,Phoenix,29,33,62,30,20,0,50,112,YES,3,2,YES,131,108,239,128.43,104.68,233.11,-9,227
1994,30-Dec,05:00PM,Fri,Houston,33,18,51,27,33,0,60,111,YES,0,3,NO,Utah,26,29,55,24,24,0,48,103,NO,3,1,NO,106,108,214,103.43,104.68,208.11,-5,199
1994,30-Dec,06:30PM,Fri,Miami,19,24,43,21,24,0,45,88,YES,0,4,NO,Chicago,32,27,59,35,39,0,74,133,NO,4,1,YES,102,119,221,99.43,115.68,215.11,-6.5,204
1994,30-Dec,07:30PM,Fri,Atlanta,18,21,39,20,26,0,46,85,YES,0,3,YES,Cleveland,19,23,42,27,18,0,45,87,NO,4,1,NO,81,91,172,78.43,87.68,166.11,-7,170
1994,30-Dec,06:30PM,Fri,Golden State,16,23,39,29,26,0,55,94,NO,0,3,YES,Dallas,26,30,56,28,26,0,54,110,NO,3,2,NO,95,109,204,92.43,105.68,198.11,-3.5,223
1994,30-Dec,07:30PM,Fri,New Jersey,23,14,37,18,24,0,42,79,YES,2,3,YES,Indiana,20,22,42,33,21,0,54,96,YES,3,1,YES,79,96,175,76.43,92.68,169.11,-9,192
1994,30-Dec,06:30PM,Fri,Charlotte,23,24,47,30,24,0,54,101,YES,0,4,YES,Milwaukee,31,22,53,18,23,0,41,94,YES,3,2,YES,100,95,195,97.43,91.68,189.11,3.5,206
1994,30-Dec,07:30PM,Fri,LAC,22,28,50,35,16,4,51,101,NO,0,5,YES,Orlando,29,24,53,27,21,15,48,101,NO,4,0,YES,103,99,202,100.43,95.68,196.11,-19,210
1994,30-Dec,04:30PM,Fri,Philadelphia,23,11,34,21,27,0,48,82,NO,1,4,NO,Sacramento,22,24,46,15,24,0,39,85,NO,3,2,NO,80,87,167,77.43,83.68,161.11,-5.5,194
1994,30-Dec,07:30PM,Fri,San Antonio,30,35,65,28,22,0,50,115,NO,0,3,NO,Washington,27,24,51,25,25,0,50,101,NO,3,1,YES,116,100,216,113.43,96.68,210.11,6.5,205
1994,30-Dec,08:00PM,Fri,Boston,31,31,62,31,31,0,62,124,YES,1,4,YES,Detroit,32,18,50,32,25,0,57,107,YES,3,1,YES,112,119,231,109.43,115.68,225.11,-4.5,210
1995,3-Jan,02:00PM,Tue,Phoenix,25,33,58,21,29,0,50,108,YES,3,0,YES,Sacramento,25,27,52,26,22,0,48,100,NO,1,3,NO,110,98,208,107.22,95.77,202.99,4.5,212
1995,3-Jan,06:00PM,Tue,Denver,17,26,43,22,23,20,45,88,YES,3,0,NO,Minnesota,18,35,53,16,19,11,35,88,YES,1,3,NO,96,80,176,93.22,77.77,170.99,6,193
1995,3-Jan,05:00PM,Tue,Milwaukee,19,19,38,26,27,0,53,91,YES,3,1,NO,Utah,24,30,54,43,26,0,69,123,NO,1,3,NO,92,122,214,89.22,119.77,208.99,-12,202
1995,3-Jan,07:30PM,Tue,Portland,28,31,59,25,19,0,44,103,NO,3,0,NO,Atlanta,25,22,47,29,22,0,51,98,YES,0,3,YES,106,95,201,103.22,92.77,195.99,-3,194
1995,3-Jan,06:30PM,Tue,Houston,27,31,58,27,25,0,52,110,NO,3,1,YES,Dallas,26,19,45,23,30,0,53,98,YES,1,3,NO,103,105,208,100.22,102.77,202.99,3.5,205
1995,3-Jan,04:30PM,Tue,San Antonio,19,31,50,21,20,0,41,91,NO,3,1,NO,Golden State,22,27,49,25,12,0,37,86,NO,1,3,YES,99,78,177,96.22,75.77,171.99,0,225
1995,3-Jan,04:30PM,Tue,Detroit,35,25,60,19,17,0,36,96,YES,3,1,NO,LAL,31,17,48,32,25,0,57,105,NO,2,3,YES,108,93,201,105.22,90.77,195.99,-8,209
1995,3-Jan,07:30PM,Tue,Indiana,22,36,58,29,16,0,45,103,YES,3,0,YES,New Jersey,35,32,67,27,20,0,47,114,YES,0,3,YES,125,92,217,122.22,89.77,211.99,4.5,194
1995,3-Jan,07:30PM,Tue,Seattle,30,26,56,34,31,0,65,121,NO,4,0,NO,Washington,29,37,66,18,23,0,41,107,YES,0,3,NO,122,106,228,119.22,103.77,222.99,7.5,205
1995,4-Jan,04:00PM,Wed,Philadelphia,29,27,56,33,33,0,66,122,NO,4,0,NO,Phoenix,34,23,57,32,38,0,70,127,YES,2,0,YES,113,136,249,110.22,133.77,243.99,-12.5,211
1995,4-Jan,07:30PM,Wed,Miami,29,25,54,22,29,8,51,105,NO,4,0,YES,Boston,25,27,52,29,24,12,53,105,NO,1,4,YES,106,104,210,103.22,101.77,204.99,-4,211
1995,4-Jan,07:30PM,Wed,Portland,25,30,55,22,29,0,51,106,NO,0,1,NO,Charlotte,36,30,66,34,18,0,52,118,YES,1,4,YES,121,103,224,118.22,100.77,218.99,-6.5,208
1995,4-Jan,06:30PM,Wed,Denver,19,20,39,25,16,0,41,80,NO,0,2,YES,Chicago,31,25,56,12,18,0,30,86,NO,1,4,NO,95,71,166,92.22,68.77,160.99,-5.5,203
1995,4-Jan,07:30PM,Wed,Seattle,31,28,59,31,26,0,57,116,NO,0,1,NO,Cleveland,21,23,44,22,19,0,41,85,NO,1,4,NO,103,98,201,100.22,95.77,195.99,-2,183
1995,4-Jan,07:30PM,Wed,Washington,30,23,53,15,22,0,37,90,YES,0,1,NO,Indiana,28,34,62,23,9,0,32,94,YES,1,0,YES,115,69,184,112.22,66.77,178.99,-12,199
1995,4-Jan,07:30PM,Wed,Atlanta,27,22,49,16,15,0,31,80,YES,0,1,YES,New York,24,25,49,21,19,0,40,89,YES,1,4,YES,98,71,169,95.22,68.77,163.99,-6,183
1995,4-Jan,07:30PM,Wed,New Jersey,22,35,57,25,28,0,53,110,YES,0,1,YES,Orlando,31,17,48,32,33,0,65,113,NO,1,4,NO,105,118,223,102.22,115.77,217.99,-14,217
1995,5-Jan,04:00PM,Thu,San Antonio,31,20,51,33,20,0,53,104,NO,1,1,NO,Utah,30,17,47,28,28,0,56,103,NO,1,1,NO,98,109,207,95.22,106.77,201.99,-4,212
1995,5-Jan,04:30PM,Thu,Milwaukee,27,29,56,26,29,0,55,111,NO,1,0,NO,Golden State,26,22,48,21,34,0,55,103,NO,4,1,NO,104,110,214,101.22,107.77,208.99,-7,211
1995,5-Jan,06:30PM,Thu,Dallas,22,20,42,25,32,0,57,99,YES,1,0,YES,Houston,25,30,55,25,28,0,53,108,NO,1,1,YES,97,110,207,94.22,107.77,201.99,-10.5,210
1995,5-Jan,04:30PM,Thu,Philadelphia,22,28,50,17,26,0,43,93,NO,0,1,NO,LAC,19,27,46,22,27,0,49,95,NO,1,5,YES,96,92,188,93.22,89.77,182.99,1,0
1995,5-Jan,07:30PM,Thu,Minnesota,20,19,39,24,28,0,52,91,YES,1,0,NO,Miami,27,36,63,31,20,0,51,114,YES,1,0,YES,102,103,205,99.22,100.77,199.99,-8.5,195
1995,5-Jan,04:30PM,Thu,Detroit,21,15,36,23,29,0,52,88,NO,1,2,YES,Sacramento,18,24,42,21,31,0,52,94,NO,1,1,NO,78,104,182,75.22,101.77,176.99,-8.5,198
1995,6-Jan,06:00PM,Fri,Seattle,27,31,58,22,28,0,50,108,NO,1,3,NO,Chicago,30,21,51,22,28,0,50,101,YES,0,1,NO,109,100,209,106.22,97.77,203.99,3,207
1995,6-Jan,07:30PM,Fri,Washington,23,23,46,25,19,0,44,90,NO,1,0,YES,Atlanta,33,27,60,29,23,0,52,112,NO,0,1,YES,106,96,202,103.22,93.77,196.99,-9.5,194
1995,6-Jan,07:30PM,Fri,Portland,21,29,50,30,15,0,45,95,NO,1,0,NO,Boston,23,22,45,24,23,0,47,92,YES,0,1,NO,95,92,187,92.22,89.77,181.99,-1,215
1995,6-Jan,07:30PM,Fri,New York,20,23,43,29,31,0,60,103,YES,1,1,YES,Cleveland,19,28,47,27,19,0,46,93,NO,0,1,NO,90,106,196,87.22,103.77,190.99,-4.5,174
1995,6-Jan,06:30PM,Fri,Indiana,25,28,53,24,15,0,39,92,YES,1,0,NO,Dallas,21,40,61,20,22,0,42,103,YES,2,0,YES,114,81,195,111.22,78.77,189.99,3,206
1995,6-Jan,04:30PM,Fri,Milwaukee,29,17,46,28,24,0,52,98,NO,0,1,NO,LAL,23,31,54,20,32,0,52,106,NO,1,2,NO,100,104,204,97.22,101.77,198.99,-8.5,0
1995,6-Jan,07:30PM,Fri,Charlotte,32,13,45,27,17,0,44,89,YES,1,0,YES,New Jersey,19,22,41,25,22,0,47,88,YES,0,1,YES,86,91,177,83.22,88.77,171.99,,
1995,6-Jan,07:30PM,Fri,Minnesota,24,30,54,26,19,0,45,99,NO,0,1,NO,Orlando,25,31,56,31,34,0,65,121,YES,1,1,NO,110,110,220,107.22,107.77,214.99,-16.5,211
1995,7-Jan,05:00PM,Sat,Phoenix,27,26,53,27,29,0,56,109,YES,2,1,YES,Denver,21,29,50,28,22,0,50,100,NO,0,2,YES,103,106,209,100.22,103.77,203.99,3,218
1995,7-Jan,05:00PM,Sat,Philadelphia,21,26,47,19,24,0,43,90,NO,1,3,YES,Utah,24,21,45,40,26,0,66,111,NO,1,1,NO,92,109,201,89.22,106.77,195.99,-12,0
1995,7-Jan,07:30PM,Sat,New Jersey,21,23,44,19,22,0,41,85,YES,0,2,NO,Atlanta,26,14,40,26,36,0,62,102,YES,2,0,NO,84,103,187,81.22,100.77,181.99,-5,190
1995,7-Jan,07:30PM,Sat,Boston,25,27,52,31,15,0,46,98,YES,0,1,YES,Charlotte,24,30,54,25,27,0,52,106,YES,2,0,YES,106,98,204,103.22,95.77,198.99,-9,217
1995,7-Jan,07:30PM,Sat,Chicago,20,14,34,25,19,0,44,78,YES,0,2,YES,Cleveland,26,21,47,23,22,0,45,92,NO,2,0,NO,81,89,170,78.22,86.77,164.99,-6,177
1995,7-Jan,06:30PM,Sat,Indiana,22,15,37,27,24,0,51,88,NO,0,2,NO,Houston,21,18,39,23,21,0,44,83,NO,3,1,NO,76,95,171,73.22,92.77,165.99,-6,197
1995,7-Jan,04:30PM,Sat,San Antonio,33,22,55,18,30,0,48,103,NO,1,2,YES,LAC,18,28,46,19,23,0,42,88,YES,2,1,NO,101,90,191,98.22,87.77,185.99,10.5,202
1995,7-Jan,04:30PM,Sat,Miami,25,19,44,27,24,0,51,95,YES,1,0,NO,Sacramento,19,20,39,33,24,0,57,96,YES,2,1,NO,83,108,191,80.22,105.77,185.99,-6,202
1995,7-Jan,07:30PM,Sat,Portland,30,34,64,28,22,0,50,114,NO,0,1,YES,Washington,30,24,54,22,29,0,51,105,YES,1,0,YES,118,101,219,115.22,98.77,213.99,7,208
1995,8-Jan,06:00PM,Sun,Minnesota,19,28,47,19,21,0,40,87,NO,1,1,YES,New York,26,27,53,21,28,0,49,102,NO,1,1,YES,100,89,189,97.22,86.77,183.99,-12,191
1995,8-Jan,03:30PM,Sun,Miami,26,25,51,18,36,0,54,105,NO,0,2,NO,LAL,38,31,69,22,31,0,53,122,YES,0,1,NO,120,107,227,117.22,104.77,221.99,-8.5,204
1995,8-Jan,05:00PM,Sun,Milwaukee,23,31,54,16,22,4,38,92,NO,1,0,NO,Denver,21,27,48,26,18,10,44,92,YES,2,0,NO,102,82,184,99.22,79.77,178.99,-7,202
1995,8-Jan,07:00PM,Sun,Orlando,30,25,55,30,23,0,53,108,YES,1,1,NO,Detroit,26,12,38,25,25,0,50,88,NO,1,2,YES,93,103,196,90.22,100.77,190.99,10,214
1995,9-Jan,04:00PM,Mon,Milwaukee,27,30,57,23,22,0,45,102,NO,0,1,YES,Phoenix,33,29,62,30,27,0,57,119,YES,1,1,YES,119,102,221,116.22,99.77,215.99,-13.5,219
1995,9-Jan,04:00PM,Mon,LAL,26,28,54,15,14,0,29,83,YES,0,1,YES,Portland,36,29,65,41,23,0,64,129,NO,1,1,YES,119,93,212,116.22,90.77,206.99,-6,211
1995,9-Jan,05:00PM,Mon,Dallas,24,21,45,18,27,0,45,90,YES,2,1,YES,Utah,32,19,51,31,24,0,55,106,NO,1,1,NO,96,100,196,93.22,97.77,190.99,-10.5,213
1995,9-Jan,07:30PM,Mon,Washington,29,28,57,22,22,0,44,101,YES,1,0,YES,Boston,24,36,60,26,28,0,54,114,NO,1,1,YES,117,98,215,114.22,95.77,209.99,-9,212
1995,10-Jan,06:00PM,Tue,Sacramento,21,26,47,28,23,0,51,98,YES,2,0,NO,Minnesota,22,24,46,19,20,0,39,85,YES,0,1,YES,93,90,183,90.22,87.77,177.99,3,184
1995,10-Jan,06:30PM,Tue,Orlando,15,31,46,13,18,0,31,77,NO,1,0,YES,Chicago,35,24,59,30,20,0,50,109,YES,0,2,YES,105,81,186,102.22,78.77,180.99,5.5,214
1995,10-Jan,07:30PM,Tue,Charlotte,26,27,53,35,14,14,49,102,YES,2,0,YES,Cleveland,25,28,53,29,20,6,49,102,YES,1,2,NO,106,98,204,103.22,95.77,198.99,-3.5,182
1995,10-Jan,07:30PM,Tue,New Jersey,21,23,44,24,16,0,40,84,NO,2,2,NO,Detroit,26,27,53,20,25,0,45,98,YES,0,1,NO,97,85,182,94.22,82.77,176.99,0,194
1995,10-Jan,04:30PM,Tue,Seattle,27,26,53,30,28,17,58,111,NO,3,2,YES,Golden State,28,29,57,24,30,7,54,111,YES,0,4,NO,110,112,222,107.22,109.77,216.99,5,219
1995,10-Jan,06:30PM,Tue,LAC,37,13,50,31,16,0,47,97,YES,2,0,NO,San Antonio,26,28,54,25,29,0,54,108,NO,1,2,YES,104,101,205,101.22,98.77,199.99,-16,203
1995,10-Jan,07:30PM,Tue,Atlanta,32,19,51,21,27,0,48,99,YES,2,2,YES,Washington,28,29,57,11,28,0,39,96,NO,2,0,YES,108,87,195,105.22,84.77,189.99,5.5,0
1995,10-Jan,08:00PM,Tue,Indiana,26,25,51,28,26,0,54,105,NO,2,0,NO,New York,29,26,55,33,29,0,62,117,YES,2,1,NO,106,116,222,103.22,113.77,216.99,-5.5,184
1995,11-Jan,04:00PM,Wed,Golden State,35,14,49,23,20,0,43,92,YES,0,1,NO,Portland,23,37,60,19,25,0,44,104,YES,3,1,NO,109,87,196,106.22,84.77,190.99,-10,219
1995,11-Jan,05:00PM,Wed,Denver,16,20,36,26,26,0,52,88,YES,2,0,YES,Utah,33,25,58,35,21,0,56,114,YES,1,1,NO,94,108,202,91.22,105.77,196.99,-10,203
1995,11-Jan,07:30PM,Wed,Indiana,24,28,52,21,24,0,45,97,NO,0,1,NO,Boston,25,30,55,25,20,0,45,100,NO,1,1,NO,107,90,197,104.22,87.77,191.99,0,204
1995,11-Jan,07:30PM,Wed,Minnesota,24,19,43,25,23,0,48,91,YES,0,1,YES,Charlotte,23,22,45,29,26,0,55,100,NO,2,0,YES,88,103,191,85.22,100.77,185.99,-12.5,200
1995,11-Jan,06:30PM,Wed,LAC,22,29,51,22,20,0,42,93,NO,0,1,NO,Dallas,29,22,51,23,24,0,47,98,YES,0,1,YES,102,89,191,99.22,86.77,185.99,-10.5,202
1995,11-Jan,06:30PM,Wed,Miami,24,23,47,26,24,0,50,97,NO,2,0,NO,Houston,38,18,56,31,21,0,52,108,NO,1,3,NO,103,102,205,100.22,99.77,199.99,-9.5,203
1995,11-Jan,04:30PM,Wed,Phoenix,27,25,52,34,32,0,66,118,YES,1,0,YES,LAL,24,26,50,29,29,0,58,108,NO,1,1,YES,102,124,226,99.22,121.77,220.99,3.5,221
1995,11-Jan,06:30PM,Wed,Sacramento,20,23,43,20,25,0,45,88,NO,0,1,NO,Milwaukee,30,24,54,23,20,0,43,97,NO,1,1,YES,97,88,185,94.22,85.77,179.99,-4,195
1995,11-Jan,07:30PM,Wed,Detroit,27,28,55,23,29,0,52,107,YES,0,1,NO,Orlando,28,39,67,31,26,0,57,124,YES,1,0,YES,122,109,231,119.22,106.77,225.99,-17,212
1995,11-Jan,07:30PM,Wed,Chicago,34,21,55,35,25,0,60,115,YES,0,1,YES,Philadelphia,19,29,48,8,21,0,29,77,NO,1,3,YES,103,89,192,100.22,86.77,186.99,2.5,191
1995,12-Jan,05:00PM,Thu,Dallas,15,19,34,20,24,0,44,78,YES,0,1,YES,Denver,23,24,47,22,25,0,47,94,NO,1,0,YES,81,91,172,78.22,88.77,166.99,-7,206
1995,12-Jan,04:00PM,Thu,Cleveland,29,24,53,29,25,0,54,107,YES,1,1,NO,Phoenix,24,24,48,17,31,0,48,96,YES,1,0,YES,101,102,203,98.22,99.77,197.99,-7.5,198
1995,12-Jan,06:00PM,Thu,Miami,31,21,52,29,27,0,56,108,NO,0,1,NO,San Antonio,26,31,57,28,28,0,56,113,YES,0,1,NO,109,112,221,106.22,109.77,215.99,-10.5,0
1995,13-Jan,06:00PM,Fri,Detroit,18,24,42,26,24,0,50,92,NO,1,2,NO,Minnesota,17,28,45,30,29,0,59,104,YES,0,1,YES,87,109,196,84.22,106.77,190.99,-3,185
1995,13-Jan,07:00PM,Fri,LAC,33,26,59,18,24,0,42,101,NO,1,0,YES,Seattle,28,32,60,23,25,0,48,108,NO,1,2,YES,119,90,209,116.22,87.77,203.99,-17,207
1995,13-Jan,07:30PM,Fri,Orlando,34,23,57,21,23,0,44,101,YES,1,0,YES,Atlanta,23,27,50,20,26,0,46,96,NO,2,2,YES,107,90,197,104.22,87.77,191.99,5,209
1995,13-Jan,06:30PM,Fri,Sacramento,33,14,47,18,24,0,42,89,NO,1,1,NO,Chicago,22,26,48,19,12,0,31,79,YES,0,1,YES,95,73,168,92.22,70.77,162.99,-7,190
1995,13-Jan,06:30PM,Fri,San Antonio,27,30,57,20,23,0,43,100,YES,0,1,YES,Houston,35,23,58,27,18,0,45,103,YES,0,1,NO,115,88,203,112.22,85.77,197.99,-5,0
1995,13-Jan,04:30PM,Fri,Golden State,32,10,42,32,30,0,62,104,NO,1,0,YES,LAL,25,30,55,35,25,0,60,115,NO,2,1,NO,97,122,219,94.22,119.77,213.99,-6,213
1995,13-Jan,06:30PM,Fri,New York,27,18,45,22,24,0,46,91,YES,2,0,YES,Milwaukee,32,25,57,19,12,0,31,88,YES,0,1,NO,102,77,179,99.22,74.77,173.99,4.5,191
1995,13-Jan,07:30PM,Fri,New Jersey,21,25,46,32,32,0,64,110,NO,2,0,YES,Philadelphia,19,31,50,29,22,0,51,101,YES,0,1,NO,96,115,211,93.22,112.77,205.99,1,186
1995,13-Jan,07:30PM,Fri,Indiana,32,26,58,34,21,0,55,113,NO,1,0,YES,Washington,27,26,53,23,23,0,46,99,NO,2,2,NO,111,101,212,108.22,98.77,206.99,7,197
1995,13-Jan,08:00PM,Fri,Utah,21,23,44,25,26,0,51,95,YES,1,0,NO,Boston,20,22,42,31,20,0,51,93,NO,1,1,NO,86,102,188,83.22,99.77,182.99,4,205
1995,14-Jan,05:00PM,Sat,Houston,22,22,44,31,29,0,60,104,YES,0,1,NO,Denver,30,26,56,21,41,0,62,118,YES,1,1,NO,100,122,222,97.22,119.77,216.99,2,194
1995,14-Jan,07:30PM,Sat,Chicago,28,25,53,13,19,0,32,85,YES,0,1,NO,Charlotte,29,25,54,23,19,0,42,96,YES,2,2,NO,107,74,181,104.22,71.77,175.99,-6,199
1995,14-Jan,06:30PM,Sat,Miami,29,22,51,15,18,0,33,84,NO,1,1,NO,Dallas,19,23,42,16,19,0,35,77,YES,0,1,YES,93,68,161,90.22,65.77,155.99,-4,209
1995,14-Jan,04:30PM,Sat,Cleveland,24,24,48,15,21,19,36,84,NO,1,2,NO,Golden State,29,14,43,23,18,13,41,84,NO,1,0,YES,91,77,168,88.22,74.77,162.99,3.5,194
1995,14-Jan,07:30PM,Sat,Milwaukee,28,28,56,22,19,0,41,97,YES,0,3,NO,Indiana,32,22,54,19,22,0,41,95,NO,1,0,YES,110,82,192,107.22,79.77,186.99,-11,194
1995,14-Jan,04:30PM,Sat,Phoenix,32,38,70,35,29,0,64,134,YES,1,2,YES,LAC,16,26,42,29,37,0,66,108,YES,1,0,YES,112,130,242,109.22,127.77,236.99,11,210
1995,14-Jan,07:30PM,Sat,Minnesota,25,22,47,20,17,0,37,84,YES,0,1,YES,New Jersey,15,24,39,29,25,0,54,93,YES,1,0,YES,86,91,177,83.22,88.77,171.99,-8.5,189
1995,14-Jan,07:30PM,Sat,Utah,19,27,46,23,17,0,40,86,NO,0,1,NO,New York,19,25,44,20,17,0,37,81,NO,1,0,YES,90,77,167,87.22,74.77,161.99,-3,191
1995,14-Jan,07:30PM,Sat,Philadelphia,21,15,36,16,18,0,34,70,YES,0,1,YES,Orlando,21,21,42,29,20,0,49,91,NO,2,0,YES,78,83,161,75.22,80.77,155.99,-15,211
1995,15-Jan,06:00PM,Sun,Portland,35,30,65,24,35,0,59,124,YES,3,1,NO,Seattle,29,38,67,37,27,0,64,131,NO,1,1,NO,132,123,255,129.22,120.77,249.99,-7,216
1995,15-Jan,07:00PM,Sun,Sacramento,25,21,46,27,24,0,51,97,NO,1,1,YES,Boston,31,31,62,13,23,0,36,98,NO,1,1,NO,108,87,195,105.22,84.77,189.99,-5,197
1995,15-Jan,06:00PM,Sun,Dallas,25,25,50,28,30,0,58,108,YES,0,2,YES,San Antonio,20,32,52,23,28,0,51,103,YES,1,1,YES,102,109,211,99.22,106.77,205.99,-10.5,210
1995,16-Jan,01:00PM,Mon,New Jersey,22,19,41,22,27,0,49,90,YES,1,3,NO,New York,31,31,62,22,23,0,45,107,YES,2,1,NO,103,94,197,100.22,91.77,191.99,-8.5,188
1995,16-Jan,01:00PM,Mon,Chicago,29,23,52,27,22,0,49,101,NO,1,1,YES,Washington,24,29,53,28,28,0,56,109,YES,2,2,NO,105,105,210,102.22,102.77,204.99,6,0
1995,16-Jan,10:30AM,Mon,LAC,23,24,47,20,21,0,41,88,YES,1,1,YES,LAL,19,21,40,19,37,0,56,96,YES,1,2,NO,87,97,184,84.22,94.77,178.99,-10.5,204
1995,16-Jan,11:00AM,Mon,Denver,18,15,33,21,19,0,40,73,YES,1,0,NO,Golden State,22,21,43,19,15,0,34,77,YES,2,1,NO,76,74,150,73.22,71.77,144.99,-3,203
1995,16-Jan,02:00PM,Mon,Detroit,26,25,51,38,27,0,65,116,NO,2,1,YES,Philadelphia,29,21,50,32,28,0,60,110,YES,1,1,YES,101,125,226,98.22,122.77,220.99,-5.5,189
1995,16-Jan,03:30PM,Mon,Miami,30,25,55,20,20,0,40,95,NO,1,1,YES,Atlanta,31,21,52,27,20,0,47,99,NO,1,2,NO,107,87,194,104.22,84.77,188.99,-5.5,0
1995,16-Jan,06:00PM,Mon,Utah,17,20,37,31,25,6,56,93,NO,1,1,NO,Indiana,20,28,48,28,17,5,45,93,NO,1,1,NO,85,101,186,82.22,98.77,180.99,-1,194
1995,16-Jan,06:00PM,Mon,Houston,22,25,47,14,14,0,28,75,NO,1,2,YES,Minnesota,23,22,45,22,27,0,49,94,NO,2,1,YES,92,77,169,89.22,74.77,163.99,8,188
1995,17-Jan,04:00PM,Tue,Denver,35,26,61,30,22,0,52,113,NO,0,2,YES,Phoenix,36,33,69,25,35,0,60,129,YES,1,2,YES,130,112,242,127.22,109.77,236.99,-12,217
1995,17-Jan,07:00PM,Tue,Cleveland,14,25,39,25,27,0,52,91,NO,2,0,NO,Seattle,31,25,56,29,30,0,59,115,YES,1,1,NO,95,111,206,92.22,108.77,200.99,-6.5,191
1995,17-Jan,07:30PM,Tue,San Antonio,22,35,57,16,28,0,44,101,YES,1,0,NO,Boston,15,29,44,25,23,0,48,92,YES,0,1,NO,101,92,193,98.22,89.77,187.99,9,210
1995,17-Jan,07:30PM,Tue,Charlotte,21,25,46,25,27,0,52,98,YES,2,0,YES,Orlando,29,27,56,23,30,0,53,109,YES,0,2,NO,102,105,207,99.22,102.77,201.99,-7,216
1995,17-Jan,04:30PM,Tue,Portland,25,27,52,22,14,0,36,88,NO,1,1,YES,Sacramento,22,27,49,17,29,0,46,95,NO,1,1,YES,101,82,183,98.22,79.77,177.99,-1.5,198
1995,18-Jan,07:30PM,Wed,Philadelphia,26,21,47,20,25,0,45,92,YES,1,1,NO,Atlanta,15,18,33,24,23,0,47,80,YES,1,1,NO,80,92,172,77.22,89.77,166.99,-9.5,188
1995,18-Jan,07:30PM,Wed,San Antonio,29,23,52,28,30,0,58,110,NO,0,1,NO,Charlotte,23,36,59,38,14,0,52,111,NO,1,0,YES,111,110,221,108.22,107.77,215.99,-4,208
1995,18-Jan,06:30PM,Wed,Milwaukee,25,27,52,22,23,0,45,97,NO,3,0,YES,Chicago,30,27,57,18,18,0,36,93,NO,1,1,YES,109,81,190,106.22,78.77,184.99,-7.5,194
1995,18-Jan,06:30PM,Wed,Orlando,32,27,59,19,30,0,49,108,YES,0,1,NO,Dallas,23,23,46,24,27,0,51,97,NO,1,2,YES,105,100,205,102.22,97.77,199.99,5.5,213
1995,18-Jan,07:30PM,Wed,Utah,24,21,45,31,23,0,54,99,NO,1,1,YES,Detroit,14,24,38,24,24,0,48,86,NO,1,1,YES,83,102,185,80.22,99.77,179.99,9.5,193
1995,18-Jan,07:30PM,Wed,LAL,18,31,49,26,30,0,56,105,YES,1,1,NO,Indiana,28,32,60,25,21,0,46,106,NO,1,1,NO,109,102,211,106.22,99.77,205.99,-6,201
1995,18-Jan,04:30PM,Wed,Cleveland,19,22,41,16,26,0,42,83,NO,0,1,NO,LAC,23,18,41,20,31,0,51,92,NO,1,1,YES,82,93,175,79.22,90.77,169.99,9.5,180
1995,18-Jan,07:30PM,Wed,Boston,20,24,44,25,24,0,49,93,YES,0,1,YES,Miami,29,32,61,31,29,0,60,121,NO,1,1,YES,105,109,214,102.22,106.77,208.99,-4.5,211
1995,19-Jan,06:00PM,Thu,New York,23,24,47,16,30,0,46,93,YES,2,0,NO,Houston,17,25,42,17,18,0,35,77,YES,0,2,YES,89,81,170,86.22,78.77,164.99,-5,189
1995,19-Jan,06:00PM,Thu,Seattle,24,29,53,26,23,0,49,102,YES,1,1,NO,Minnesota,26,31,57,17,13,0,30,87,YES,0,2,NO,110,79,189,107.22,76.77,183.99,10.5,198
1995,19-Jan,04:00PM,Thu,Phoenix,29,30,59,26,37,0,63,122,YES,1,2,YES,Portland,27,34,61,19,35,0,54,115,YES,0,1,YES,120,117,237,117.22,114.77,231.99,-1,218
1995,19-Jan,06:30PM,Thu,Washington,35,24,59,30,26,0,56,115,YES,2,0,YES,Milwaukee,28,33,61,31,28,0,59,120,NO,1,0,YES,120,115,235,117.22,112.77,229.99,-6,201
1995,19-Jan,04:30PM,Thu,Golden State,37,21,58,21,24,0,45,103,YES,2,4,YES,Sacramento,21,29,50,26,36,0,62,112,YES,1,1,NO,108,107,215,105.22,104.77,209.99,-5.5,0
1995,20-Jan,04:00PM,Fri,Orlando,30,31,61,18,20,13,38,99,NO,1,1,NO,Denver,27,29,56,20,23,9,43,99,NO,0,2,YES,117,81,198,114.22,78.77,192.99,4,213
1995,20-Jan,05:00PM,Fri,Cleveland,19,14,33,28,23,0,51,84,NO,1,0,NO,Utah,21,28,49,19,26,0,45,94,NO,2,1,YES,82,96,178,79.22,93.77,172.99,-8,183
1995,20-Jan,07:30PM,Fri,LAL,30,32,62,27,31,0,58,120,NO,1,0,NO,Boston,27,21,48,39,31,0,70,118,YES,0,1,YES,110,128,238,107.22,125.77,232.99,0,209
1995,20-Jan,07:30PM,Fri,New Jersey,25,29,54,22,21,0,43,97,NO,3,1,YES,Charlotte,32,28,60,20,19,0,39,99,YES,1,1,NO,114,82,196,111.22,79.77,190.99,,
1995,20-Jan,06:30PM,Fri,Minnesota,16,25,41,18,27,0,45,86,YES,0,1,YES,Chicago,20,23,43,26,24,0,50,93,NO,1,1,NO,84,95,179,81.22,92.77,173.99,-9.5,186
1995,20-Jan,06:30PM,Fri,New York,35,20,55,26,25,0,51,106,NO,0,1,NO,Dallas,26,28,54,17,22,0,39,93,NO,0,1,NO,109,90,199,106.22,87.77,193.99,2.5,192
1995,20-Jan,07:30PM,Fri,Atlanta,19,29,48,23,18,0,41,89,YES,1,0,YES,Indiana,27,25,52,19,28,0,47,99,NO,1,1,NO,100,88,188,97.22,85.77,182.99,-8,184
1995,20-Jan,04:30PM,Fri,Portland,29,29,58,30,20,0,50,108,YES,0,1,YES,LAC,20,23,43,34,20,0,54,97,NO,0,1,NO,101,104,205,98.22,101.77,199.99,7.5,197
1995,20-Jan,07:30PM,Fri,San Antonio,23,23,46,32,25,12,57,103,NO,1,1,NO,Miami,24,34,58,18,27,11,45,103,NO,1,1,NO,104,102,206,101.22,99.77,200.99,3,213
1995,20-Jan,07:30PM,Fri,Philadelphia,32,20,52,28,18,0,46,98,NO,1,0,YES,Washington,27,25,52,26,24,0,50,102,YES,1,0,YES,104,96,200,101.22,93.77,194.99,-3.5,197
1995,20-Jan,08:00PM,Fri,Houston,29,24,53,23,30,0,53,106,YES,0,1,NO,Detroit,19,21,40,30,26,0,56,96,YES,0,1,NO,93,109,202,90.22,106.77,196.99,8,192
1995,21-Jan,05:00PM,Sat,Cleveland,10,29,39,29,15,18,44,83,NO,0,1,YES,Denver,15,20,35,25,23,17,48,83,YES,2,0,NO,74,92,166,71.22,89.77,160.99,-1.5,183
1995,21-Jan,07:30PM,Sat,Boston,22,30,52,14,18,0,32,84,YES,0,2,NO,Atlanta,22,24,46,21,22,0,43,89,YES,3,0,YES,98,75,173,95.22,72.77,167.99,-6,198
1995,21-Jan,06:30PM,Sat,Seattle,30,26,56,36,25,0,61,117,NO,1,2,YES,Dallas,31,12,43,20,28,0,48,91,YES,1,0,NO,99,109,208,96.22,106.77,202.99,6.5,209
1995,21-Jan,04:30PM,Sat,Sacramento,19,24,43,20,29,0,49,92,YES,1,0,NO,LAC,25,23,48,14,24,0,38,86,YES,1,0,NO,91,87,178,88.22,84.77,172.99,6,187
1995,21-Jan,06:30PM,Sat,Detroit,37,24,61,23,16,0,39,100,YES,0,2,YES,Milwaukee,23,38,61,30,29,0,59,120,NO,2,1,NO,122,98,220,119.22,95.77,214.99,-10,196
1995,21-Jan,07:30PM,Sat,LAL,28,25,53,36,21,3,57,110,NO,0,1,NO,Philadelphia,25,29,54,22,34,7,56,110,YES,2,0,YES,107,113,220,104.22,110.77,214.99,4,202
1995,22-Jan,11:00AM,Sun,Houston,27,13,40,24,17,0,41,81,NO,1,1,NO,Chicago,28,19,47,26,27,0,53,100,NO,1,1,NO,87,94,181,84.22,91.77,175.99,0,190
1995,22-Jan,10:30AM,Sun,Orlando,24,28,52,22,28,8,50,102,NO,1,1,YES,Phoenix,23,39,62,26,14,9,40,102,YES,1,2,YES,114,90,204,111.22,87.77,198.99,-4,227
1995,22-Jan,02:00PM,Sun,Washington,20,25,45,37,27,0,64,109,YES,1,3,YES,New Jersey,22,27,49,26,28,0,54,103,YES,1,1,YES,94,118,212,91.22,115.77,206.99,-6,208
1995,22-Jan,02:30PM,Sun,San Antonio,19,28,47,20,26,0,46,93,NO,1,1,NO,Indiana,27,29,56,21,21,0,42,98,YES,1,1,NO,103,88,191,100.22,85.77,185.99,-1.5,200
1995,22-Jan,01:30PM,Sun,Charlotte,16,23,39,22,22,0,44,83,YES,1,0,YES,Minnesota,30,23,53,27,20,0,47,100,NO,1,1,YES,92,91,183,89.22,88.77,177.99,6.5,190
1995,22-Jan,04:00PM,Sun,Sacramento,17,20,37,28,22,0,50,87,NO,0,1,YES,Portland,27,23,50,22,31,0,53,103,YES,1,1,YES,87,103,190,84.22,100.77,184.99,-8.5,198
1995,22-Jan,07:30PM,Sun,New York,30,19,49,24,31,0,55,104,NO,1,1,YES,Miami,25,30,55,19,21,0,40,95,NO,1,1,NO,104,95,199,101.22,92.77,193.99,4,196
1995,23-Jan,05:00PM,Mon,Dallas,27,29,56,28,27,0,55,111,YES,1,0,NO,Utah,24,25,49,33,34,0,67,116,NO,1,2,NO,105,122,227,102.22,119.77,221.99,-12.5,202
1995,23-Jan,07:30PM,Mon,LAL,29,27,56,26,26,0,52,108,NO,1,1,YES,Charlotte,34,25,59,20,23,0,43,102,NO,1,0,YES,115,95,210,112.22,92.77,204.99,-5,214
1995,23-Jan,07:30PM,Mon,LAC,26,10,36,22,10,0,32,68,YES,1,1,NO,Cleveland,20,29,49,24,17,0,41,90,YES,2,1,YES,85,73,158,82.22,70.77,152.99,-13.5,0
1995,24-Jan,06:00PM,Tue,San Antonio,28,12,40,34,19,11,53,93,NO,1,1,YES,Chicago,19,21,40,26,27,9,53,93,YES,1,1,NO,80,106,186,77.22,103.77,180.99,3,196
1995,24-Jan,06:00PM,Tue,Phoenix,23,31,54,24,22,0,46,100,YES,1,1,NO,Minnesota,22,24,46,22,17,0,39,85,YES,2,1,NO,100,85,185,97.22,82.77,179.99,9.5,206
1995,24-Jan,07:00PM,Tue,Denver,25,25,50,20,19,0,39,89,YES,2,2,YES,Seattle,26,32,58,24,29,0,53,111,NO,1,2,YES,108,92,200,105.22,89.77,194.99,-13,211
1995,24-Jan,07:30PM,Tue,Philadelphia,20,23,43,35,27,0,62,105,YES,2,0,YES,Detroit,26,34,60,29,27,0,56,116,NO,1,2,YES,103,118,221,100.22,115.77,215.99,0,195
1995,24-Jan,04:30PM,Tue,New Jersey,31,28,59,27,20,0,47,106,YES,1,0,NO,Golden State,21,29,50,27,16,0,43,93,YES,1,4,YES,109,90,199,106.22,87.77,193.99,-1,200
1995,24-Jan,07:30PM,Tue,Indiana,33,18,51,17,28,0,45,96,YES,1,1,YES,Miami,28,28,56,25,26,0,51,107,YES,2,1,NO,107,96,203,104.22,93.77,197.99,3,198
1995,24-Jan,06:30PM,Tue,Houston,29,24,53,26,36,0,62,115,NO,1,1,NO,Milwaukee,18,26,44,32,23,0,55,99,YES,0,2,NO,97,117,214,94.22,114.77,208.99,2.5,197
1995,24-Jan,07:30PM,Tue,Portland,31,24,55,28,16,0,44,99,YES,1,1,NO,New York,33,20,53,26,26,0,52,105,NO,1,1,YES,108,96,204,105.22,93.77,198.99,-5,199
1995,24-Jan,07:30PM,Tue,Boston,22,23,45,25,27,0,52,97,NO,2,0,YES,Orlando,24,24,48,31,31,0,62,110,NO,1,1,YES,93,114,207,90.22,111.77,201.99,-13,217
1995,24-Jan,04:30PM,Tue,Dallas,24,22,46,23,23,17,46,92,NO,0,2,YES,Sacramento,27,22,49,29,14,18,43,92,YES,0,1,YES,95,89,184,92.22,86.77,178.99,-7,195
1995,25-Jan,05:00PM,Wed,Sacramento,19,23,42,25,21,0,46,88,YES,0,2,NO,Utah,35,33,68,28,34,0,62,130,YES,0,1,NO,110,108,218,107.22,105.77,212.99,-7,194
1995,25-Jan,07:30PM,Wed,LAC,24,22,46,24,37,0,61,107,NO,1,0,NO,Boston,23,16,39,20,39,0,59,98,NO,1,0,YES,85,120,205,82.22,117.77,199.99,-9.5,195
1995,25-Jan,07:30PM,Wed,Atlanta,28,27,55,21,27,0,48,103,YES,3,0,YES,Charlotte,22,27,49,21,26,0,47,96,NO,1,1,NO,104,95,199,101.22,92.77,193.99,-7,193
1995,25-Jan,04:30PM,Wed,New Jersey,27,29,56,20,32,8,52,108,NO,0,1,NO,LAL,32,20,52,36,20,12,56,108,YES,2,1,YES,108,108,216,105.22,105.77,210.99,-7,206
1995,25-Jan,07:30PM,Wed,Milwaukee,26,31,57,20,21,0,41,98,YES,0,1,YES,Philadelphia,29,25,54,15,28,0,43,97,NO,1,0,YES,111,84,195,108.22,81.77,189.99,-2,198
1995,26-Jan,07:00PM,Thu,Utah,28,28,56,29,35,0,64,120,YES,0,1,YES,Seattle,21,35,56,29,23,0,52,108,NO,1,1,NO,112,116,228,109.22,113.77,222.99,-6.5,209
1995,26-Jan,07:30PM,Thu,Cleveland,21,19,40,21,16,0,37,77,YES,2,0,YES,Atlanta,12,17,29,22,17,0,39,68,NO,1,0,YES,69,76,145,66.22,73.77,139.99,-2,172
1995,26-Jan,07:30PM,Thu,Portland,27,30,57,23,26,0,49,106,NO,1,0,NO,Detroit,26,18,44,18,27,0,45,89,NO,1,1,NO,101,94,195,98.22,91.77,189.99,8.5,0
1995,26-Jan,07:30PM,Thu,Phoenix,24,18,42,30,20,0,50,92,NO,1,0,NO,Indiana,18,22,40,20,26,0,46,86,NO,1,1,YES,82,96,178,79.22,93.77,172.99,0,210
1995,26-Jan,07:30PM,Thu,LAC,14,15,29,25,20,0,45,74,NO,0,1,NO,New York,19,22,41,20,26,0,46,87,YES,0,1,NO,70,91,161,67.22,88.77,155.99,-14.5,189
1995,26-Jan,06:30PM,Thu,Houston,24,24,48,27,25,0,52,100,NO,1,1,YES,San Antonio,24,24,48,29,26,0,55,103,NO,1,1,YES,96,107,203,93.22,104.77,197.99,-5,202
1995,26-Jan,07:30PM,Thu,Golden State,23,26,49,24,34,14,58,107,YES,1,0,NO,Washington,27,28,55,24,28,11,52,107,NO,1,3,YES,104,110,214,101.22,107.77,208.99,-4,212
1995,26-Jan,08:00PM,Thu,Chicago,28,21,49,26,24,0,50,99,YES,1,2,YES,Orlando,23,23,46,27,29,0,56,102,NO,1,1,NO,95,106,201,92.22,103.77,195.99,-10.5,206
1995,27-Jan,05:00PM,Fri,New Jersey,21,18,39,24,27,0,51,90,NO,1,0,NO,Denver,26,21,47,27,22,0,49,96,YES,0,2,YES,86,100,186,83.22,97.77,180.99,-5,200
1995,27-Jan,07:30PM,Fri,Golden State,27,31,58,22,11,0,33,91,NO,0,1,NO,Boston,30,24,54,26,37,0,63,117,NO,4,1,NO,112,96,208,109.22,93.77,202.99,-6,211
1995,27-Jan,07:30PM,Fri,Portland,18,18,36,28,23,0,51,87,NO,0,2,YES,Cleveland,20,17,37,11,29,0,40,77,NO,2,0,YES,73,91,164,70.22,88.77,158.99,0,180
1995,27-Jan,06:30PM,Fri,Minnesota,28,33,61,23,18,0,41,102,YES,2,0,NO,Dallas,23,27,50,22,22,0,44,94,NO,0,2,YES,111,85,196,108.22,82.77,190.99,-7.5,188
1995,27-Jan,06:30PM,Fri,Miami,23,20,43,23,30,0,53,96,YES,2,0,NO,Milwaukee,31,18,49,13,25,0,38,87,YES,0,1,YES,92,91,183,89.22,88.77,177.99,-4.5,204
1995,27-Jan,07:30PM,Fri,Phoenix,21,34,55,30,23,0,53,108,NO,0,1,NO,Philadelphia,37,20,57,28,22,0,50,107,YES,0,1,NO,112,103,215,109.22,100.77,209.99,7.5,210
1995,27-Jan,08:00PM,Fri,New York,18,27,45,26,19,0,45,90,YES,0,1,YES,Charlotte,34,28,62,26,17,0,43,105,YES,0,1,NO,107,88,195,104.22,85.77,189.99,-2.5,194
1995,28-Jan,12:30PM,Sat,LAL,25,32,57,29,25,17,54,111,YES,2,2,YES,Seattle,39,26,65,28,18,10,46,111,YES,1,1,NO,122,100,222,119.22,97.77,216.99,-9.5,220
1995,28-Jan,05:00PM,Sat,New Jersey,30,25,55,19,20,0,39,94,NO,0,1,NO,Utah,21,39,60,27,24,0,51,111,NO,1,1,YES,115,90,205,112.22,87.77,199.99,-13.5,203
1995,28-Jan,07:30PM,Sat,Charlotte,24,18,42,32,28,0,60,102,YES,0,2,NO,Atlanta,19,30,49,20,24,0,44,93,YES,1,1,NO,91,104,195,88.22,101.77,189.99,0,191
1995,28-Jan,06:30PM,Sat,Sacramento,17,20,37,25,25,0,50,87,NO,2,2,YES,Dallas,29,19,48,18,18,0,36,84,YES,2,0,NO,85,86,171,82.22,83.77,165.99,-3,193
1995,28-Jan,07:30PM,Sat,Miami,26,21,47,19,19,0,38,85,NO,0,1,YES,Detroit,15,24,39,22,28,0,50,89,NO,1,1,NO,86,88,174,83.22,85.77,168.99,0,201
1995,28-Jan,06:30PM,Sat,Minnesota,20,21,41,24,28,0,52,93,NO,0,1,NO,Houston,34,25,59,28,27,0,55,114,NO,2,1,YES,100,107,207,97.22,104.77,201.99,-13.5,189
1995,28-Jan,07:30PM,Sat,Philadelphia,16,35,51,16,28,8,44,95,YES,0,1,YES,Indiana,20,31,51,18,26,11,44,95,NO,3,1,NO,102,88,190,99.22,85.77,184.99,-10,193
1995,28-Jan,07:30PM,Sat,Milwaukee,28,25,53,29,21,0,50,103,YES,0,2,YES,Orlando,28,28,56,24,27,0,51,107,NO,4,1,NO,109,101,210,106.22,98.77,204.99,-13,209
1995,28-Jan,06:30PM,Sat,Denver,20,16,36,20,21,0,41,77,YES,0,2,NO,San Antonio,23,33,56,17,30,0,47,103,YES,2,1,NO,92,88,180,89.22,85.77,174.99,-10.5,204
1995,28-Jan,07:30PM,Sat,LAC,30,17,47,25,15,0,40,87,NO,1,1,NO,Washington,23,19,42,20,31,0,51,93,NO,2,1,NO,89,91,180,86.22,88.77,174.99,-6.5,197
1995,29-Jan,12:00PM,Sun,Phoenix,24,18,42,16,30,0,46,88,NO,1,0,NO,New York,28,22,50,29,28,0,57,107,NO,1,1,YES,92,103,195,89.22,100.77,189.99,-3,206
1995,29-Jan,12:30PM,Sun,Golden State,13,26,39,26,29,0,55,94,NO,1,1,NO,Chicago,35,34,69,33,14,0,47,116,YES,1,2,YES,108,102,210,105.22,99.77,204.99,-7.5,197
1995,30-Jan,04:00PM,Mon,New Jersey,20,30,50,26,23,0,49,99,NO,1,1,YES,Portland,25,19,44,21,33,0,54,98,NO,1,2,YES,94,103,197,91.22,100.77,191.99,-9.5,201
1995,30-Jan,05:00PM,Mon,Minnesota,20,23,43,18,19,0,37,80,NO,1,1,YES,Utah,29,30,59,25,31,0,56,115,NO,1,1,NO,102,93,195,99.22,90.77,189.99,-15,197
1995,30-Jan,07:30PM,Mon,Phoenix,25,16,41,27,21,0,48,89,NO,0,1,YES,Cleveland,18,25,43,21,18,0,39,82,YES,1,2,NO,84,87,171,81.22,84.77,165.99,3,0
1995,30-Jan,07:30PM,Mon,LAC,23,21,44,29,22,0,51,95,NO,1,3,NO,Detroit,21,27,48,32,22,0,54,102,YES,1,1,NO,92,105,197,89.22,102.77,191.99,-4.5,189
1995,30-Jan,07:30PM,Mon,Atlanta,22,23,45,14,36,0,50,95,YES,1,1,YES,Miami,26,26,52,26,14,0,40,92,NO,1,1,YES,97,90,187,94.22,87.77,181.99,-4,0
1995,30-Jan,07:30PM,Mon,Seattle,21,30,51,18,40,0,58,109,YES,1,2,NO,Philadelphia,33,20,53,28,23,0,51,104,NO,1,1,YES,104,109,213,101.22,106.77,207.99,10,210
1995,31-Jan,06:30PM,Tue,Denver,14,20,34,20,20,0,40,74,NO,2,0,NO,Houston,24,22,46,25,15,0,40,86,NO,1,2,NO,80,80,160,77.22,77.77,154.99,-10,197
1995,31-Jan,04:30PM,Tue,Chicago,31,23,54,37,28,0,65,119,YES,1,1,NO,LAL,36,26,62,23,30,0,53,115,YES,0,2,YES,116,118,234,113.22,115.77,228.99,-5,203
1995,31-Jan,06:30PM,Tue,Dallas,28,24,52,27,26,0,53,105,YES,2,0,NO,Milwaukee,21,31,52,22,33,0,55,107,YES,0,2,YES,104,108,212,101.22,105.77,206.99,-6,197
1995,31-Jan,07:30PM,Tue,Golden State,20,18,38,25,24,0,49,87,NO,1,0,NO,New York,21,15,36,29,25,0,54,90,YES,2,1,NO,74,103,177,71.22,100.77,171.99,-12,196
1995,31-Jan,04:30PM,Tue,San Antonio,24,27,51,20,26,0,46,97,YES,2,0,NO,Sacramento,24,25,49,20,27,0,47,96,NO,1,2,YES,100,93,193,97.22,90.77,187.99,3,192
1995,31-Jan,08:00PM,Tue,Charlotte,23,33,56,23,18,0,41,97,NO,2,0,NO,Washington,23,23,46,19,23,0,42,88,YES,0,2,NO,102,83,185,99.22,80.77,179.99,5,210
1995,1-Feb,06:00PM,Wed,Dallas,31,24,55,20,29,0,49,104,NO,0,1,YES,Minnesota,21,14,35,28,20,0,48,83,NO,1,1,YES,90,97,187,87.22,94.77,181.99,-3.5,186
1995,1-Feb,04:00PM,Wed,LAL,29,25,54,24,31,0,55,109,YES,0,1,YES,Phoenix,23,37,60,25,33,0,58,118,NO,1,1,YES,114,113,227,111.22,110.77,221.99,-11,229
1995,1-Feb,04:00PM,Wed,San Antonio,31,22,53,27,31,0,58,111,NO,0,1,NO,Portland,25,25,50,30,27,0,57,107,YES,1,1,NO,103,115,218,100.22,112.77,212.99,-5,204
1995,1-Feb,05:00PM,Wed,Denver,13,26,39,26,23,0,49,88,NO,0,1,NO,Utah,35,28,63,34,32,0,66,129,YES,0,1,NO,102,115,217,99.22,112.77,211.99,-14,199
1995,1-Feb,07:30PM,Wed,Golden State,17,24,41,18,40,0,58,99,NO,0,1,YES,Atlanta,29,19,48,27,36,0,63,111,NO,1,1,YES,89,121,210,86.22,118.77,204.99,-7.5,193
1995,1-Feb,07:30PM,Wed,Charlotte,27,28,55,31,14,0,45,100,NO,0,1,YES,Boston,20,28,48,23,22,0,45,93,YES,2,4,NO,103,90,193,100.22,87.77,187.99,3,206
1995,1-Feb,07:30PM,Wed,Cleveland,24,16,40,12,30,0,42,82,YES,1,0,NO,Indiana,32,25,57,24,20,0,44,101,NO,1,3,NO,97,86,183,94.22,83.77,177.99,-6,168
1995,1-Feb,07:30PM,Wed,Detroit,13,23,36,25,14,0,39,75,YES,1,0,YES,Miami,26,28,54,24,20,0,44,98,YES,1,1,NO,90,83,173,87.22,80.77,167.99,-6.5,205
1995,1-Feb,07:30PM,Wed,Milwaukee,16,19,35,26,16,0,42,77,YES,0,1,NO,New Jersey,26,20,46,28,21,0,49,95,NO,2,1,YES,81,91,172,78.22,88.77,166.99,-5,198
1995,1-Feb,07:30PM,Wed,Washington,25,27,52,24,13,0,37,89,YES,0,1,YES,Philadelphia,27,22,49,24,25,0,49,98,NO,1,1,NO,101,86,187,98.22,83.77,181.99,-4,206
1995,2-Feb,07:30PM,Thu,Cleveland,18,23,41,21,21,0,42,83,NO,0,1,YES,Detroit,22,10,32,32,21,0,53,85,NO,1,0,YES,73,95,168,70.22,92.77,162.99,3,174
1995,2-Feb,06:30PM,Thu,Utah,26,21,47,24,30,0,54,101,YES,0,1,NO,Houston,28,26,54,21,46,0,67,121,YES,2,1,NO,101,121,222,98.22,118.77,216.99,-3.5,197
1995,2-Feb,04:30PM,Thu,Chicago,22,22,44,11,13,0,24,68,NO,1,0,NO,Sacramento,22,24,46,17,25,0,42,88,YES,1,1,NO,90,66,156,87.22,63.77,150.99,2,188
1995,2-Feb,08:00PM,Thu,Seattle,25,28,53,28,25,0,53,106,NO,2,0,NO,Orlando,25,27,52,27,24,0,51,103,YES,0,4,NO,105,104,209,102.22,101.77,203.99,-4,218
1995,3-Feb,06:00PM,Fri,Portland,26,23,49,31,32,0,63,112,YES,1,2,YES,Minnesota,20,26,46,24,27,0,51,97,YES,1,1,NO,95,114,209,92.22,111.77,203.99,7,192
1995,3-Feb,07:30PM,Fri,Milwaukee,23,28,51,21,26,0,47,98,NO,1,0,YES,Charlotte,19,35,54,31,32,0,63,117,NO,1,1,YES,105,110,215,102.22,107.77,209.99,-8.5,203
1995,3-Feb,06:30PM,Fri,San Antonio,30,28,58,31,25,0,56,114,NO,1,0,YES,Dallas,25,20,45,22,36,0,58,103,NO,0,1,YES,103,114,217,100.22,111.77,211.99,5,206
1995,3-Feb,04:30PM,Fri,LAC,18,16,34,22,33,0,55,89,NO,3,0,YES,Golden State,23,35,58,27,21,0,48,106,NO,1,1,YES,92,103,195,89.22,100.77,189.99,-6,0
1995,3-Feb,07:30PM,Fri,Orlando,27,22,49,25,32,0,57,106,YES,0,1,YES,Indiana,29,23,52,31,35,0,66,118,YES,0,1,NO,101,123,224,98.22,120.77,218.99,1,201
1995,3-Feb,04:30PM,Fri,Denver,27,17,44,23,21,0,44,88,NO,1,3,YES,LAL,19,17,36,18,20,0,38,74,YES,0,1,YES,80,82,162,77.22,79.77,156.99,-7.5,203
1995,3-Feb,07:30PM,Fri,New York,30,23,53,20,33,0,53,106,YES,2,1,NO,Philadelphia,24,24,48,19,19,0,38,86,YES,0,1,NO,101,91,192,98.22,88.77,186.99,5,191
1995,3-Feb,07:30PM,Fri,Miami,25,28,53,27,25,0,52,105,YES,1,1,YES,Washington,34,23,57,12,26,0,38,95,YES,1,1,YES,110,90,200,107.22,87.77,194.99,-3,0
1995,3-Feb,08:00PM,Fri,Seattle,30,31,61,21,39,0,60,121,NO,0,1,NO,Atlanta,30,19,49,27,22,0,49,98,YES,0,1,NO,110,109,219,107.22,106.77,213.99,5,202
1995,3-Feb,05:30PM,Fri,Chicago,29,28,57,21,22,0,43,100,NO,0,1,NO,Phoenix,25,28,53,30,27,0,57,110,NO,1,1,NO,110,100,210,107.22,97.77,204.99,-10,213
1995,4-Feb,07:30PM,Sat,Indiana,24,14,38,19,16,0,35,73,YES,0,2,NO,Cleveland,27,21,48,15,19,0,34,82,NO,2,1,YES,86,69,155,83.22,66.77,149.99,-2,174
1995,4-Feb,06:30PM,Sat,Utah,24,24,48,20,30,0,50,98,NO,1,2,NO,Dallas,24,35,59,31,29,0,60,119,NO,2,0,NO,107,110,217,104.22,107.77,211.99,8,206
1995,4-Feb,07:30PM,Sat,Atlanta,21,20,41,22,15,0,37,78,YES,0,1,NO,Detroit,27,27,54,10,20,0,30,84,YES,1,1,NO,95,67,162,92.22,64.77,156.99,-1.5,189
1995,4-Feb,04:30PM,Sat,LAL,32,31,63,33,25,0,58,121,YES,0,2,NO,LAC,27,33,60,27,31,0,58,118,NO,2,0,YES,123,116,239,120.22,113.77,233.99,7,197
1995,4-Feb,06:30PM,Sat,Philadelphia,25,19,44,39,19,0,58,102,YES,0,1,YES,Milwaukee,24,13,37,24,35,0,59,96,YES,2,0,YES,81,117,198,78.22,114.77,192.99,-6,196
1995,4-Feb,06:30PM,Sat,Sacramento,30,21,51,32,13,0,45,96,YES,1,3,YES,San Antonio,36,23,59,19,19,0,38,97,YES,2,0,YES,110,83,193,107.22,80.77,187.99,-9,195
1995,4-Feb,08:00PM,Sat,Boston,21,29,50,23,19,0,42,92,YES,2,0,YES,New Jersey,17,23,40,24,14,0,38,78,NO,1,2,NO,90,80,170,87.22,77.77,164.99,-4.5,201
1995,5-Feb,01:00PM,Sun,Seattle,34,30,64,38,34,0,72,136,NO,1,1,YES,Miami,17,23,40,37,32,0,69,109,NO,2,1,YES,104,141,245,101.22,138.77,239.99,6.5,210
1995,5-Feb,01:00PM,Sun,New York,20,26,46,24,28,2,52,98,NO,1,1,YES,Orlando,29,26,55,25,18,5,43,98,NO,2,1,YES,101,95,196,98.22,92.77,190.99,-5,0
1995,5-Feb,10:30AM,Sun,Houston,23,37,60,34,30,0,64,124,YES,2,0,NO,Phoenix,32,25,57,21,22,0,43,100,YES,1,1,NO,117,107,224,114.22,104.77,218.99,-7,213
1995,5-Feb,02:00PM,Sun,Washington,36,19,55,27,23,0,50,105,YES,1,1,NO,Charlotte,26,31,57,33,21,0,54,111,NO,1,1,NO,112,104,216,109.22,101.77,210.99,-8.5,208
1995,5-Feb,02:00PM,Sun,Chicago,38,21,59,22,16,0,38,97,NO,1,2,NO,Golden State,17,31,48,23,22,0,45,93,YES,1,1,NO,107,83,190,104.22,80.77,184.99,3,201
1995,5-Feb,07:00PM,Sun,Minnesota,24,14,38,20,24,0,44,82,YES,1,1,YES,Boston,28,33,61,24,30,0,54,115,NO,2,0,YES,99,98,197,96.22,95.77,191.99,-7,195
1995,6-Feb,04:00PM,Mon,Houston,25,10,35,24,23,0,47,82,NO,0,1,NO,Portland,31,30,61,25,34,0,59,120,NO,1,2,YES,96,106,202,93.22,103.77,196.99,-5,205
1995,6-Feb,07:30PM,Mon,Detroit,27,23,50,22,25,0,47,97,YES,1,0,YES,New Jersey,25,26,51,24,26,0,50,101,YES,1,1,NO,101,97,198,98.22,94.77,192.99,-6,186
1995,6-Feb,07:30PM,Mon,Atlanta,18,26,44,32,31,0,63,107,NO,1,1,YES,Philadelphia,32,19,51,13,28,0,41,92,YES,0,1,YES,95,104,199,92.22,101.77,193.99,2,183
1995,7-Feb,05:00PM,Tue,LAL,24,26,50,21,14,0,35,85,NO,2,0,YES,Denver,22,23,45,19,19,0,38,83,NO,1,3,YES,95,73,168,92.22,70.77,162.99,-1,205
1995,7-Feb,06:00PM,Tue,Golden State,27,29,56,30,14,0,44,100,YES,1,1,NO,Minnesota,40,17,57,31,21,0,52,109,YES,0,1,YES,113,96,209,110.22,93.77,203.99,0,195
1995,7-Feb,07:00PM,Tue,San Antonio,29,29,58,28,20,0,48,106,YES,2,0,NO,Seattle,25,33,58,32,13,0,45,103,NO,1,1,YES,116,93,209,113.22,90.77,203.99,-8,218
1995,7-Feb,07:30PM,Tue,Indiana,26,22,48,18,15,14,33,81,NO,2,0,YES,Charlotte,18,26,44,19,18,11,37,81,YES,0,1,NO,92,70,162,89.22,67.77,156.99,-5,200
1995,7-Feb,07:30PM,Tue,Philadelphia,16,23,39,17,28,0,45,84,YES,0,7,YES,Cleveland,19,25,44,16,30,0,46,90,YES,0,2,NO,83,91,174,80.22,88.77,168.99,-9.5,171
1995,7-Feb,06:30PM,Tue,Phoenix,34,36,70,27,17,0,44,114,YES,1,0,NO,Dallas,29,31,60,33,20,0,53,113,YES,0,2,NO,130,97,227,127.22,94.77,221.99,7.5,215
1995,7-Feb,07:30PM,Tue,Washington,27,31,58,29,28,0,57,115,NO,1,0,NO,Detroit,25,18,43,32,44,0,76,119,NO,0,0,YES,101,133,234,98.22,130.77,228.99,-4,202
1995,7-Feb,04:30PM,Tue,Utah,23,20,43,31,27,0,58,101,NO,2,0,YES,LAC,29,21,50,18,20,0,38,88,NO,1,2,NO,93,96,189,90.22,93.77,183.99,11,196
1995,7-Feb,07:30PM,Tue,Milwaukee,18,32,50,19,26,0,45,95,YES,2,0,YES,New York,28,28,56,12,19,0,31,87,YES,0,1,YES,106,76,182,103.22,73.77,176.99,-9,196
1995,8-Feb,04:00PM,Wed,Chicago,29,22,51,27,25,0,52,103,NO,2,0,NO,Portland,25,34,59,29,28,0,57,116,YES,5,1,NO,110,109,219,107.22,106.77,213.99,-6,201
1995,8-Feb,05:00PM,Wed,Phoenix,28,31,59,22,27,0,49,108,NO,0,6,YES,Utah,25,28,53,31,20,0,51,104,YES,5,0,YES,112,100,212,109.22,97.77,206.99,-6,216
1995,8-Feb,07:30PM,Wed,New Jersey,24,25,49,22,17,0,39,88,YES,1,5,YES,Atlanta,34,22,56,30,25,0,55,111,YES,5,1,YES,105,94,199,102.22,91.77,193.99,-8,185
1995,8-Feb,07:30PM,Wed,Cleveland,24,16,40,14,13,0,27,67,YES,0,6,YES,Boston,15,10,25,24,26,0,50,75,YES,5,2,NO,65,77,142,62.22,74.77,136.99,1,176
1995,8-Feb,07:30PM,Wed,Charlotte,28,29,57,20,29,0,49,106,YES,0,5,NO,Detroit,23,18,41,19,18,0,37,78,NO,5,0,NO,98,86,184,95.22,83.77,178.99,5.5,200
1995,8-Feb,07:30PM,Wed,New York,18,28,46,19,31,0,50,96,YES,0,5,NO,Indiana,25,15,40,17,20,0,37,77,YES,5,0,YES,86,87,173,83.22,84.77,167.99,-2,188
1995,8-Feb,04:30PM,Wed,San Antonio,26,26,52,22,25,0,47,99,NO,0,5,YES,LAL,28,29,57,20,38,0,58,115,NO,6,0,YES,109,105,214,106.22,102.77,208.99,2.5,205
1995,8-Feb,07:30PM,Wed,Washington,31,24,55,20,32,0,52,107,NO,0,5,NO,Miami,30,27,57,26,28,0,54,111,NO,5,2,NO,112,106,218,109.22,103.77,212.99,-7.5,209
1995,8-Feb,06:30PM,Wed,Minnesota,35,20,55,19,19,0,38,93,YES,0,5,YES,Milwaukee,26,28,54,17,29,0,46,100,YES,5,0,YES,109,84,193,106.22,81.77,187.99,-7,0
1995,8-Feb,07:30PM,Wed,Dallas,27,10,37,22,33,0,55,92,YES,0,5,YES,Orlando,25,22,47,40,23,0,63,110,NO,5,2,NO,84,118,202,81.22,115.77,196.99,-14,217
1995,8-Feb,04:30PM,Wed,Houston,31,16,47,23,27,0,50,97,NO,1,0,NO,Sacramento,20,21,41,28,17,0,45,86,NO,5,3,YES,88,95,183,85.22,92.77,177.99,2.5,0
1995,9-Feb,04:00PM,Thu,Golden State,33,34,67,16,26,0,42,109,NO,1,4,NO,Denver,23,27,50,24,27,0,51,101,NO,4,1,NO,117,93,210,114.22,90.77,204.99,-6,195
1995,9-Feb,07:00PM,Thu,Chicago,38,16,54,30,27,7,57,111,NO,0,5,YES,Seattle,40,27,67,26,18,15,44,111,NO,4,1,NO,121,101,222,118.22,98.77,216.99,-10,212
1995,9-Feb,04:30PM,Thu,Houston,19,27,46,30,31,0,61,107,NO,0,4,YES,LAC,26,29,55,38,29,0,67,122,YES,4,1,NO,101,128,229,98.22,125.77,223.99,8,191
1995,14-Feb,05:00PM,Tue,Atlanta,29,26,55,22,22,0,44,99,YES,5,2,NO,Denver,16,24,40,25,23,0,48,88,YES,1,4,NO,95,92,187,92.22,89.77,181.99,-4.5,0
1995,14-Feb,06:00PM,Tue,Washington,33,22,55,14,30,0,44,99,NO,5,0,NO,Minnesota,17,31,48,29,19,0,48,96,YES,0,5,YES,103,92,195,100.22,89.77,189.99,-1,199
1995,14-Feb,06:00PM,Tue,Utah,33,19,52,25,19,0,44,96,YES,5,1,YES,San Antonio,32,27,59,26,27,0,53,112,YES,1,5,YES,111,97,208,108.22,94.77,202.99,-3.5,207
1995,14-Feb,07:00PM,Tue,Golden State,32,29,61,22,25,0,47,108,NO,4,0,YES,Seattle,31,23,54,35,29,0,64,118,YES,0,4,NO,115,111,226,112.22,108.77,220.99,-14,222
1995,14-Feb,06:30PM,Tue,Portland,29,18,47,18,25,0,43,90,YES,5,0,NO,Dallas,23,27,50,21,24,0,45,95,NO,2,5,YES,97,88,185,94.22,85.77,179.99,4.5,209
1995,14-Feb,07:30PM,Tue,New York,12,26,38,28,28,0,56,94,NO,5,1,NO,Detroit,25,38,63,21,22,0,43,106,YES,0,5,NO,101,99,200,98.22,96.77,194.99,6,189
1995,14-Feb,06:30PM,Tue,LAC,16,24,40,29,35,0,64,104,YES,4,2,YES,Houston,35,31,66,31,27,0,58,124,YES,1,4,YES,106,122,228,103.22,119.77,222.99,-14.5,196
1995,14-Feb,07:30PM,Tue,Milwaukee,24,23,47,29,23,0,52,99,YES,5,1,YES,Miami,30,27,57,25,30,0,55,112,NO,1,5,NO,104,107,211,101.22,104.77,205.99,-5.5,204
1995,14-Feb,07:30PM,Tue,Charlotte,24,29,53,11,34,0,45,98,NO,5,1,YES,New Jersey,31,31,62,22,25,0,47,109,NO,1,5,YES,115,92,207,112.22,89.77,201.99,,
1995,14-Feb,07:30PM,Tue,Indiana,19,23,42,21,29,0,50,92,YES,5,0,YES,Orlando,27,14,41,34,36,0,70,111,YES,0,5,NO,83,120,203,80.22,117.77,197.99,-8.5,206
1995,14-Feb,04:30PM,Tue,Boston,24,24,48,27,26,0,53,101,YES,5,0,NO,Sacramento,35,21,56,18,34,0,52,108,NO,1,5,NO,104,105,209,101.22,102.77,203.99,-4.5,192
1995,15-Feb,04:00PM,Wed,Portland,32,29,61,31,12,9,43,104,NO,0,1,YES,Phoenix,26,32,58,22,24,16,46,104,NO,1,6,YES,119,89,208,116.22,86.77,202.99,-7.5,219
1995,15-Feb,06:30PM,Wed,Washington,20,24,44,26,22,0,48,92,NO,0,1,YES,Chicago,33,28,61,24,22,0,46,107,NO,1,5,YES,105,94,199,102.22,91.77,193.99,-9,202
1995,15-Feb,07:30PM,Wed,Orlando,16,27,43,21,27,8,48,91,YES,0,1,YES,Cleveland,22,28,50,20,21,9,41,91,YES,0,6,YES,93,89,182,90.22,86.77,176.99,4,186
1995,15-Feb,04:30PM,Wed,Boston,36,23,59,30,27,0,57,116,NO,0,1,NO,Golden State,31,26,57,33,25,0,58,115,YES,1,0,YES,116,115,231,113.22,112.77,225.99,-2,212
1995,15-Feb,07:30PM,Wed,Detroit,21,32,53,23,12,0,35,88,YES,0,1,NO,Indiana,25,34,59,27,28,0,55,114,YES,1,0,YES,112,90,202,109.22,87.77,196.99,-9,195
1995,15-Feb,04:30PM,Wed,Seattle,34,21,55,17,24,0,41,96,YES,0,1,NO,LAL,33,26,59,28,15,0,43,102,YES,0,6,NO,114,84,198,111.22,81.77,192.99,6,217
1995,15-Feb,07:30PM,Wed,Minnesota,24,22,46,27,28,0,55,101,YES,0,1,YES,Philadelphia,31,19,50,19,28,0,47,97,YES,1,7,YES,96,102,198,93.22,99.77,192.99,-6.5,190
1995,16-Feb,05:00PM,Thu,San Antonio,30,19,49,32,32,0,64,113,YES,1,1,YES,Utah,29,31,60,30,30,0,60,120,NO,1,1,YES,109,124,233,106.22,121.77,227.99,-5,210
1995,16-Feb,07:30PM,Thu,New York,22,28,50,21,25,0,46,96,NO,1,0,YES,Miami,28,11,39,25,23,0,48,87,YES,0,1,NO,89,94,183,86.22,91.77,177.99,3,198
1995,16-Feb,06:30PM,Thu,Cleveland,26,23,49,33,24,0,57,106,YES,0,1,NO,Milwaukee,28,18,46,13,26,0,39,85,NO,1,1,YES,95,96,191,92.22,93.77,185.99,-1.5,173
1995,16-Feb,07:30PM,Thu,Denver,21,20,41,27,26,0,53,94,YES,1,1,NO,New Jersey,26,28,54,20,26,0,46,100,NO,1,1,NO,95,99,194,92.22,96.77,188.99,-4,189
1995,16-Feb,04:30PM,Thu,LAL,25,27,52,14,16,0,30,82,YES,0,2,YES,Sacramento,27,26,53,20,25,0,45,98,NO,1,1,NO,105,75,180,102.22,72.77,174.99,-5,197
1995,16-Feb,08:00PM,Thu,Houston,21,23,44,41,20,0,61,105,YES,1,0,NO,Charlotte,18,27,45,19,25,0,44,89,NO,1,1,YES,89,105,194,86.22,102.77,188.99,-4,207
1995,17-Feb,03:00PM,Fri,Golden State,30,30,60,36,25,18,61,121,YES,1,0,YES,Phoenix,37,26,63,24,34,7,58,121,NO,1,1,NO,123,119,242,120.22,116.77,236.99,-12,228
1995,17-Feb,06:00PM,Fri,Indiana,34,23,57,27,26,0,53,110,YES,1,1,YES,Minnesota,23,18,41,19,18,0,37,78,NO,1,1,YES,98,90,188,95.22,87.77,182.99,7,0
1995,17-Feb,04:00PM,Fri,Seattle,25,29,54,28,27,0,55,109,NO,1,0,NO,Portland,24,32,56,36,22,0,58,114,YES,1,1,YES,110,113,223,107.22,110.77,217.99,2,213
1995,17-Feb,06:30PM,Fri,Detroit,25,14,39,32,31,0,63,102,NO,1,0,NO,Chicago,32,32,64,29,24,0,53,117,YES,0,1,NO,103,116,219,100.22,113.77,213.99,-7.5,197
1995,17-Feb,06:30PM,Fri,Atlanta,33,26,59,24,27,0,51,110,NO,2,0,NO,Dallas,26,29,55,16,19,0,35,90,YES,3,2,NO,114,86,200,111.22,83.77,194.99,-1,194
1995,17-Feb,04:30PM,Fri,Boston,25,18,43,32,24,22,56,99,NO,1,0,NO,LAC,30,20,50,26,23,28,49,99,YES,0,2,YES,93,105,198,90.22,102.77,192.99,4.5,199
1995,17-Feb,07:30PM,Fri,Miami,18,24,42,20,29,0,49,91,YES,0,1,NO,New York,24,36,60,26,14,0,40,100,NO,1,0,YES,102,89,191,99.22,86.77,185.99,-9.5,193
1995,17-Feb,07:30PM,Fri,Philadelphia,19,19,38,25,20,0,45,83,YES,1,0,YES,Orlando,26,37,63,31,35,0,66,129,YES,1,1,YES,101,111,212,98.22,108.77,206.99,-14.5,206
1995,17-Feb,07:30PM,Fri,Houston,30,25,55,29,25,0,54,109,NO,0,1,NO,Washington,23,33,56,18,18,0,36,92,NO,1,1,YES,111,90,201,108.22,87.77,195.99,6,209
1995,18-Feb,05:00PM,Sat,Boston,22,34,56,19,23,0,42,98,NO,0,2,NO,Utah,25,25,50,28,30,0,58,108,YES,0,1,NO,106,100,206,103.22,97.77,200.99,-13,213
1995,18-Feb,07:30PM,Sat,Detroit,23,25,48,21,19,0,40,88,NO,0,1,YES,Charlotte,32,29,61,32,17,0,49,110,NO,1,1,NO,109,89,198,106.22,86.77,192.99,-11,206
1995,18-Feb,04:30PM,Sat,Seattle,27,36,63,29,37,0,66,129,NO,0,1,YES,Golden State,24,37,61,29,27,0,56,117,NO,1,0,YES,124,122,246,121.22,119.77,240.99,6,227
1995,18-Feb,06:30PM,Sat,Chicago,25,26,51,21,39,0,60,111,YES,0,1,NO,Milwaukee,31,22,53,31,34,0,65,118,NO,1,1,NO,104,125,229,101.22,122.77,223.99,0,202
1995,18-Feb,07:30PM,Sat,Cleveland,21,15,36,24,22,0,46,82,NO,1,1,YES,New Jersey,24,26,50,7,18,0,25,75,NO,3,1,NO,86,71,157,83.22,68.77,151.99,0,172
1995,18-Feb,07:30PM,Sat,Denver,25,14,39,31,19,0,50,89,NO,1,0,NO,Philadelphia,24,21,45,28,22,0,50,95,YES,1,0,YES,84,100,184,81.22,97.77,178.99,-3.5,189
1995,18-Feb,04:30PM,Sat,LAC,22,22,44,17,31,0,48,92,YES,0,2,NO,Sacramento,33,34,67,24,18,0,42,109,YES,1,1,NO,111,90,201,108.22,87.77,195.99,-12,190
1995,18-Feb,06:30PM,Sat,Atlanta,34,21,55,17,25,0,42,97,NO,0,2,YES,San Antonio,30,30,60,28,23,0,51,111,YES,2,1,YES,115,93,208,112.22,90.77,202.99,-9.5,198
1995,19-Feb,01:00PM,Sun,Houston,27,28,55,26,36,0,62,117,NO,1,1,YES,New York,33,26,59,28,35,0,63,122,NO,1,1,NO,114,125,239,111.22,122.77,233.99,-4.5,189
1995,19-Feb,02:30PM,Sun,Miami,32,24,56,20,11,0,31,87,NO,1,0,NO,Indiana,21,28,49,27,30,0,57,106,YES,2,1,YES,105,88,193,102.22,85.77,187.99,-8.5,198
1995,19-Feb,01:30PM,Sun,Orlando,19,29,48,22,25,0,47,95,YES,1,0,NO,Minnesota,25,19,44,30,26,0,56,100,YES,1,1,NO,92,103,195,89.22,100.77,189.99,11,200
1995,19-Feb,06:00PM,Sun,Denver,24,25,49,24,21,0,45,94,NO,0,1,YES,Washington,30,19,49,21,22,0,43,92,NO,1,1,NO,98,88,186,95.22,85.77,180.99,-6.5,195
1995,19-Feb,03:30PM,Sun,Portland,18,30,48,24,11,0,35,83,YES,1,1,YES,LAL,24,19,43,23,27,0,50,93,YES,0,2,YES,91,85,176,88.22,82.77,170.99,-3,209
1995,19-Feb,04:00PM,Sun,Utah,31,25,56,32,19,0,51,107,YES,0,2,YES,Phoenix,24,29,53,35,22,0,57,110,NO,1,1,NO,109,108,217,106.22,105.77,211.99,-4,220
1995,20-Feb,06:00PM,Mon,Miami,19,28,47,26,30,0,56,103,NO,0,3,YES,Cleveland,23,27,50,18,28,0,46,96,YES,0,1,YES,97,102,199,94.22,99.77,193.99,-9,175
1995,20-Feb,07:00PM,Mon,LAL,34,20,54,27,27,0,54,108,YES,0,1,YES,Seattle,27,26,53,21,31,0,52,105,NO,1,1,YES,107,106,213,104.22,103.77,207.99,-12,0
1995,20-Feb,07:30PM,Mon,Sacramento,30,21,51,17,25,0,42,93,YES,1,1,NO,Detroit,24,29,53,13,33,0,46,99,YES,2,1,YES,104,88,192,101.22,85.77,186.99,-2,191
1995,20-Feb,04:30PM,Mon,Philadelphia,25,21,46,20,19,0,39,85,YES,1,1,NO,Golden State,19,34,53,21,24,0,45,98,NO,1,1,NO,99,84,183,96.22,81.77,177.99,-6.5,213
1995,20-Feb,06:30PM,Mon,Orlando,33,41,74,49,29,0,78,152,NO,0,2,NO,Milwaukee,15,31,46,27,31,0,58,104,NO,1,1,NO,120,136,256,117.22,133.77,250.99,5.5,211
1995,20-Feb,07:35PM,Mon,Chicago,33,27,60,9,35,0,44,104,NO,1,0,NO,Charlotte,22,21,43,35,37,0,72,115,NO,1,1,NO,103,116,219,100.22,113.77,213.99,-6.5,205
1995,21-Feb,05:00PM,Tue,LAC,17,28,45,19,16,0,35,80,NO,2,0,NO,Denver,26,29,55,34,29,0,63,118,NO,1,1,YES,100,98,198,97.22,95.77,192.99,-9,188
1995,21-Feb,06:00PM,Tue,San Antonio,30,29,59,27,12,0,39,98,YES,2,0,YES,Houston,18,22,40,33,24,0,57,97,NO,1,1,YES,99,96,195,96.22,93.77,189.99,-4,209
1995,21-Feb,04:00PM,Tue,Boston,41,32,73,25,31,0,56,129,NO,2,1,YES,Phoenix,23,31,54,34,33,0,67,121,YES,0,1,NO,127,123,250,124.22,120.77,244.99,-11.5,223
1995,21-Feb,04:00PM,Tue,Minnesota,19,26,45,20,21,0,41,86,YES,1,0,NO,Portland,19,18,37,33,29,0,62,99,YES,0,1,YES,82,103,185,79.22,100.77,179.99,-12.5,196
1995,21-Feb,07:30PM,Tue,Chicago,25,34,59,21,25,0,46,105,NO,0,2,NO,Atlanta,21,24,45,25,18,0,43,88,NO,1,2,YES,104,89,193,101.22,86.77,187.99,-2.5,196
1995,21-Feb,07:30PM,Tue,Cleveland,25,35,60,23,16,0,39,99,YES,0,3,YES,New York,18,19,37,29,25,0,54,91,NO,1,1,NO,97,93,190,94.22,90.77,184.99,-5.5,170
1995,21-Feb,07:30PM,Tue,Dallas,28,15,43,32,27,0,59,102,YES,3,1,NO,Washington,25,36,61,21,15,0,36,97,YES,0,1,NO,104,95,199,101.22,92.77,193.99,-4,207
1995,22-Feb,07:00PM,Wed,Minnesota,25,16,41,28,35,0,63,104,NO,0,3,YES,Seattle,29,28,57,47,16,0,63,120,NO,1,1,NO,98,126,224,95.22,123.77,218.99,-15,209
1995,22-Feb,05:00PM,Wed,LAC,33,31,64,24,21,0,45,109,NO,0,1,NO,Utah,25,32,57,34,27,0,61,118,YES,1,2,YES,121,106,227,118.22,103.77,221.99,-17,204
1995,22-Feb,07:30PM,Wed,Sacramento,22,23,45,21,23,0,44,89,NO,1,0,NO,Charlotte,29,21,50,26,24,0,50,100,YES,1,1,NO,95,94,189,92.22,91.77,183.99,-8,196
1995,22-Feb,04:30PM,Wed,Portland,39,21,60,32,15,0,47,107,YES,0,1,YES,Golden State,33,26,59,13,17,0,30,89,YES,2,1,NO,119,77,196,116.22,74.77,190.99,-2,217
1995,22-Feb,04:30PM,Wed,Philadelphia,23,27,50,31,19,0,50,100,NO,1,0,NO,LAL,40,20,60,27,25,0,52,112,NO,1,1,YES,110,102,212,107.22,99.77,206.99,-8.5,200
1995,22-Feb,06:30PM,Wed,Washington,23,26,49,28,15,0,43,92,YES,0,1,YES,Milwaukee,25,25,50,26,24,0,50,100,NO,1,1,NO,99,93,192,96.22,90.77,186.99,-7,210
1995,22-Feb,07:30PM,Wed,Indiana,31,25,56,29,28,0,57,113,YES,2,1,NO,New Jersey,19,27,46,25,23,0,48,94,NO,1,3,NO,102,105,207,99.22,102.77,201.99,3,193
1995,22-Feb,06:30PM,Wed,Phoenix,24,32,56,27,17,0,44,100,YES,0,1,YES,San Antonio,23,30,53,21,31,0,52,105,NO,1,0,YES,109,96,205,106.22,93.77,199.99,-4,224
1995,23-Feb,04:00PM,Thu,Philadelphia,24,14,38,25,12,0,37,75,NO,0,2,NO,Denver,24,34,58,20,27,0,47,105,YES,0,1,NO,96,84,180,93.22,81.77,174.99,-9,195
1995,23-Feb,07:30PM,Thu,Dallas,19,20,39,27,26,0,53,92,NO,1,0,NO,Atlanta,28,29,57,28,25,0,53,110,YES,0,1,NO,96,106,202,93.22,103.77,196.99,-7.5,194
1995,23-Feb,07:30PM,Thu,Orlando,29,30,59,24,34,0,58,117,NO,2,0,YES,Boston,35,29,64,26,29,0,55,119,YES,0,1,YES,123,113,236,120.22,110.77,230.99,5,217
1995,23-Feb,06:30PM,Thu,Detroit,26,20,46,30,23,0,53,99,YES,2,0,NO,Houston,38,25,63,24,23,0,47,110,NO,1,1,NO,109,100,209,106.22,97.77,203.99,-11.5,208
1995,23-Feb,07:30PM,Thu,Sacramento,20,24,44,22,24,0,46,90,NO,0,1,NO,New York,27,22,49,23,31,0,54,103,NO,2,1,NO,93,100,193,90.22,97.77,187.99,-9.5,188
1995,24-Feb,04:00PM,Fri,LAC,25,22,47,24,35,0,59,106,NO,1,0,YES,Phoenix,31,35,66,28,24,0,52,118,NO,1,1,YES,113,111,224,110.22,108.77,218.99,-15,220
1995,24-Feb,04:00PM,Fri,Utah,22,20,42,25,34,0,59,101,YES,1,1,NO,Portland,25,26,51,28,35,0,63,114,NO,2,1,YES,93,122,215,90.22,119.77,209.99,0,203
1995,24-Feb,07:00PM,Fri,Denver,23,27,50,18,18,0,36,86,YES,0,1,YES,Seattle,23,22,45,23,22,0,45,90,NO,2,1,NO,95,81,176,92.22,78.77,170.99,-14,211
1995,24-Feb,04:30PM,Fri,Charlotte,18,28,46,11,29,7,40,86,YES,1,1,NO,LAL,18,23,41,27,18,9,45,86,YES,0,1,NO,87,85,172,84.22,82.77,166.99,-1,204
1995,24-Feb,06:30PM,Fri,Indiana,29,20,49,29,20,0,49,98,NO,1,1,YES,Milwaukee,24,25,49,19,18,0,37,86,YES,2,1,NO,98,86,184,95.22,83.77,178.99,3.5,199
1995,24-Feb,07:30PM,Fri,Dallas,32,19,51,34,19,0,53,104,NO,0,1,NO,New Jersey,22,29,51,31,32,0,63,114,YES,0,1,NO,102,116,218,99.22,113.77,212.99,-5.5,200
1995,24-Feb,07:30PM,Fri,Boston,27,25,52,24,27,0,51,103,YES,0,2,YES,Orlando,37,34,71,29,29,0,58,129,NO,1,0,YES,123,109,232,120.22,106.77,226.99,-14,220
1995,24-Feb,06:30PM,Fri,Detroit,28,25,53,28,16,0,44,97,NO,0,2,YES,San Antonio,27,27,54,32,28,0,60,114,NO,1,1,NO,107,104,211,104.22,101.77,205.99,-13.5,210
1995,24-Feb,07:30PM,Fri,Atlanta,26,29,55,27,25,0,52,107,YES,0,2,YES,Washington,28,20,48,19,25,0,44,92,NO,0,1,YES,103,96,199,100.22,93.77,193.99,2.5,195
1995,24-Feb,08:00PM,Fri,Chicago,27,22,49,15,19,0,34,83,NO,2,1,NO,Miami,26,19,45,24,22,0,46,91,YES,1,3,YES,94,80,174,91.22,77.77,168.99,0,205
1995,25-Feb,12:00PM,Sat,LAL,17,19,36,16,29,0,45,81,YES,0,1,YES,LAC,18,20,38,29,16,0,45,83,YES,1,0,YES,74,90,164,71.22,87.77,158.99,6,203
1995,25-Feb,07:30PM,Sat,New Jersey,22,33,55,23,24,0,47,102,YES,0,1,NO,Cleveland,27,25,52,22,31,0,53,105,YES,1,3,YES,107,100,207,104.22,97.77,201.99,-7,175
1995,25-Feb,06:30PM,Sat,Golden State,24,26,50,26,29,0,55,105,YES,2,0,NO,Houston,24,34,58,20,34,0,54,112,NO,1,1,NO,108,109,217,105.22,106.77,211.99,-10,0
1995,25-Feb,07:30PM,Sat,Sacramento,26,27,53,25,20,0,45,98,NO,1,1,NO,Washington,25,29,54,23,25,0,48,102,NO,2,0,NO,107,93,200,104.22,90.77,194.99,1.5,193
1995,26-Feb,01:00PM,Sun,Chicago,31,22,53,32,18,0,50,103,NO,1,0,YES,Orlando,27,23,50,28,27,0,55,105,NO,1,1,NO,103,105,208,100.22,102.77,202.99,-9.5,209
1995,26-Feb,11:30AM,Sun,Utah,34,24,58,23,29,0,52,110,NO,1,0,NO,Denver,20,24,44,23,29,0,52,96,NO,1,1,YES,102,104,206,99.22,101.77,200.99,4.5,198
1995,26-Feb,10:30AM,Sun,Charlotte,25,20,45,24,23,0,47,92,NO,1,0,NO,Phoenix,19,30,49,32,22,0,54,103,YES,1,1,NO,94,101,195,91.22,98.77,189.99,-5.5,220
1995,26-Feb,02:30PM,Sun,Dallas,28,17,45,25,22,0,47,92,NO,1,1,YES,Indiana,24,26,50,25,25,0,50,100,YES,0,1,YES,95,97,192,92.22,94.77,186.99,-9.5,197
1995,26-Feb,01:30PM,Sun,Miami,25,25,50,31,18,0,49,99,YES,1,1,NO,Minnesota,28,32,60,17,29,0,46,106,YES,1,3,YES,110,95,205,107.22,92.77,199.99,4,191
1995,26-Feb,06:00PM,Sun,Philadelphia,28,27,55,23,21,0,44,99,NO,2,1,NO,New York,27,25,52,31,21,0,52,104,YES,1,2,NO,107,96,203,104.22,93.77,197.99,-13,193
1995,26-Feb,05:00PM,Sun,Golden State,28,31,59,20,20,0,40,99,NO,0,2,YES,San Antonio,36,29,65,36,28,0,64,129,NO,1,1,NO,124,104,228,121.22,101.77,222.99,-10.5,220
1995,27-Feb,04:00PM,Mon,LAC,23,17,40,18,25,0,43,83,YES,1,0,YES,Portland,29,19,48,24,24,0,48,96,NO,2,2,NO,88,91,179,85.22,88.77,173.99,-14.5,200
1995,27-Feb,07:00PM,Mon,Charlotte,37,33,70,24,22,0,46,116,NO,0,2,NO,Seattle,37,24,61,31,22,0,53,114,YES,2,2,NO,131,99,230,128.22,96.77,224.99,,
1995,27-Feb,07:30PM,Mon,Sacramento,25,22,47,26,26,0,52,99,NO,1,1,YES,Atlanta,29,26,55,34,29,0,63,118,YES,2,2,YES,102,115,217,99.22,112.77,211.99,-5.5,190
1995,27-Feb,07:30PM,Mon,Indiana,26,30,56,25,27,0,52,108,YES,0,1,NO,Boston,29,18,47,21,29,0,50,97,NO,1,2,YES,103,102,205,100.22,99.77,199.99,3.5,199
1995,27-Feb,06:30PM,Mon,New Jersey,21,20,41,23,22,0,45,86,NO,1,3,YES,Chicago,31,26,57,23,28,0,51,108,NO,1,0,YES,98,96,194,95.22,93.77,188.99,-7.5,200
1995,27-Feb,07:30PM,Mon,Milwaukee,20,20,40,26,23,0,49,89,YES,2,0,YES,Detroit,32,22,54,14,29,0,43,97,NO,1,2,YES,94,92,186,91.22,89.77,180.99,-2.5,203
1995,27-Feb,06:30PM,Mon,Cleveland,14,24,38,21,19,0,40,78,YES,1,0,NO,Houston,21,15,36,27,23,0,50,86,YES,0,1,NO,74,90,164,71.22,87.77,158.99,-8,0
1995,27-Feb,04:30PM,Mon,Utah,23,33,56,18,27,0,45,101,NO,0,1,NO,LAL,17,25,42,27,26,0,53,95,NO,1,1,YES,98,98,196,95.22,95.77,190.99,1.5,203
1995,28-Feb,05:00PM,Tue,Minnesota,17,30,47,25,29,0,54,101,YES,1,0,NO,Denver,29,31,60,26,28,0,54,114,NO,2,1,NO,107,108,215,104.22,105.77,209.99,-10,193
1995,28-Feb,06:30PM,Tue,Houston,31,27,58,22,21,0,43,101,YES,0,1,YES,Dallas,26,28,54,26,22,0,48,102,NO,1,1,YES,112,91,203,109.22,88.77,197.99,8,204
1995,28-Feb,04:30PM,Tue,Phoenix,28,22,50,25,24,0,49,99,YES,1,0,NO,LAC,20,31,51,24,35,0,59,110,NO,1,0,YES,101,108,209,98.22,105.77,203.99,10,0
1995,28-Feb,06:30PM,Tue,Miami,25,31,56,22,17,0,39,95,NO,1,0,NO,Milwaukee,29,24,53,15,17,0,32,85,NO,1,0,YES,109,71,180,106.22,68.77,174.99,-3,201
1995,28-Feb,06:30PM,Tue,Cleveland,21,14,35,23,25,0,48,83,NO,0,1,NO,San Antonio,20,25,45,29,26,0,55,100,NO,2,1,NO,80,103,183,77.22,100.77,177.99,-11,182
1995,28-Feb,07:30PM,Tue,Philadelphia,23,25,48,35,23,0,58,106,NO,1,2,NO,Washington,32,23,55,21,26,0,47,102,YES,0,2,NO,103,105,208,100.22,102.77,202.99,-5.5,203
1995,28-Feb,08:00PM,Tue,New York,33,24,57,23,26,0,49,106,YES,1,1,YES,Orlando,40,21,61,32,25,0,57,118,YES,1,1,NO,118,106,224,115.22,103.77,218.99,-4,205
1995,1-Mar,07:30PM,Wed,Washington,32,22,54,25,25,21,50,104,YES,0,1,YES,Boston,30,26,56,27,21,20,48,104,NO,1,1,NO,110,98,208,107.22,95.77,202.99,-7.5,214
1995,1-Mar,06:30PM,Wed,Miami,21,16,37,20,28,0,48,85,NO,0,1,NO,Chicago,29,31,60,32,19,0,51,111,YES,0,1,NO,97,99,196,94.22,96.77,190.99,-8.5,199
1995,1-Mar,07:30PM,Wed,Indiana,20,21,41,20,18,0,38,79,NO,1,1,NO,Detroit,27,21,48,16,28,0,44,92,YES,1,1,NO,89,82,171,86.22,79.77,165.99,5.5,196
1995,1-Mar,04:30PM,Wed,Utah,20,19,39,34,25,0,59,98,NO,1,2,YES,Golden State,22,11,33,14,38,0,52,85,NO,1,2,YES,72,111,183,69.22,108.77,177.99,6,216
1995,1-Mar,04:30PM,Wed,Phoenix,29,25,54,24,23,0,47,101,NO,0,1,YES,LAL,24,21,45,30,18,0,48,93,NO,1,1,NO,99,95,194,96.22,92.77,188.99,4.5,0
1995,1-Mar,04:30PM,Wed,Minnesota,28,28,56,17,25,0,42,98,NO,0,1,YES,Sacramento,24,24,48,23,16,0,39,87,YES,1,1,YES,104,81,185,101.22,78.77,179.99,-9.5,191
1995,2-Mar,04:00PM,Thu,Charlotte,25,27,52,31,26,0,57,109,NO,2,0,NO,Portland,28,23,51,24,24,0,48,99,YES,1,2,NO,103,105,208,100.22,102.77,202.99,-3,0
1995,2-Mar,06:30PM,Thu,Cleveland,19,22,41,19,24,0,43,84,NO,1,1,YES,Dallas,23,26,49,15,26,0,41,90,NO,1,1,NO,90,84,174,87.22,81.77,168.99,2.5,176
1995,2-Mar,04:30PM,Thu,Seattle,23,32,55,32,29,0,61,116,YES,2,0,NO,LAC,23,22,45,20,23,0,43,88,NO,1,1,NO,100,104,204,97.22,101.77,198.99,12,210
1995,2-Mar,06:30PM,Thu,Atlanta,35,21,56,23,14,0,37,93,YES,2,0,YES,Milwaukee,23,29,52,24,26,0,50,102,YES,0,1,NO,108,87,195,105.22,84.77,189.99,1,0
1995,2-Mar,07:30PM,Thu,Chicago,29,28,57,20,12,0,32,89,YES,0,1,NO,New York,17,24,41,23,29,0,52,93,YES,1,1,YES,98,84,182,95.22,81.77,176.99,-6,196
1995,2-Mar,07:30PM,Thu,Orlando,25,27,52,26,29,0,55,107,YES,1,0,NO,Houston,20,31,51,27,18,0,45,96,YES,0,1,YES,103,100,203,100.22,97.77,197.99,-3,218
1995,3-Mar,03:00PM,Fri,Seattle,29,29,58,30,26,4,56,114,NO,0,2,YES,Phoenix,26,31,57,29,28,8,57,114,YES,1,1,YES,115,113,228,112.22,110.77,222.99,-4,220
1995,3-Mar,05:00PM,Fri,Miami,22,17,39,35,24,0,59,98,NO,1,1,YES,Denver,25,28,53,23,24,0,47,100,YES,0,2,NO,92,106,198,89.22,103.77,192.99,-6.5,194
1995,3-Mar,06:00PM,Fri,Houston,21,29,50,27,28,0,55,105,YES,0,1,NO,Minnesota,25,21,46,33,29,0,62,108,YES,1,1,YES,96,117,213,93.22,114.77,207.99,7,196
1995,3-Mar,07:30PM,Fri,Detroit,24,28,52,17,9,0,26,78,YES,1,0,NO,Atlanta,30,23,53,27,14,0,41,94,YES,1,0,YES,105,67,172,102.22,64.77,166.99,-8,195
1995,3-Mar,07:30PM,Fri,Milwaukee,22,27,49,19,23,0,42,91,YES,0,1,NO,Boston,27,18,45,31,27,0,58,103,YES,0,1,NO,94,100,194,91.22,97.77,188.99,-7,208
1995,3-Mar,04:30PM,Fri,Charlotte,35,19,54,32,30,0,62,116,NO,0,1,NO,Golden State,23,22,45,11,30,0,41,86,NO,1,1,NO,99,103,202,96.22,100.77,196.99,4,209
1995,3-Mar,04:30PM,Fri,Sacramento,25,20,45,22,26,11,48,93,YES,1,1,YES,LAL,22,19,41,29,23,16,52,93,NO,1,1,NO,86,100,186,83.22,97.77,180.99,-5,190
1995,3-Mar,07:30PM,Fri,Philadelphia,28,23,51,31,20,0,51,102,NO,2,0,YES,New Jersey,27,24,51,28,19,0,47,98,NO,1,3,YES,102,98,200,99.22,95.77,194.99,-8,0
1995,3-Mar,06:30PM,Fri,Orlando,29,25,54,29,28,0,57,111,NO,0,1,YES,San Antonio,30,34,64,33,15,0,48,112,NO,1,2,NO,118,105,223,115.22,102.77,217.99,-4,218
1995,3-Mar,07:30PM,Fri,Indiana,30,25,55,25,26,0,51,106,NO,1,0,YES,Washington,29,27,56,23,32,0,55,111,YES,1,1,YES,111,106,217,108.22,103.77,211.99,6,198
1995,4-Mar,11:30AM,Sat,Portland,23,26,49,16,16,0,32,81,YES,1,1,NO,Utah,23,21,44,24,30,0,54,98,YES,2,2,YES,93,86,179,90.22,83.77,173.99,-9,206
1995,4-Mar,07:30PM,Sat,New York,18,21,39,23,27,0,50,89,YES,1,2,YES,Cleveland,23,13,36,20,20,0,40,76,NO,2,1,YES,75,90,165,72.22,87.77,159.99,3,174
1995,4-Mar,06:30PM,Sat,Detroit,25,22,47,29,22,0,51,98,NO,0,2,NO,Dallas,23,24,47,26,18,0,44,91,NO,2,1,NO,94,95,189,91.22,92.77,183.99,-3.5,202
1995,4-Mar,07:30PM,Sat,Boston,28,28,56,35,16,0,51,107,YES,0,2,NO,Indiana,20,32,52,20,29,0,49,101,YES,2,0,YES,108,100,208,105.22,97.77,202.99,-10,204
1995,4-Mar,04:30PM,Sat,Denver,25,24,49,21,31,0,52,101,YES,0,2,NO,LAC,27,16,43,12,34,0,46,89,NO,1,1,NO,92,98,190,89.22,95.77,184.99,5,0
1995,4-Mar,07:30PM,Sat,Chicago,34,31,65,23,18,0,41,106,NO,1,1,YES,Philadelphia,23,32,55,13,26,0,39,94,NO,3,0,YES,120,80,200,117.22,77.77,194.99,5.5,0
1995,5-Mar,11:00AM,Sun,Houston,21,22,43,31,29,0,60,103,NO,1,1,YES,San Antonio,29,30,59,33,32,0,65,124,NO,1,1,NO,102,125,227,99.22,122.77,221.99,-5,210
1995,5-Mar,09:30AM,Sun,Phoenix,29,29,58,31,33,0,64,122,YES,1,1,NO,Golden State,34,28,62,26,24,0,50,112,YES,0,1,NO,120,114,234,117.22,111.77,228.99,6,222
1995,5-Mar,01:00PM,Sun,Washington,27,18,45,20,25,0,45,90,YES,1,2,YES,Miami,27,30,57,23,23,0,46,103,NO,1,1,YES,102,91,193,99.22,88.77,187.99,-7,0
1995,5-Mar,01:00PM,Sun,Milwaukee,29,20,49,18,27,0,45,94,NO,1,1,YES,New Jersey,28,27,55,21,23,0,44,99,YES,2,1,NO,104,89,193,101.22,86.77,187.99,-6,199
1995,5-Mar,03:00PM,Sun,Charlotte,21,25,46,16,18,0,34,80,NO,1,3,YES,Sacramento,25,20,45,16,27,0,43,88,NO,1,1,YES,91,77,168,88.22,74.77,162.99,3,192
1995,5-Mar,03:30PM,Sun,Minnesota,25,25,50,26,26,0,52,102,YES,1,0,NO,LAL,33,22,55,29,21,0,50,105,YES,1,1,NO,105,102,207,102.22,99.77,201.99,-8,191
1995,5-Mar,07:30PM,Sun,Atlanta,22,27,49,31,22,9,53,102,YES,1,2,YES,Orlando,25,22,47,27,28,11,55,102,NO,2,1,YES,96,108,204,93.22,105.77,198.99,-10.5,209
1995,6-Mar,07:00PM,Mon,Golden State,31,22,53,20,33,0,53,106,YES,0,1,YES,Seattle,21,33,54,25,24,0,49,103,YES,1,2,YES,107,102,209,104.22,99.77,203.99,-14,223
1995,6-Mar,06:30PM,Mon,Portland,23,17,40,21,22,0,43,83,NO,1,0,NO,Chicago,20,31,51,24,28,0,52,103,NO,3,1,YES,91,95,186,88.22,92.77,180.99,-4,196
1995,6-Mar,04:30PM,Mon,Minnesota,26,26,52,15,21,0,36,88,NO,0,1,YES,LAC,25,34,59,20,22,0,42,101,YES,1,1,NO,111,78,189,108.22,75.77,183.99,-3,191
1995,7-Mar,06:00PM,Tue,Phoenix,32,31,63,19,31,0,50,113,NO,1,2,YES,Houston,35,22,57,24,21,0,45,102,NO,3,1,YES,120,95,215,117.22,92.77,209.99,-2.5,221
1995,7-Mar,07:30PM,Tue,Detroit,28,22,50,19,12,0,31,81,NO,2,0,NO,Cleveland,27,20,47,25,17,0,42,89,NO,1,2,NO,97,73,170,94.22,70.77,164.99,-8,175
1995,7-Mar,06:30PM,Tue,Denver,33,25,58,17,24,0,41,99,NO,2,0,NO,Dallas,30,21,51,25,20,0,45,96,YES,0,2,NO,109,86,195,106.22,83.77,189.99,0,193
1995,7-Mar,07:30PM,Tue,LAL,15,37,52,19,33,0,52,104,YES,1,0,NO,Miami,27,32,59,20,31,0,51,110,NO,1,1,NO,111,103,214,108.22,100.77,208.99,-4,196
1995,7-Mar,06:30PM,Tue,Portland,31,28,59,25,22,0,47,106,NO,0,1,NO,Milwaukee,27,30,57,23,20,0,43,100,YES,2,1,YES,116,90,206,113.22,87.77,200.99,-2.5,194
1995,7-Mar,07:30PM,Tue,Boston,21,35,56,30,24,0,54,110,NO,2,0,YES,New York,25,29,54,25,36,0,61,115,YES,0,2,YES,110,115,225,107.22,112.77,219.99,-9,204
1995,7-Mar,04:30PM,Tue,Utah,21,19,40,23,27,12,50,90,YES,2,0,YES,Sacramento,21,29,50,18,22,5,40,90,NO,1,1,NO,90,90,180,87.22,87.77,174.99,6,190
1995,7-Mar,06:30PM,Tue,Indiana,36,23,59,25,33,0,58,117,YES,2,1,NO,San Antonio,23,25,48,24,28,0,52,100,YES,1,1,NO,107,110,217,104.22,107.77,211.99,-6,209
1995,8-Mar,06:00PM,Wed,Seattle,37,29,66,27,25,0,52,118,YES,1,0,NO,Minnesota,25,36,61,18,25,0,43,104,NO,1,1,YES,127,95,222,124.22,92.77,216.99,10,207
1995,8-Mar,05:00PM,Wed,Dallas,26,15,41,21,25,0,46,87,YES,0,2,NO,Utah,21,27,48,33,33,0,66,114,NO,1,0,YES,89,112,201,86.22,109.77,195.99,-14.5,208
1995,8-Mar,07:30PM,Wed,Denver,26,21,47,13,28,0,41,88,NO,0,1,NO,Atlanta,31,24,55,17,27,0,44,99,NO,1,2,YES,102,85,187,99.22,82.77,181.99,-8,191
1995,8-Mar,07:30PM,Wed,New York,24,36,60,28,20,0,48,108,YES,0,1,NO,Boston,24,25,49,22,29,0,51,100,NO,1,0,YES,109,99,208,106.22,96.77,202.99,3,203
1995,8-Mar,04:30PM,Wed,LAC,21,30,51,23,33,0,56,107,YES,1,1,YES,Golden State,32,26,58,31,31,0,62,120,YES,1,1,YES,109,118,227,106.22,115.77,221.99,-5.5,0
1995,8-Mar,07:30PM,Wed,LAL,29,23,52,24,34,0,58,110,NO,0,1,NO,Orlando,21,35,56,36,22,0,58,114,NO,1,2,NO,108,116,224,105.22,113.77,218.99,-11.5,213
1995,8-Mar,07:30PM,Wed,New Jersey,31,26,57,25,18,15,43,100,YES,2,1,NO,Philadelphia,27,23,50,24,26,8,50,100,NO,1,3,NO,107,93,200,104.22,90.77,194.99,2,202
1995,8-Mar,07:30PM,Wed,Detroit,21,38,59,30,25,0,55,114,NO,0,1,YES,Washington,25,26,51,32,22,0,54,105,NO,1,2,YES,110,109,219,107.22,106.77,213.99,-4.5,205
1995,9-Mar,07:30PM,Thu,Seattle,30,19,49,32,18,0,50,99,NO,0,1,NO,Charlotte,25,35,60,20,32,0,52,112,NO,1,3,YES,109,102,211,106.22,99.77,205.99,,
1995,9-Mar,07:30PM,Thu,Portland,28,25,53,16,30,0,46,99,NO,1,0,NO,Miami,21,25,46,20,24,0,44,90,YES,1,1,NO,99,90,189,96.22,87.77,183.99,-1,0
1995,9-Mar,04:30PM,Thu,Indiana,31,27,58,27,24,0,51,109,NO,1,0,NO,Sacramento,27,25,52,29,13,0,42,94,YES,0,1,NO,110,93,203,107.22,90.77,197.99,2,188
1995,9-Mar,08:00PM,Thu,San Antonio,28,18,46,32,22,0,54,100,YES,1,0,NO,Cleveland,15,26,41,33,24,0,57,98,YES,0,1,NO,87,111,198,84.22,108.77,192.99,3.5,183
1995,10-Mar,06:00PM,Fri,LAL,26,28,54,28,21,0,49,103,NO,1,0,NO,Minnesota,31,28,59,27,23,0,50,109,NO,1,1,NO,113,99,212,110.22,96.77,206.99,0,199
1995,10-Mar,04:00PM,Fri,Indiana,27,29,56,29,27,0,56,112,NO,0,2,NO,Phoenix,28,24,52,23,22,0,45,97,NO,1,2,YES,108,101,209,105.22,98.77,203.99,-8,217
1995,10-Mar,05:00PM,Fri,Sacramento,29,18,47,27,19,0,46,93,YES,0,1,NO,Utah,23,33,56,32,22,0,54,110,YES,1,1,NO,103,100,203,100.22,97.77,197.99,-11.5,199
1995,10-Mar,07:30PM,Fri,New York,33,13,46,13,22,0,35,81,NO,1,0,YES,Atlanta,30,27,57,27,24,0,51,108,YES,1,1,NO,103,86,189,100.22,83.77,183.99,1.5,192
1995,10-Mar,07:30PM,Fri,New Jersey,33,26,59,27,25,0,52,111,NO,1,0,NO,Boston,27,21,48,16,17,0,33,81,NO,1,1,NO,107,85,192,104.22,82.77,186.99,-5,209
1995,10-Mar,06:30PM,Fri,Cleveland,13,19,32,27,17,0,44,76,YES,0,1,NO,Chicago,25,25,50,28,21,0,49,99,NO,0,3,NO,82,93,175,79.22,90.77,169.99,-6.5,177
1995,10-Mar,04:30PM,Fri,Golden State,25,31,56,27,19,0,46,102,YES,1,1,NO,LAC,31,27,58,26,37,0,63,121,NO,1,1,YES,114,109,223,111.22,106.77,217.99,0,210
1995,10-Mar,07:30PM,Fri,Portland,19,24,43,20,22,0,42,85,NO,0,1,NO,Orlando,23,26,49,21,27,0,48,97,NO,1,1,NO,92,90,182,89.22,87.77,176.99,-10,212
1995,10-Mar,07:30PM,Fri,San Antonio,25,21,46,33,21,0,54,100,NO,0,1,NO,Philadelphia,15,29,44,25,25,0,50,94,NO,1,1,NO,90,104,194,87.22,101.77,188.99,7.5,208
1995,10-Mar,07:30PM,Fri,Milwaukee,23,32,55,32,27,0,59,114,YES,2,1,YES,Washington,27,29,56,25,30,0,55,111,NO,0,1,NO,111,114,225,108.22,111.77,219.99,-5,0
1995,10-Mar,08:00PM,Fri,Denver,34,16,50,25,24,0,49,99,NO,1,1,NO,Detroit,19,20,39,15,34,0,49,88,NO,1,1,YES,89,98,187,86.22,95.77,181.99,-1,191
1995,11-Mar,07:30PM,Sat,Miami,17,26,43,31,21,0,52,95,YES,1,0,YES,Charlotte,21,25,46,28,30,0,58,104,NO,1,1,NO,89,110,199,86.22,107.77,193.99,-9.5,204
1995,11-Mar,06:30PM,Sat,LAL,27,26,53,20,35,0,55,108,NO,0,1,YES,Chicago,30,23,53,34,18,0,52,105,YES,2,0,NO,106,107,213,103.22,104.77,207.99,-8.5,201
1995,11-Mar,06:30PM,Sat,Dallas,35,17,52,29,21,0,50,102,NO,2,1,NO,Houston,23,37,60,24,25,0,49,109,YES,1,3,NO,112,99,211,109.22,96.77,205.99,-11,207
1995,11-Mar,07:30PM,Sat,New Jersey,33,30,63,16,23,0,39,102,NO,0,3,YES,Washington,29,27,56,27,27,0,54,110,YES,1,0,NO,119,93,212,116.22,90.77,206.99,-2,211
1995,11-Mar,08:30PM,Sat,Seattle,18,27,45,26,25,0,51,96,NO,1,0,NO,New York,17,22,39,22,23,0,45,84,NO,2,0,YES,84,96,180,81.22,93.77,174.99,-1.5,0
1995,12-Mar,12:00PM,Sun,San Antonio,25,28,53,24,27,0,51,104,NO,1,1,YES,Orlando,22,25,47,30,33,0,63,110,NO,1,1,NO,100,114,214,97.22,111.77,208.99,-5,220
1995,12-Mar,01:00PM,Sun,Cleveland,19,30,49,23,20,0,43,92,NO,1,3,YES,Philadelphia,10,17,27,20,25,0,45,72,NO,1,1,NO,76,88,164,73.22,85.77,158.99,4,175
1995,12-Mar,12:30PM,Sun,Denver,25,29,54,26,29,0,55,109,NO,1,1,NO,Milwaukee,25,22,47,21,25,0,46,93,NO,1,1,YES,101,101,202,98.22,98.77,196.99,0,0
1995,12-Mar,02:30PM,Sun,Atlanta,23,24,47,28,29,0,57,104,YES,1,0,YES,Boston,31,22,53,22,23,0,45,98,YES,1,1,NO,100,102,202,97.22,99.77,196.99,-2,198
1995,12-Mar,01:30PM,Sun,Portland,23,27,50,24,28,0,52,102,NO,1,1,YES,Minnesota,17,27,44,16,28,0,44,88,YES,1,1,NO,94,96,190,91.22,93.77,184.99,-4.5,0
1995,12-Mar,12:00PM,Sun,Sacramento,28,22,50,28,27,0,55,105,NO,1,1,YES,LAC,23,31,54,14,25,0,39,93,NO,2,1,NO,104,94,198,101.22,91.77,192.99,3,192
1995,12-Mar,06:00PM,Sun,Utah,26,23,49,28,19,0,47,96,YES,1,1,NO,Miami,20,18,38,21,27,0,48,86,YES,1,0,YES,87,95,182,84.22,92.77,176.99,5,202
1995,12-Mar,04:00PM,Sun,Golden State,27,28,55,30,28,11,58,113,NO,1,0,YES,Phoenix,36,25,61,30,22,4,52,113,NO,1,1,NO,116,110,226,113.22,107.77,220.99,-15.5,228
1995,12-Mar,08:00PM,Sun,Seattle,32,28,60,36,38,0,74,134,NO,0,1,YES,Detroit,29,17,46,19,29,0,48,94,YES,1,1,NO,106,122,228,103.22,119.77,222.99,7,207
1995,13-Mar,07:30PM,Mon,Washington,25,22,47,25,34,0,59,106,YES,1,0,YES,Charlotte,37,24,61,26,16,0,42,103,YES,0,1,NO,108,101,209,105.22,98.77,203.99,-10.5,211
1995,13-Mar,04:30PM,Mon,Dallas,30,28,58,26,46,0,72,130,NO,1,0,NO,Golden State,26,34,60,25,40,0,65,125,NO,1,0,YES,118,137,255,115.22,134.77,249.99,-4,218
1995,13-Mar,04:30PM,Mon,Indiana,34,16,50,20,21,0,41,91,NO,2,1,YES,LAL,25,17,42,31,20,0,51,93,YES,1,1,YES,92,92,184,89.22,89.77,178.99,2.5,0
1995,13-Mar,08:00PM,Mon,Houston,26,20,46,23,28,0,51,97,YES,1,0,NO,Atlanta,24,16,40,30,16,0,46,86,YES,1,0,YES,86,97,183,83.22,94.77,177.99,0,198
1995,14-Mar,04:00PM,Tue,Detroit,26,22,48,34,27,0,61,109,YES,1,0,NO,Phoenix,24,24,48,42,26,0,68,116,YES,1,1,NO,96,129,225,93.22,126.77,219.99,-12,216
1995,14-Mar,04:00PM,Tue,Miami,23,34,57,19,38,0,57,114,YES,1,1,NO,Portland,43,23,66,31,24,0,55,121,NO,1,1,YES,123,112,235,120.22,109.77,229.99,-8,0
1995,14-Mar,07:00PM,Tue,Boston,25,20,45,26,22,0,48,93,YES,1,1,NO,Seattle,35,36,71,26,16,0,42,113,NO,1,1,YES,116,90,206,113.22,87.77,200.99,-12.5,221
1995,14-Mar,06:30PM,Tue,Charlotte,22,20,42,18,26,0,44,86,YES,0,1,YES,Milwaukee,20,30,50,24,25,0,49,99,YES,0,1,NO,92,93,185,89.22,90.77,179.99,5.5,201
1995,14-Mar,07:30PM,Tue,Utah,29,21,50,24,33,0,57,107,NO,1,1,NO,Orlando,24,17,41,33,21,0,54,95,YES,0,1,NO,91,111,202,88.22,108.77,196.99,-5,212
1995,14-Mar,07:30PM,Tue,Houston,36,34,70,28,38,0,66,136,NO,0,1,YES,Philadelphia,26,24,50,20,37,0,57,107,YES,1,1,NO,120,123,243,117.22,120.77,237.99,6,200
1995,14-Mar,04:30PM,Tue,Dallas,22,25,47,21,23,0,44,91,NO,0,2,YES,Sacramento,22,21,43,28,19,0,47,90,YES,1,1,YES,90,91,181,87.22,88.77,175.99,-8.5,196
1995,14-Mar,06:30PM,Tue,Minnesota,21,28,49,22,29,0,51,100,YES,1,1,NO,San Antonio,29,26,55,32,28,0,60,115,NO,1,1,YES,104,111,215,101.22,108.77,209.99,-14,210
1995,14-Mar,07:30PM,Tue,Chicago,25,29,54,31,21,0,52,106,YES,2,0,YES,Washington,21,27,48,21,24,0,45,93,NO,2,0,YES,102,97,199,99.22,94.77,193.99,5,210
1995,14-Mar,08:00PM,Tue,Denver,20,13,33,25,16,0,41,74,NO,1,1,YES,New York,26,22,48,25,21,0,46,94,YES,2,2,NO,81,87,168,78.22,84.77,162.99,-10,0
1995,15-Mar,06:30PM,Wed,Atlanta,26,20,46,20,20,0,40,86,YES,1,2,YES,Chicago,31,27,58,21,20,0,41,99,NO,1,0,YES,104,81,185,101.22,78.77,179.99,-5.5,192
1995,15-Mar,04:30PM,Wed,LAL,34,23,57,26,25,0,51,108,YES,1,1,YES,Golden State,34,34,68,31,20,0,51,119,YES,1,1,NO,125,102,227,122.22,99.77,221.99,-3,219
1995,15-Mar,07:30PM,Wed,Milwaukee,22,29,51,30,27,0,57,108,YES,0,1,NO,Indiana,26,28,54,26,37,0,63,117,NO,1,1,YES,105,120,225,102.22,117.77,219.99,-11.5,196
1995,15-Mar,04:30PM,Wed,Detroit,18,26,44,21,22,0,43,87,NO,0,2,NO,LAC,24,30,54,24,39,0,63,117,NO,1,2,NO,98,106,204,95.22,103.77,198.99,-1.5,196
1995,15-Mar,07:30PM,Wed,Orlando,28,31,59,23,17,0,40,99,YES,0,1,NO,New Jersey,25,27,52,28,28,0,56,108,NO,1,3,YES,111,96,207,108.22,93.77,201.99,6.5,214
1995,16-Mar,05:00PM,Thu,Sacramento,18,24,42,29,30,0,59,101,YES,1,0,YES,Denver,30,39,69,32,22,0,54,123,NO,1,1,YES,111,113,224,108.22,110.77,218.99,-5.5,189
1995,16-Mar,04:00PM,Thu,Boston,29,22,51,25,22,0,47,98,NO,1,0,NO,Portland,27,36,63,24,26,0,50,113,YES,1,1,NO,114,97,211,111.22,94.77,205.99,-8.5,212
1995,16-Mar,07:00PM,Thu,Miami,21,19,40,18,20,0,38,78,NO,1,0,NO,Seattle,30,18,48,27,28,0,55,103,NO,1,1,NO,88,93,181,85.22,90.77,175.99,-12.5,215
1995,16-Mar,07:30PM,Thu,Utah,20,22,42,18,25,0,43,85,NO,1,0,NO,Cleveland,16,28,44,18,31,0,49,93,YES,0,3,YES,86,92,178,83.22,89.77,172.99,3.5,175
1995,16-Mar,06:30PM,Thu,Minnesota,19,23,42,20,35,0,55,97,NO,1,0,YES,Houston,30,26,56,28,20,0,48,104,NO,2,1,YES,98,103,201,95.22,100.77,195.99,-13,207
1995,16-Mar,06:30PM,Thu,Philadelphia,23,23,46,16,24,0,40,86,YES,1,0,NO,San Antonio,34,27,61,35,16,0,51,112,NO,1,1,NO,107,91,198,104.22,88.77,192.99,-15,213
1995,16-Mar,08:00PM,Thu,Phoenix,26,36,62,23,23,0,46,108,YES,1,1,NO,Charlotte,24,22,46,31,28,0,59,105,NO,2,1,YES,108,105,213,105.22,102.77,207.99,-2,212
1995,17-Mar,06:00PM,Fri,Cleveland,15,29,44,15,18,0,33,77,YES,0,1,NO,Minnesota,20,23,43,20,17,0,37,80,NO,1,0,YES,87,70,157,84.22,67.77,151.99,5,176
1995,17-Mar,06:30PM,Fri,Milwaukee,16,26,42,29,15,0,44,86,NO,1,1,YES,Chicago,22,21,43,17,27,0,44,87,YES,1,1,NO,85,88,173,82.22,85.77,167.99,-10.5,202
1995,17-Mar,06:30PM,Fri,Philadelphia,20,31,51,23,27,0,50,101,NO,0,1,NO,Dallas,26,23,49,25,29,0,54,103,YES,0,2,YES,100,104,204,97.22,101.77,198.99,-5,202
1995,17-Mar,07:30PM,Fri,Orlando,23,26,49,24,24,0,48,97,NO,1,3,YES,Indiana,31,30,61,25,21,0,46,107,NO,1,1,NO,110,94,204,107.22,91.77,198.99,-1,208
1995,17-Mar,04:30PM,Fri,Miami,31,28,59,25,36,0,61,120,NO,0,1,YES,LAC,30,21,51,20,27,0,47,98,YES,1,1,NO,110,108,218,107.22,105.77,212.99,2.5,198
1995,17-Mar,04:30PM,Fri,Boston,25,30,55,28,35,0,63,118,NO,0,1,NO,LAL,26,17,43,23,26,0,49,92,NO,1,1,YES,98,112,210,95.22,109.77,204.99,-6,209
1995,17-Mar,07:30PM,Fri,Utah,23,25,48,30,25,0,55,103,NO,0,1,NO,New Jersey,24,19,43,27,28,0,55,98,YES,0,1,NO,91,110,201,88.22,107.77,195.99,5.5,200
1995,17-Mar,04:30PM,Fri,Golden State,21,33,54,28,28,0,56,110,YES,1,1,YES,Sacramento,40,30,70,26,32,0,58,128,YES,1,0,YES,124,114,238,121.22,111.77,232.99,-7,204
1995,17-Mar,07:30PM,Fri,New York,21,27,48,20,21,0,41,89,YES,2,0,YES,Washington,22,22,44,23,14,0,37,81,NO,1,2,NO,92,78,170,89.22,75.77,164.99,7,199
1995,18-Mar,12:30PM,Sat,Detroit,26,25,51,32,27,0,59,110,NO,2,0,NO,Seattle,36,30,66,32,35,0,67,133,YES,1,1,NO,117,126,243,114.22,123.77,237.99,-15,215
1995,18-Mar,05:00PM,Sat,Portland,21,24,45,15,30,0,45,90,YES,1,2,YES,Denver,26,30,56,24,30,0,54,110,YES,1,1,NO,101,99,200,98.22,96.77,194.99,-1.5,201
1995,18-Mar,07:30PM,Sat,Phoenix,25,25,50,32,35,0,67,117,NO,1,0,NO,Atlanta,29,23,52,36,34,0,70,122,NO,1,2,YES,102,137,239,99.22,134.77,233.99,1.5,209
1995,18-Mar,07:30PM,Sat,New Jersey,17,25,42,18,23,8,41,83,YES,0,2,NO,New York,27,20,47,20,16,9,36,83,NO,2,0,YES,89,77,166,86.22,74.77,160.99,-7.5,192
1995,18-Mar,06:30PM,Sat,Dallas,30,30,60,24,22,0,46,106,YES,0,1,NO,San Antonio,33,27,60,28,28,0,56,116,NO,1,1,NO,120,102,222,117.22,99.77,216.99,-14,217
1995,19-Mar,12:00PM,Sun,Utah,21,21,42,30,32,0,62,104,NO,1,2,YES,Charlotte,24,25,49,34,25,0,59,108,YES,1,2,NO,91,121,212,88.22,118.77,206.99,0,200
1995,19-Mar,12:00PM,Sun,Chicago,15,22,37,26,29,4,55,92,YES,1,2,NO,Indiana,21,26,47,26,19,11,45,92,YES,1,1,NO,84,100,184,81.22,97.77,178.99,-5.5,201
1995,19-Mar,01:00PM,Sun,Cleveland,21,23,44,25,21,0,46,90,NO,1,0,YES,Washington,26,23,49,21,26,0,47,96,YES,1,1,NO,93,93,186,90.22,90.77,180.99,5.5,178
1995,19-Mar,12:30PM,Sun,Boston,26,24,50,32,12,0,44,94,NO,1,2,YES,Milwaukee,27,22,49,23,23,0,46,95,NO,1,1,YES,99,90,189,96.22,87.77,183.99,-3.5,207
1995,19-Mar,01:30PM,Sun,Philadelphia,25,20,45,33,25,0,58,103,NO,1,2,YES,Houston,28,28,56,25,33,0,58,114,NO,1,2,NO,101,116,217,98.22,113.77,211.99,-12.5,208
1995,19-Mar,01:30PM,Sun,LAC,23,17,40,29,24,0,53,93,YES,1,0,NO,Minnesota,17,26,43,22,31,0,53,96,NO,2,1,NO,83,106,189,80.22,103.77,183.99,-5.5,197
1995,19-Mar,02:00PM,Sun,Detroit,34,26,60,28,27,0,55,115,NO,0,1,YES,Golden State,20,36,56,29,32,0,61,117,YES,1,1,YES,116,116,232,113.22,113.77,226.99,-5,0
1995,19-Mar,06:00PM,Sun,Phoenix,40,29,69,24,15,13,39,108,NO,0,1,NO,Miami,26,28,54,34,20,9,54,108,NO,1,1,YES,123,93,216,120.22,90.77,210.99,4.5,215
1995,19-Mar,03:30PM,Sun,Sacramento,26,32,58,25,33,0,58,116,YES,1,0,YES,LAL,34,30,64,23,34,0,57,121,NO,2,1,NO,122,115,237,119.22,112.77,231.99,-5,197
1995,20-Mar,07:30PM,Mon,LAC,29,32,61,22,19,0,41,102,NO,0,1,NO,Atlanta,26,28,54,24,28,0,52,106,NO,1,1,NO,115,93,208,112.22,90.77,202.99,-2.5,195
1995,20-Mar,07:30PM,Mon,Dallas,22,20,42,17,24,19,41,83,NO,1,1,NO,Cleveland,23,24,47,22,14,17,36,83,NO,1,0,YES,89,77,166,86.22,74.77,160.99,-10,0
1995,20-Mar,04:30PM,Mon,Denver,23,19,42,21,26,0,47,89,YES,1,1,NO,Sacramento,24,29,53,15,23,0,38,91,YES,1,0,YES,95,85,180,92.22,82.77,174.99,-3,192
1995,20-Mar,06:30PM,Mon,Seattle,22,25,47,27,22,0,49,96,YES,1,0,NO,San Antonio,33,19,52,32,20,0,52,104,YES,1,1,NO,99,101,200,96.22,98.77,194.99,-3.5,219
1995,21-Mar,04:00PM,Tue,Washington,27,20,47,25,34,0,59,106,YES,1,1,NO,Portland,24,31,55,27,29,0,56,111,YES,0,2,YES,102,115,217,99.22,112.77,211.99,-10,211
1995,21-Mar,07:30PM,Tue,New Jersey,17,24,41,28,26,0,54,95,NO,2,0,YES,Detroit,31,18,49,30,23,0,53,102,NO,1,1,YES,90,107,197,87.22,104.77,191.99,0,201
1995,21-Mar,06:30PM,Tue,Seattle,20,31,51,21,32,0,53,104,NO,0,1,YES,Houston,32,17,49,27,26,0,53,102,NO,1,1,NO,100,106,206,97.22,103.77,200.99,-1,214
1995,21-Mar,07:30PM,Tue,Indiana,21,23,44,26,25,0,51,95,YES,1,0,YES,Miami,23,33,56,24,17,0,41,97,YES,0,1,NO,100,92,192,97.22,89.77,186.99,3,199
1995,21-Mar,06:30PM,Tue,Golden State,20,29,49,29,31,0,60,109,YES,1,0,NO,Milwaukee,28,38,66,26,23,0,49,115,NO,1,1,NO,115,109,224,112.22,106.77,218.99,-4,217
1995,21-Mar,07:30PM,Tue,Charlotte,25,14,39,20,19,0,39,78,YES,1,1,NO,New York,16,15,31,18,20,0,38,69,YES,1,2,NO,70,77,147,67.22,74.77,141.99,-6,189
1995,21-Mar,08:00PM,Tue,Phoenix,28,24,52,22,28,0,50,102,NO,1,2,YES,Orlando,31,33,64,31,31,0,62,126,NO,1,3,YES,116,112,228,113.22,109.77,222.99,-5.5,223
1995,22-Mar,06:00PM,Wed,Dallas,22,21,43,26,30,0,56,99,NO,1,0,NO,Minnesota,21,32,53,15,28,0,43,96,NO,1,2,NO,96,99,195,93.22,96.77,189.99,-1.5,201
1995,22-Mar,05:00PM,Wed,Denver,25,21,46,19,26,0,45,91,NO,1,0,YES,Utah,24,24,48,31,24,0,55,103,YES,0,2,YES,94,100,194,91.22,97.77,188.99,-11.5,199
1995,22-Mar,07:30PM,Wed,Miami,27,18,45,23,30,0,53,98,YES,0,1,YES,Atlanta,24,15,39,19,26,0,45,84,YES,1,1,NO,84,98,182,81.22,95.77,176.99,-7,196
1995,22-Mar,07:30PM,Wed,Chicago,37,32,69,31,24,0,55,124,NO,2,1,YES,Boston,27,27,54,31,22,0,53,107,YES,1,2,YES,123,108,231,120.22,105.77,225.99,5,205
1995,22-Mar,07:30PM,Wed,Sacramento,30,13,43,27,19,0,46,89,YES,1,1,NO,Cleveland,26,26,52,27,22,0,49,101,NO,1,1,NO,95,95,190,92.22,92.77,184.99,-8,174
1995,22-Mar,07:30PM,Wed,LAC,32,21,53,23,27,0,50,103,NO,1,0,NO,Indiana,32,24,56,25,26,0,51,107,NO,1,0,YES,109,101,210,106.22,98.77,204.99,-14,0
1995,22-Mar,04:30PM,Wed,Portland,37,24,61,24,29,0,53,114,YES,0,1,YES,LAL,27,39,66,28,27,0,55,121,NO,1,2,NO,127,108,235,124.22,105.77,229.99,-1.5,209
1995,22-Mar,07:30PM,Wed,San Antonio,31,24,55,21,26,0,47,102,YES,1,1,NO,New Jersey,18,24,42,29,14,0,43,85,YES,2,0,YES,97,90,187,94.22,87.77,181.99,5,208
1995,22-Mar,07:30PM,Wed,Golden State,26,24,50,26,26,0,52,102,NO,0,1,NO,Philadelphia,35,29,64,25,30,0,55,119,NO,1,2,YES,114,107,221,111.22,104.77,215.99,-3.5,218
1995,23-Mar,05:00PM,Thu,New York,28,22,50,26,28,0,54,104,YES,1,1,NO,Denver,25,32,57,20,24,0,44,101,YES,2,0,YES,107,98,205,104.22,95.77,199.99,2.5,183
1995,23-Mar,07:00PM,Thu,Washington,27,33,60,26,17,0,43,103,NO,1,0,NO,Seattle,23,27,50,26,32,0,58,108,YES,0,1,YES,110,101,211,107.22,98.77,205.99,-5,219
1995,23-Mar,07:30PM,Thu,Dallas,27,28,55,22,25,0,47,102,NO,0,1,YES,Detroit,25,26,51,32,11,0,43,94,NO,1,1,NO,106,90,196,103.22,87.77,190.99,-4,0
1995,23-Mar,06:30PM,Thu,Utah,24,36,60,26,26,0,52,112,YES,0,1,NO,Houston,25,17,42,34,28,0,62,104,YES,0,1,NO,102,114,216,99.22,111.77,210.99,-2.5,204
1995,23-Mar,06:30PM,Thu,LAC,18,29,47,25,21,0,46,93,NO,0,1,YES,Milwaukee,30,25,55,25,24,0,49,104,NO,1,1,NO,102,95,197,99.22,92.77,191.99,-10,200
1995,23-Mar,08:00PM,Thu,Charlotte,24,29,53,19,21,0,40,93,NO,1,1,YES,Orlando,28,25,53,26,26,0,52,105,YES,0,1,NO,106,92,198,103.22,89.77,192.99,-7.5,207
1995,24-Mar,06:00PM,Fri,San Antonio,30,29,59,31,21,0,52,111,NO,1,0,NO,Minnesota,28,22,50,17,30,0,47,97,NO,1,1,NO,109,99,208,106.22,96.77,202.99,7,204
1995,24-Mar,04:00PM,Fri,Houston,29,23,52,26,21,0,47,99,YES,0,1,NO,Phoenix,26,24,50,28,19,0,47,97,NO,3,2,YES,102,94,196,99.22,91.77,190.99,-6,221
1995,24-Mar,04:00PM,Fri,Seattle,38,25,63,30,29,0,59,122,YES,0,1,YES,Portland,38,24,62,32,24,0,56,118,NO,1,1,YES,125,115,240,122.22,112.77,234.99,0,215
1995,24-Mar,06:30PM,Fri,Orlando,32,25,57,20,29,0,49,106,YES,0,1,YES,Chicago,32,22,54,26,19,0,45,99,YES,0,1,YES,111,94,205,108.22,91.77,199.99,-4,211
1995,24-Mar,07:30PM,Fri,Atlanta,17,11,28,26,20,0,46,74,YES,1,0,YES,Cleveland,18,19,37,16,22,0,38,75,YES,0,1,NO,65,84,149,62.22,81.77,143.99,-6,175
1995,24-Mar,07:30PM,Fri,Sacramento,29,20,49,28,19,0,47,96,NO,1,1,NO,Indiana,32,23,55,27,21,0,48,103,YES,0,1,NO,104,95,199,101.22,92.77,193.99,-8.5,196
1995,24-Mar,04:30PM,Fri,Washington,31,22,53,37,13,0,50,103,NO,0,2,NO,LAL,27,32,59,28,26,0,54,113,NO,1,1,NO,112,104,216,109.22,101.77,210.99,-9.5,215
1995,24-Mar,07:30PM,Fri,Golden State,12,28,40,35,36,0,71,111,NO,1,1,NO,Miami,38,26,64,30,21,0,51,115,NO,0,1,YES,104,122,226,101.22,119.77,220.99,-7.5,220
1995,24-Mar,07:30PM,Fri,Boston,30,27,57,29,21,0,50,107,YES,1,0,NO,Philadelphia,20,15,35,28,12,0,40,75,NO,0,1,NO,92,90,182,89.22,87.77,176.99,-3,210
1995,25-Mar,07:30PM,Sat,Chicago,28,23,51,29,19,0,48,99,YES,0,2,NO,Atlanta,26,34,60,18,20,0,38,98,YES,2,0,YES,111,86,197,108.22,83.77,191.99,3,196
1995,25-Mar,07:30PM,Sat,Cleveland,19,21,40,29,28,0,57,97,YES,0,3,NO,Charlotte,24,33,57,26,22,0,48,105,YES,3,1,YES,97,105,202,94.22,102.77,196.99,-6,174
1995,25-Mar,06:30PM,Sat,Utah,26,22,48,34,28,0,62,110,NO,1,1,YES,Dallas,33,30,63,26,28,0,54,117,NO,2,1,YES,111,116,227,108.22,113.77,221.99,6,204
1995,25-Mar,07:30PM,Sat,Boston,40,22,62,19,22,0,41,103,NO,0,2,NO,Detroit,32,18,50,30,24,0,54,104,NO,1,1,NO,112,95,207,109.22,92.77,201.99,-2,206
1995,25-Mar,04:30PM,Sat,New York,25,22,47,22,25,0,47,94,NO,1,0,NO,LAC,28,21,49,19,18,0,37,86,YES,1,1,YES,96,84,180,93.22,81.77,174.99,7.5,191
1995,25-Mar,07:30PM,Sat,New Jersey,26,17,43,24,29,0,53,96,YES,2,1,NO,Miami,28,20,48,26,21,0,47,95,NO,2,0,NO,91,100,191,88.22,97.77,185.99,-5,199
1995,25-Mar,06:30PM,Sat,San Antonio,27,34,61,27,25,0,52,113,NO,0,1,NO,Milwaukee,35,25,60,23,22,0,45,105,YES,2,1,NO,121,97,218,118.22,94.77,212.99,5.5,207
1995,25-Mar,07:30PM,Sat,Indiana,23,16,39,20,25,0,45,84,YES,0,1,YES,Philadelphia,18,16,34,20,21,0,41,75,NO,3,0,NO,73,86,159,70.22,83.77,153.99,5,198
1995,26-Mar,12:00PM,Sun,Golden State,24,17,41,25,32,0,57,98,NO,1,1,NO,Orlando,33,40,73,24,35,0,59,132,YES,1,1,YES,114,116,230,111.22,113.77,224.99,-14.5,229
1995,26-Mar,01:30PM,Sun,Sacramento,28,18,46,28,30,0,58,104,NO,1,1,YES,Minnesota,20,26,46,20,32,0,52,98,YES,2,1,NO,92,110,202,89.22,107.77,196.99,2.5,194
1995,26-Mar,02:00PM,Sun,Denver,25,18,43,33,26,0,59,102,YES,2,0,YES,Portland,24,33,57,20,21,0,41,98,NO,1,1,NO,100,100,200,97.22,97.77,194.99,-8.5,202
1995,26-Mar,06:00PM,Sun,New York,24,24,48,12,22,0,34,82,NO,0,1,YES,Seattle,24,24,48,27,18,0,45,93,NO,2,1,YES,96,79,175,93.22,76.77,169.99,-7,202
1995,26-Mar,03:30PM,Sun,Houston,16,27,43,22,31,0,53,96,NO,1,1,YES,LAL,23,30,53,23,31,0,54,107,YES,1,1,NO,96,107,203,93.22,104.77,197.99,-1,211
1995,27-Mar,05:00PM,Mon,LAC,25,30,55,18,31,0,49,104,YES,1,2,YES,Denver,27,33,60,24,29,0,53,113,YES,3,0,YES,115,102,217,112.22,99.77,211.99,-10.5,196
1995,27-Mar,05:00PM,Mon,Washington,29,30,59,20,23,0,43,102,NO,2,1,YES,Utah,39,25,64,33,31,0,64,128,YES,0,1,YES,123,107,230,120.22,104.77,224.99,-13,213
1995,27-Mar,07:30PM,Mon,San Antonio,32,29,61,27,26,0,53,114,NO,1,1,YES,Detroit,17,28,45,29,19,0,48,93,NO,1,1,NO,106,101,207,103.22,98.77,201.99,8,0
1995,27-Mar,07:30PM,Mon,New Jersey,12,24,36,25,26,0,51,87,NO,1,0,YES,Indiana,27,26,53,19,26,0,45,98,NO,1,1,YES,89,96,185,86.22,93.77,179.99,-9,195
1995,28-Mar,04:00PM,Tue,Utah,21,27,48,32,31,0,63,111,YES,0,2,YES,Phoenix,17,28,45,29,28,0,57,102,YES,1,3,NO,93,120,213,90.22,117.77,207.99,-4,219
1995,28-Mar,04:00PM,Tue,Atlanta,34,21,55,30,17,0,47,102,YES,2,1,NO,Portland,22,29,51,17,23,0,40,91,YES,1,1,NO,106,87,193,103.22,84.77,187.99,-6,197
1995,28-Mar,06:30PM,Tue,Milwaukee,13,34,47,22,24,0,46,93,YES,2,2,NO,Dallas,30,34,64,21,29,0,50,114,YES,1,2,NO,111,96,207,108.22,93.77,201.99,-6,0
1995,28-Mar,06:30PM,Tue,LAL,27,26,53,26,27,0,53,106,YES,1,0,NO,Houston,22,28,50,24,22,0,46,96,YES,1,1,YES,103,99,202,100.22,96.77,196.99,-7.5,210
1995,28-Mar,07:30PM,Tue,Boston,26,34,60,30,36,0,66,126,NO,2,1,NO,Miami,33,26,59,28,28,0,56,115,YES,0,2,NO,119,122,241,116.22,119.77,235.99,-5.5,207
1995,28-Mar,07:30PM,Tue,Golden State,32,33,65,31,31,0,62,127,NO,1,1,YES,New Jersey,25,34,59,28,26,0,54,113,NO,1,0,YES,124,116,240,121.22,113.77,234.99,-7,220
1995,28-Mar,04:30PM,Tue,Orlando,33,21,54,34,18,0,52,106,YES,1,2,NO,Sacramento,35,25,60,21,36,0,57,117,NO,1,1,YES,114,109,223,111.22,106.77,217.99,5.5,205
1995,28-Mar,08:00PM,Tue,Chicago,31,19,50,32,31,0,63,113,NO,2,1,YES,New York,34,22,56,26,29,0,55,111,YES,0,1,YES,106,118,224,103.22,115.77,218.99,-1,189
1995,29-Mar,07:00PM,Wed,Minnesota,25,23,48,24,20,0,44,92,YES,2,1,NO,Seattle,23,39,62,25,22,0,47,109,NO,1,2,NO,110,91,201,107.22,88.77,195.99,-15,211
1995,29-Mar,07:30PM,Wed,New York,22,31,53,28,26,0,54,107,YES,0,1,YES,Detroit,23,20,43,30,24,0,54,97,NO,3,1,NO,96,108,204,93.22,105.77,198.99,6,190
1995,29-Mar,07:30PM,Wed,Cleveland,26,25,51,20,25,0,45,96,NO,3,1,YES,Indiana,28,26,54,33,20,0,53,107,NO,1,1,NO,105,98,203,102.22,95.77,197.99,-6,176
1995,29-Mar,07:30PM,Wed,Charlotte,27,17,44,23,14,0,37,81,YES,3,0,YES,Philadelphia,25,23,48,28,23,0,51,99,NO,1,3,NO,92,88,180,89.22,85.77,174.99,7.5,192
1995,29-Mar,06:30PM,Wed,LAL,17,23,40,19,25,0,44,84,NO,0,1,YES,San Antonio,21,24,45,27,35,0,62,107,NO,1,1,YES,85,106,191,82.22,103.77,185.99,-9.5,220
1995,29-Mar,07:30PM,Wed,Miami,25,28,53,24,24,0,48,101,YES,0,1,NO,Washington,26,29,55,25,17,0,42,97,YES,1,1,YES,108,90,198,105.22,87.77,192.99,0,209
1995,30-Mar,02:00PM,Thu,Atlanta,27,30,57,29,22,0,51,108,NO,1,0,NO,Golden State,19,20,39,17,24,0,41,80,NO,1,1,YES,96,92,188,93.22,89.77,182.99,4,217
1995,30-Mar,07:30PM,Thu,Dallas,30,29,59,30,36,0,66,125,YES,1,0,NO,Charlotte,21,30,51,28,28,0,56,107,YES,2,0,YES,110,122,232,107.22,119.77,226.99,-7.5,202
1995,30-Mar,06:30PM,Thu,Boston,19,22,41,22,19,0,41,82,NO,1,0,YES,Chicago,24,29,53,20,27,0,47,100,NO,1,1,YES,94,88,182,91.22,85.77,176.99,-12.5,212
1995,30-Mar,04:30PM,Thu,Houston,28,23,51,18,39,0,57,108,YES,1,1,YES,LAC,20,22,42,26,28,0,54,96,NO,1,2,YES,93,111,204,90.22,108.77,198.99,3,197
1995,30-Mar,07:30PM,Thu,Portland,24,30,54,26,26,0,52,106,YES,1,0,NO,New Jersey,32,35,67,22,14,0,36,103,NO,2,1,NO,121,88,209,118.22,85.77,203.99,2,202
1995,30-Mar,04:30PM,Thu,Phoenix,33,21,54,27,32,0,59,113,YES,1,0,YES,Sacramento,30,27,57,21,18,0,39,96,YES,0,1,NO,111,98,209,108.22,95.77,203.99,3.5,211
1995,31-Mar,04:00PM,Fri,Orlando,31,23,54,28,19,0,47,101,NO,2,1,NO,Utah,24,21,45,31,22,0,53,98,YES,0,2,YES,99,100,199,96.22,97.77,193.99,-4.5,212
1995,31-Mar,04:00PM,Fri,Minnesota,37,17,54,24,18,0,42,96,NO,1,0,NO,Phoenix,21,35,56,21,29,0,50,106,YES,1,0,YES,110,92,202,107.22,89.77,196.99,-12,214
1995,31-Mar,07:00PM,Fri,Sacramento,17,27,44,29,22,0,51,95,YES,0,3,YES,Seattle,26,35,61,30,29,0,59,120,NO,1,1,NO,105,110,215,102.22,107.77,209.99,-11.5,210
1995,31-Mar,07:30PM,Fri,Miami,22,23,45,28,26,0,54,99,NO,1,1,YES,Boston,17,34,51,25,24,0,49,100,NO,1,0,YES,96,103,199,93.22,100.77,193.99,-4.5,209
1995,31-Mar,07:30PM,Fri,Washington,26,25,51,25,12,0,37,88,YES,1,1,NO,Cleveland,19,21,40,31,27,0,58,98,NO,1,1,YES,91,95,186,88.22,92.77,180.99,-8,0
1995,31-Mar,07:30PM,Fri,Denver,31,25,56,31,20,0,51,107,YES,3,1,NO,Indiana,22,21,43,24,25,0,49,92,NO,1,1,NO,99,100,199,96.22,97.77,193.99,-8.5,195
1995,31-Mar,04:30PM,Fri,Atlanta,27,33,60,24,23,0,47,107,NO,0,1,NO,LAL,36,33,69,26,26,0,52,121,NO,1,1,YES,129,99,228,126.22,96.77,222.99,-4,201
1995,31-Mar,07:30PM,Fri,Dallas,21,20,41,17,32,0,49,90,NO,0,1,NO,New York,23,23,46,31,24,0,55,101,YES,1,1,YES,87,104,191,84.22,101.77,185.99,-8,197
1995,31-Mar,07:30PM,Fri,Portland,23,20,43,22,20,0,42,85,NO,0,1,NO,Philadelphia,23,23,46,24,16,0,40,86,YES,0,1,NO,89,82,171,86.22,79.77,165.99,5.5,200
1995,31-Mar,06:30PM,Fri,Milwaukee,22,25,47,31,24,0,55,102,NO,2,0,NO,San Antonio,36,25,61,29,28,0,57,118,NO,1,1,NO,108,112,220,105.22,109.77,214.99,-14,212
1995,1-Apr,06:30PM,Sat,Philadelphia,17,25,42,28,14,0,42,84,YES,0,2,NO,Chicago,29,22,51,18,22,0,40,91,YES,3,1,NO,93,82,175,90.22,79.77,169.99,-14,197
1995,1-Apr,04:30PM,Sat,Minnesota,36,41,77,26,23,0,49,126,NO,0,2,NO,Golden State,27,24,51,32,21,0,53,104,NO,2,1,NO,128,102,230,125.22,99.77,224.99,-5,220
1995,1-Apr,06:30PM,Sat,Milwaukee,25,21,46,26,21,0,47,93,NO,0,3,YES,Houston,22,29,51,22,14,0,36,87,YES,2,1,YES,97,83,180,94.22,80.77,174.99,-9,0
1995,1-Apr,04:30PM,Sat,Utah,28,26,54,23,21,0,44,98,YES,0,2,YES,LAC,28,23,51,34,31,0,65,116,NO,2,1,NO,105,109,214,102.22,106.77,208.99,10.5,203
1995,2-Apr,11:30AM,Sun,Phoenix,23,28,51,33,22,0,55,106,YES,1,1,NO,San Antonio,28,27,55,29,25,0,54,109,YES,1,1,NO,106,109,215,103.22,106.77,209.99,-6,220
1995,2-Apr,01:00PM,Sun,Atlanta,13,20,33,26,24,0,50,83,NO,1,2,YES,Seattle,33,27,60,19,26,0,45,105,YES,1,1,NO,93,95,188,90.22,92.77,182.99,-8.5,207
1995,2-Apr,01:30PM,Sun,Washington,28,22,50,29,26,0,55,105,NO,1,2,NO,Detroit,28,16,44,31,35,0,66,110,YES,2,3,NO,94,121,215,91.22,118.77,209.99,-3.5,209
1995,2-Apr,01:30PM,Sun,New York,26,20,46,23,25,0,48,94,YES,1,1,YES,New Jersey,24,31,55,19,11,0,30,85,NO,2,2,NO,101,78,179,98.22,75.77,173.99,3,187
1995,2-Apr,03:00PM,Sun,Portland,26,31,57,15,21,0,36,93,NO,1,1,YES,Indiana,33,28,61,19,24,0,43,104,YES,1,1,NO,118,79,197,115.22,76.77,191.99,-5,199
1995,2-Apr,04:00PM,Sun,Dallas,25,16,41,26,20,0,46,87,NO,1,2,YES,Boston,31,27,58,15,21,0,36,94,YES,1,1,NO,99,82,181,96.22,79.77,175.99,-2,212
1995,2-Apr,06:00PM,Sun,Charlotte,31,29,60,25,20,0,45,105,YES,2,2,YES,Miami,21,20,41,30,21,0,51,92,NO,1,1,YES,101,96,197,98.22,93.77,191.99,2,195
1995,2-Apr,03:30PM,Sun,Orlando,31,24,55,33,24,0,57,112,NO,1,2,YES,LAL,26,33,59,23,37,0,60,119,YES,1,1,NO,114,117,231,111.22,114.77,225.99,3,218
1995,2-Apr,07:30PM,Sun,Denver,21,32,53,36,15,0,51,104,NO,1,1,YES,Cleveland,19,32,51,25,25,0,50,101,NO,1,1,NO,104,101,205,101.22,98.77,199.99,-6,176
1995,4-Apr,03:00PM,Tue,Phoenix,23,26,49,23,42,0,65,114,NO,1,1,NO,Golden State,41,22,63,28,31,0,59,122,NO,1,2,NO,112,124,236,109.22,121.77,230.99,7.5,231
1995,4-Apr,05:00PM,Tue,LAL,27,24,51,34,19,0,53,104,YES,1,0,NO,Denver,32,25,57,19,25,0,44,101,NO,1,1,YES,108,97,205,105.22,94.77,199.99,-3,209
1995,4-Apr,04:00PM,Tue,Minnesota,21,25,46,17,28,0,45,91,NO,2,2,NO,Portland,24,27,51,21,23,0,44,95,NO,2,1,YES,97,89,186,94.22,86.77,180.99,-10.5,204
1995,4-Apr,05:00PM,Tue,Seattle,17,27,44,25,23,0,48,92,YES,1,1,NO,Utah,37,28,65,20,29,0,49,114,YES,2,2,YES,109,97,206,106.22,94.77,200.99,-4,210
1995,4-Apr,07:30PM,Tue,Boston,18,28,46,22,29,0,51,97,YES,1,2,YES,Cleveland,27,24,51,22,19,0,41,92,YES,0,1,NO,97,92,189,94.22,89.77,183.99,-8,188
1995,4-Apr,04:30PM,Tue,San Antonio,21,29,50,30,33,0,63,113,YES,1,1,NO,LAC,22,32,54,16,19,0,35,89,YES,3,2,NO,104,98,202,101.22,95.77,196.99,11,208
1995,4-Apr,07:30PM,Tue,Philadelphia,22,28,50,19,23,0,42,92,NO,2,0,NO,Miami,29,23,52,16,27,0,43,95,YES,3,1,NO,102,85,187,99.22,82.77,181.99,-8,194
1995,4-Apr,07:30PM,Tue,Indiana,20,27,47,27,20,0,47,94,YES,1,0,YES,New York,24,25,49,24,17,0,41,90,YES,0,1,YES,96,88,184,93.22,85.77,178.99,-4,185
1995,4-Apr,04:30PM,Tue,Houston,23,28,51,25,29,0,54,105,YES,2,1,NO,Sacramento,29,26,55,24,30,0,54,109,NO,1,3,YES,106,108,214,103.22,105.77,208.99,,
1995,5-Apr,07:30PM,Wed,Cleveland,14,25,39,25,23,0,48,87,YES,0,1,NO,Atlanta,28,24,52,17,27,0,44,96,NO,1,2,YES,91,92,183,88.22,89.77,177.99,-4.5,176
1995,5-Apr,07:30PM,Wed,Philadelphia,21,8,29,19,18,0,37,66,NO,0,1,NO,Charlotte,24,11,35,29,20,0,49,84,YES,1,2,YES,64,86,150,61.22,83.77,144.99,-13,193
1995,5-Apr,06:30PM,Wed,LAL,25,37,62,17,32,0,49,111,NO,0,1,YES,Dallas,31,31,62,30,38,0,68,130,NO,1,2,YES,124,117,241,121.22,114.77,235.99,-2,0
1995,5-Apr,07:30PM,Wed,Washington,22,21,43,17,30,0,47,90,NO,2,0,YES,Indiana,28,31,59,20,23,0,43,102,YES,1,0,YES,102,90,192,99.22,87.77,186.99,-11,205
1995,5-Apr,06:30PM,Wed,New York,21,39,60,21,33,0,54,114,YES,0,2,YES,Milwaukee,21,26,47,18,29,0,47,94,NO,1,3,YES,107,101,208,104.22,98.77,202.99,6,189
1995,5-Apr,07:30PM,Wed,Chicago,25,29,54,31,23,0,54,108,YES,3,1,YES,New Jersey,27,29,56,27,18,0,45,101,YES,1,2,NO,110,99,209,107.22,96.77,203.99,9,198
1995,5-Apr,07:30PM,Wed,Detroit,39,27,66,33,26,0,59,125,YES,2,1,YES,Orlando,33,27,60,37,31,0,68,128,YES,1,2,YES,126,127,253,123.22,124.77,247.99,-15.5,217
1995,6-Apr,04:00PM,Thu,Seattle,27,23,50,22,34,0,56,106,NO,1,1,NO,Denver,20,22,42,22,36,0,58,100,NO,2,1,NO,92,114,206,89.22,111.77,200.99,0,205
1995,6-Apr,04:30PM,Thu,Houston,25,26,51,25,34,0,59,110,NO,1,0,NO,Golden State,25,28,53,31,18,0,49,102,NO,1,1,NO,104,108,212,101.22,105.77,206.99,2,221
1995,6-Apr,04:30PM,Thu,San Antonio,23,21,44,29,23,0,52,96,NO,1,1,NO,Sacramento,26,31,57,19,18,0,37,94,NO,1,1,NO,101,89,190,98.22,86.77,184.99,5,204
1995,6-Apr,07:30PM,Thu,Phoenix,41,23,64,27,36,0,63,127,NO,1,2,NO,Washington,41,36,77,19,27,0,46,123,NO,0,0,YES,141,109,250,138.22,106.77,244.99,6.5,220
1995,7-Apr,04:00PM,Fri,Houston,31,17,48,23,38,0,61,109,NO,0,1,NO,Portland,27,27,54,36,37,0,73,127,NO,1,2,NO,102,134,236,99.22,131.77,230.99,-8,201
1995,7-Apr,07:30PM,Fri,Philadelphia,19,29,48,13,20,0,33,81,NO,1,0,YES,Boston,25,20,45,23,23,0,46,91,YES,1,2,YES,93,79,172,90.22,76.77,166.99,-6,192
1995,7-Apr,06:30PM,Fri,Cleveland,20,19,39,28,21,0,49,88,NO,1,1,YES,Chicago,30,19,49,32,16,0,48,97,YES,1,1,YES,88,97,185,85.22,94.77,179.99,-10,182
1995,7-Apr,06:30PM,Fri,Minnesota,24,22,46,19,29,0,48,94,NO,2,2,YES,Dallas,34,28,62,25,24,0,49,111,NO,0,1,NO,108,97,205,105.22,94.77,199.99,-9,206
1995,7-Apr,04:30PM,Fri,Utah,16,24,40,24,26,0,50,90,YES,2,3,YES,LAL,31,27,58,22,33,0,55,113,NO,1,1,YES,98,105,203,95.22,102.77,197.99,2.5,213
1995,7-Apr,06:30PM,Fri,New Jersey,26,19,45,20,27,0,47,92,YES,1,0,YES,Milwaukee,32,20,52,31,24,0,55,107,NO,1,1,NO,97,102,199,94.22,99.77,193.99,-5,198
1995,7-Apr,07:30PM,Fri,Charlotte,38,17,55,24,19,0,43,98,YES,1,1,NO,Washington,30,22,52,24,17,0,41,93,NO,1,0,NO,107,84,191,104.22,81.77,185.99,4.5,0
1995,7-Apr,08:00PM,Fri,Indiana,20,17,37,23,30,0,53,90,YES,1,1,YES,Atlanta,24,23,47,32,23,0,55,102,YES,1,1,NO,84,108,192,81.22,105.77,186.99,1,188
1995,7-Apr,08:00PM,Fri,Orlando,17,31,48,24,22,0,46,94,YES,1,0,NO,Detroit,28,23,51,32,21,0,53,104,YES,0,1,YES,99,99,198,96.22,96.77,192.99,8,218
1995,8-Apr,06:30PM,Sat,Seattle,28,26,54,43,28,0,71,125,NO,1,2,YES,Dallas,27,19,46,23,29,0,52,98,NO,1,0,NO,100,123,223,97.22,120.77,217.99,4.5,216
1995,8-Apr,04:30PM,Sat,San Antonio,29,35,64,28,20,0,48,112,NO,1,0,NO,Golden State,36,19,55,26,18,0,44,99,YES,1,1,NO,119,92,211,116.22,89.77,205.99,9,226
1995,8-Apr,07:30PM,Sat,Miami,27,21,48,25,20,0,45,93,YES,3,2,NO,New Jersey,19,29,48,28,27,0,55,103,YES,3,0,YES,96,100,196,93.22,97.77,190.99,0,0
1995,8-Apr,07:30PM,Sat,Orlando,38,22,60,27,12,0,39,99,NO,0,2,YES,Philadelphia,30,20,50,30,29,0,59,109,NO,2,0,YES,110,98,208,107.22,95.77,202.99,5.5,196
1995,8-Apr,04:30PM,Sat,LAC,27,19,46,27,26,13,53,99,YES,3,2,YES,Sacramento,24,22,46,18,35,6,53,99,YES,2,1,NO,92,106,198,89.22,103.77,192.99,-9,199
1995,8-Apr,08:30PM,Sat,Detroit,31,18,49,30,17,0,47,96,YES,0,2,NO,New York,36,27,63,22,28,0,50,113,NO,2,2,YES,112,97,209,109.22,94.77,203.99,-11.5,199
1995,9-Apr,12:00PM,Sun,Charlotte,16,14,30,22,16,0,38,68,NO,1,0,YES,Indiana,22,23,45,24,28,0,52,97,YES,1,1,YES,75,90,165,72.22,87.77,159.99,-5,189
1995,9-Apr,11:00AM,Sun,Atlanta,23,32,55,23,21,0,44,99,YES,1,1,NO,Milwaukee,17,28,45,25,32,0,57,102,NO,1,1,NO,100,101,201,97.22,98.77,195.99,4.5,195
1995,9-Apr,09:30AM,Sun,Phoenix,23,26,49,32,23,0,55,104,NO,2,1,NO,Portland,24,23,47,18,29,0,47,94,YES,1,1,NO,96,102,198,93.22,99.77,192.99,-1,221
1995,9-Apr,01:00PM,Sun,Chicago,24,20,44,9,25,0,34,78,YES,1,1,YES,Cleveland,18,26,44,20,15,0,35,79,YES,1,1,YES,88,69,157,85.22,66.77,151.99,4.5,185
1995,9-Apr,01:00PM,Sun,Boston,27,26,53,25,32,0,57,110,YES,1,0,NO,Washington,26,21,47,30,21,0,51,98,YES,2,1,NO,100,108,208,97.22,105.77,202.99,-4,210
1995,9-Apr,02:00PM,Sun,Houston,40,25,65,30,28,0,58,123,NO,1,1,YES,Denver,41,31,72,26,22,0,48,120,YES,0,2,NO,137,106,243,134.22,103.77,237.99,-4,205
1995,9-Apr,03:30PM,Sun,San Antonio,31,23,54,28,19,0,47,101,NO,0,1,YES,LAL,21,16,37,28,22,0,50,87,YES,1,1,NO,91,97,188,88.22,94.77,182.99,2.5,212
1995,10-Apr,06:00PM,Mon,Denver,24,26,50,33,31,0,64,114,YES,0,2,NO,Minnesota,25,27,52,23,32,0,55,107,NO,1,2,YES,102,119,221,99.22,116.77,215.99,4,196
1995,10-Apr,07:30PM,Mon,Boston,33,22,55,22,18,0,40,95,NO,0,2,YES,Charlotte,30,31,61,26,32,0,58,119,NO,1,0,YES,116,98,214,113.22,95.77,208.99,-8,196
1995,10-Apr,06:30PM,Mon,Golden State,26,29,55,38,30,0,68,123,YES,1,1,NO,Dallas,30,23,53,27,32,0,59,112,YES,0,1,NO,108,127,235,105.22,124.77,229.99,-10,227
1995,11-Apr,06:00PM,Tue,Phoenix,22,24,46,22,28,0,50,96,NO,1,0,YES,Seattle,26,19,45,21,24,0,45,90,NO,1,2,YES,91,95,186,88.22,92.77,180.99,-5,219
1995,11-Apr,05:00PM,Tue,LAL,25,21,46,25,22,0,47,93,YES,1,0,NO,Utah,30,29,59,15,26,0,41,100,NO,1,3,YES,105,88,193,102.22,85.77,187.99,-8.5,213
1995,11-Apr,06:30PM,Tue,Indiana,19,24,43,19,27,0,46,89,YES,1,2,YES,Chicago,29,31,60,11,25,0,36,96,YES,0,1,YES,103,82,185,100.22,79.77,179.99,-4.5,189
1995,11-Apr,06:30PM,Tue,Dallas,19,28,47,26,46,37,72,119,YES,0,1,NO,Houston,24,31,55,30,34,28,64,119,NO,1,1,YES,102,136,238,99.22,133.77,232.99,-8,0
1995,11-Apr,04:30PM,Tue,Sacramento,28,25,53,31,33,0,64,117,YES,2,0,YES,LAC,24,21,45,16,24,0,40,85,NO,1,2,YES,98,104,202,95.22,101.77,196.99,6,200
1995,11-Apr,06:30PM,Tue,Detroit,34,18,52,21,26,10,47,99,NO,2,0,YES,Milwaukee,27,30,57,23,19,15,42,99,YES,2,1,NO,109,89,198,106.22,86.77,192.99,-5,210
1995,11-Apr,07:30PM,Tue,Miami,29,18,47,31,21,0,52,99,NO,2,1,YES,New York,31,25,56,33,23,0,56,112,NO,1,2,NO,103,108,211,100.22,105.77,205.99,-9,196
1995,11-Apr,07:30PM,Tue,Cleveland,21,27,48,17,25,0,42,90,YES,1,1,NO,Orlando,28,23,51,26,30,0,56,107,YES,1,2,YES,99,98,197,96.22,95.77,191.99,-5.5,192
1995,11-Apr,07:30PM,Tue,Atlanta,21,25,46,30,20,14,50,96,NO,1,0,YES,Philadelphia,23,30,53,17,26,10,43,96,NO,1,2,NO,99,93,192,96.22,90.77,186.99,5.5,0
1995,11-Apr,06:30PM,Tue,Portland,24,18,42,22,27,0,49,91,YES,1,1,NO,San Antonio,19,19,38,10,23,0,33,71,YES,0,1,YES,80,82,162,77.22,79.77,156.99,-8.5,210
1995,12-Apr,06:00PM,Wed,Golden State,29,34,63,27,33,0,60,123,NO,1,0,NO,Minnesota,28,21,49,22,38,0,60,109,NO,1,1,NO,112,120,232,109.22,117.77,226.99,-4,223
1995,12-Apr,04:00PM,Wed,San Antonio,28,33,61,24,26,0,50,111,YES,0,1,YES,Phoenix,29,32,61,24,30,0,54,115,YES,1,0,YES,122,104,226,119.22,101.77,220.99,-2.5,215
1995,12-Apr,07:30PM,Wed,Washington,16,19,35,24,23,0,47,82,YES,2,0,NO,Atlanta,25,23,48,19,23,0,42,90,YES,1,0,YES,83,89,172,80.22,86.77,166.99,-9,0
1995,12-Apr,07:30PM,Wed,New Jersey,18,26,44,13,20,0,33,77,YES,3,0,NO,Charlotte,34,31,65,18,22,0,40,105,YES,1,1,NO,109,73,182,106.22,70.77,176.99,,
1995,12-Apr,07:30PM,Wed,Chicago,30,32,62,32,30,0,62,124,YES,0,3,YES,Detroit,29,28,57,28,28,0,56,113,NO,1,0,YES,119,118,237,116.22,115.77,231.99,8,207
1995,12-Apr,04:30PM,Wed,LAL,25,26,51,23,25,0,48,99,NO,0,2,NO,Sacramento,24,25,49,30,30,0,60,109,YES,1,0,YES,100,108,208,97.22,105.77,202.99,-2,202
1995,13-Apr,04:00PM,Thu,Golden State,25,29,54,17,31,0,48,102,NO,0,1,YES,Utah,29,37,66,30,25,0,55,121,NO,1,1,NO,120,103,223,117.22,100.77,217.99,-14.5,227
1995,13-Apr,07:00PM,Thu,Dallas,27,20,47,26,39,0,65,112,NO,1,1,NO,Seattle,31,42,73,27,33,0,60,133,YES,1,1,NO,120,125,245,117.22,122.77,239.99,-10.5,219
1995,13-Apr,07:30PM,Thu,Orlando,26,32,58,33,23,0,56,114,YES,1,1,NO,Boston,28,25,53,33,33,0,66,119,NO,1,2,YES,111,122,233,108.22,119.77,227.99,5.5,0
1995,13-Apr,06:30PM,Thu,Portland,28,24,52,29,18,0,47,99,NO,1,1,YES,Houston,21,28,49,28,35,0,63,112,NO,1,1,NO,101,110,211,98.22,107.77,205.99,0,0
1995,13-Apr,04:30PM,Thu,Denver,29,34,63,37,25,0,62,125,NO,2,0,YES,LAC,23,34,57,24,22,0,46,103,YES,1,1,NO,120,108,228,117.22,105.77,222.99,7.5,200
1995,13-Apr,07:30PM,Thu,Cleveland,21,23,44,25,15,0,40,84,NO,1,0,YES,Miami,26,10,36,18,31,0,49,85,NO,1,1,YES,80,89,169,77.22,86.77,163.99,-3,185
1995,13-Apr,07:30PM,Thu,Washington,23,25,48,29,23,0,52,100,NO,0,1,YES,New York,35,32,67,15,28,0,43,110,YES,0,1,NO,115,95,210,112.22,92.77,204.99,-11.5,201
1995,13-Apr,07:30PM,Thu,New Jersey,23,23,46,24,24,0,48,94,NO,0,1,YES,Philadelphia,21,27,48,32,22,0,54,102,YES,1,1,NO,94,102,196,91.22,99.77,190.99,-4.5,190
1995,14-Apr,05:00PM,Fri,Phoenix,21,24,45,21,21,0,42,87,YES,1,0,YES,Denver,31,21,52,26,24,0,50,102,NO,1,0,YES,97,92,189,94.22,89.77,183.99,0,217
1995,14-Apr,07:00PM,Fri,New York,25,19,44,16,28,0,44,88,YES,0,1,NO,Indiana,31,17,48,20,16,0,36,84,NO,1,2,YES,92,80,172,89.22,77.77,166.99,-4.5,186
1995,14-Apr,06:00PM,Fri,Milwaukee,20,16,36,24,31,9,55,91,YES,2,0,NO,Minnesota,27,17,44,24,23,13,47,91,YES,1,1,NO,80,102,182,77.22,99.77,176.99,2,0
1995,14-Apr,07:30PM,Fri,Atlanta,17,18,35,15,20,0,35,70,YES,1,1,NO,Cleveland,24,19,43,17,23,0,40,83,YES,3,0,YES,78,75,153,75.22,72.77,147.99,-3.5,176
1995,14-Apr,06:30PM,Fri,Sacramento,23,22,45,28,15,0,43,88,YES,1,0,NO,San Antonio,24,28,52,23,23,0,46,98,YES,1,1,YES,97,89,186,94.22,86.77,180.99,-11,206
1995,14-Apr,08:00PM,Fri,Charlotte,18,24,42,27,25,0,52,94,YES,1,1,YES,Detroit,18,21,39,33,14,0,47,86,YES,0,1,NO,81,99,180,78.22,96.77,174.99,5.5,205
1995,15-Apr,09:30AM,Sat,Seattle,27,21,48,34,33,0,67,115,YES,1,1,YES,Golden State,25,29,54,25,20,0,45,99,NO,2,1,YES,102,112,214,99.22,109.77,208.99,11,228
1995,15-Apr,03:30PM,Sat,Orlando,28,29,57,36,24,0,60,117,NO,1,1,YES,Miami,27,27,54,33,36,0,69,123,NO,1,1,NO,111,129,240,108.22,126.77,234.99,5,213
1995,15-Apr,04:00PM,Sat,LAL,32,32,64,25,25,0,50,114,NO,2,0,YES,Phoenix,26,25,51,34,34,0,68,119,NO,2,0,YES,115,118,233,112.22,115.77,227.99,-7,219
1995,15-Apr,04:00PM,Sat,Dallas,27,22,49,23,30,0,53,102,NO,1,0,NO,Portland,17,23,40,26,24,0,50,90,YES,1,1,YES,89,103,192,86.22,100.77,186.99,-7,216
1995,15-Apr,05:00PM,Sat,LAC,17,15,32,18,33,0,51,83,YES,1,1,NO,Utah,25,29,54,27,24,0,51,105,YES,2,1,NO,86,102,188,83.22,99.77,182.99,-16,212
1995,15-Apr,07:30PM,Sat,Detroit,32,20,52,26,26,0,52,104,YES,0,2,YES,Boston,28,42,70,29,30,0,59,129,NO,1,1,NO,122,111,233,119.22,108.77,227.99,-6.5,0
1995,15-Apr,06:30PM,Sat,Sacramento,24,21,45,19,20,0,39,84,NO,0,2,NO,Houston,19,28,47,29,22,0,51,98,NO,1,1,NO,92,90,182,89.22,87.77,176.99,-7.5,207
1995,15-Apr,07:30PM,Sat,Philadelphia,23,28,51,21,25,0,46,97,YES,1,1,YES,New Jersey,27,22,49,15,23,0,38,87,YES,1,1,YES,100,84,184,97.22,81.77,178.99,-1,191
1995,15-Apr,07:30PM,Sat,Milwaukee,22,30,52,28,30,0,58,110,NO,0,1,NO,Washington,24,31,55,28,31,0,59,114,YES,1,1,YES,107,117,224,104.22,114.77,218.99,-2,205
1995,16-Apr,11:00AM,Sun,San Antonio,29,24,53,28,20,11,48,101,YES,1,1,YES,Denver,32,32,64,13,24,8,37,101,YES,1,1,NO,117,85,202,114.22,82.77,196.99,3,202
1995,16-Apr,02:30PM,Sun,Minnesota,22,23,45,12,18,0,30,75,YES,1,1,YES,Indiana,31,27,58,30,26,0,56,114,NO,2,1,NO,103,86,189,100.22,83.77,183.99,-12.5,196
1995,16-Apr,03:00PM,Sun,Atlanta,22,18,40,29,25,0,54,94,NO,1,2,NO,Charlotte,23,26,49,20,24,0,44,93,YES,0,1,YES,89,98,187,86.22,95.77,181.99,-6,189
1995,16-Apr,03:30PM,Sun,New York,33,14,47,21,22,0,43,90,NO,1,0,YES,Chicago,35,32,67,19,25,0,44,111,YES,0,3,YES,114,87,201,111.22,84.77,195.99,-5.5,187
1995,16-Apr,03:30PM,Sun,Dallas,30,26,56,27,28,0,55,111,NO,0,1,YES,LAL,26,34,60,35,30,0,65,125,NO,1,0,YES,116,120,236,113.22,117.77,230.99,-6.5,221
1995,17-Apr,07:00PM,Mon,Portland,24,26,50,23,24,0,47,97,YES,1,0,NO,Seattle,18,26,44,26,23,0,49,93,YES,0,1,YES,94,96,190,91.22,93.77,184.99,-8,215
1995,17-Apr,07:30PM,Mon,New Jersey,24,24,48,27,21,0,48,96,YES,1,1,YES,Boston,32,27,59,17,22,0,39,98,YES,1,1,NO,107,87,194,104.22,84.77,188.99,-8,208
1995,17-Apr,06:30PM,Mon,LAC,23,36,59,29,23,0,52,111,NO,1,0,NO,Houston,33,31,64,34,23,0,57,121,YES,1,1,NO,123,109,232,120.22,106.77,226.99,-13,209
1995,17-Apr,07:30PM,Mon,Chicago,21,24,45,29,24,0,53,98,YES,0,2,YES,Miami,22,26,48,21,24,0,45,93,YES,1,1,NO,93,98,191,90.22,95.77,185.99,5.5,209
1995,17-Apr,07:30PM,Mon,Milwaukee,24,21,45,28,26,0,54,99,NO,1,1,YES,New York,27,18,45,23,25,0,48,93,YES,2,0,YES,90,102,192,87.22,99.77,186.99,-10,196
1995,17-Apr,07:30PM,Mon,Washington,27,17,44,25,31,0,56,100,YES,1,1,YES,Orlando,32,32,64,26,21,0,47,111,YES,1,1,YES,108,103,211,105.22,100.77,205.99,-13.5,221
1995,17-Apr,07:30PM,Mon,Charlotte,26,26,52,25,24,0,49,101,YES,0,2,YES,Philadelphia,29,19,48,20,22,0,42,90,YES,1,1,YES,100,91,191,97.22,88.77,185.99,6,184
1995,18-Apr,06:00PM,Tue,Utah,25,25,50,34,29,0,63,113,YES,2,0,YES,Minnesota,22,23,45,23,26,0,49,94,YES,0,1,YES,95,112,207,92.22,109.77,201.99,10.5,203
1995,18-Apr,04:00PM,Tue,Sacramento,23,23,46,30,25,0,55,101,NO,2,1,NO,Phoenix,33,28,61,28,22,0,50,111,NO,2,2,NO,107,105,212,104.22,102.77,206.99,-10,0
1995,18-Apr,06:00PM,Tue,Denver,28,17,45,27,24,0,51,96,YES,1,0,YES,San Antonio,20,35,55,26,26,0,52,107,YES,1,1,YES,100,103,203,97.22,100.77,197.99,-9,200
1995,18-Apr,06:30PM,Tue,LAC,19,29,48,25,18,0,43,91,NO,0,2,NO,Dallas,26,28,54,30,20,0,50,104,NO,1,1,YES,102,93,195,99.22,90.77,189.99,-11,220
1995,18-Apr,07:30PM,Tue,Cleveland,22,18,40,22,14,0,36,76,YES,3,0,YES,Detroit,17,34,51,24,10,0,34,85,YES,1,2,YES,91,70,161,88.22,67.77,155.99,2,0
1995,18-Apr,04:30PM,Tue,Portland,33,22,55,30,17,0,47,102,NO,0,1,YES,Golden State,19,41,60,23,20,0,43,103,NO,1,2,NO,115,90,205,112.22,87.77,199.99,6.5,0
1995,18-Apr,04:30PM,Tue,Seattle,34,30,64,26,23,0,49,113,YES,0,1,YES,LAL,21,13,34,25,38,0,63,97,YES,1,1,NO,98,112,210,95.22,109.77,204.99,1,213
1995,19-Apr,05:00PM,Wed,Minnesota,26,16,42,22,17,0,39,81,YES,0,1,NO,Denver,22,29,51,30,25,0,55,106,YES,2,0,YES,93,94,187,90.22,91.77,181.99,-11,205
1995,19-Apr,05:00PM,Wed,Houston,32,21,53,20,23,0,43,96,YES,1,0,NO,Utah,29,24,53,36,26,0,62,115,NO,1,0,YES,106,105,211,103.22,102.77,205.99,-7,209
1995,19-Apr,07:30PM,Wed,Miami,12,26,38,20,21,0,41,79,YES,1,1,NO,Cleveland,19,22,41,23,26,0,49,90,NO,1,0,YES,79,90,169,76.22,87.77,163.99,-5.5,178
1995,19-Apr,07:30PM,Wed,Philadelphia,25,26,51,17,23,0,40,91,YES,1,1,YES,Indiana,27,20,47,27,29,0,56,103,YES,1,2,NO,98,96,194,95.22,93.77,188.99,-13,190
1995,19-Apr,06:30PM,Wed,Boston,26,16,42,20,35,0,55,97,YES,1,1,YES,Milwaukee,21,30,51,29,26,0,55,106,YES,1,1,YES,93,110,203,90.22,107.77,197.99,-3,207
1995,19-Apr,07:30PM,Wed,Atlanta,26,30,56,23,25,0,48,104,NO,2,1,YES,New Jersey,24,32,56,21,22,0,43,99,NO,1,1,YES,112,91,203,109.22,88.77,197.99,5,188
1995,19-Apr,07:30PM,Wed,Orlando,25,36,61,30,20,6,50,111,YES,1,1,YES,Washington,35,33,68,30,13,12,43,111,YES,1,1,YES,129,93,222,126.22,90.77,216.99,7,220
1995,20-Apr,04:00PM,Thu,LAL,17,24,41,30,26,0,56,97,YES,1,1,YES,Portland,25,36,61,24,26,0,50,111,YES,1,1,YES,102,106,208,99.22,103.77,202.99,-5.5,211
1995,20-Apr,07:00PM,Thu,Houston,33,28,61,15,25,0,40,101,NO,0,2,YES,Seattle,23,26,49,32,30,0,62,111,YES,0,1,YES,110,102,212,107.22,99.77,206.99,-10,213
1995,20-Apr,06:30PM,Thu,Detroit,24,21,45,31,29,0,60,105,YES,1,0,NO,Chicago,28,30,58,33,29,0,62,120,NO,1,2,YES,103,122,225,100.22,119.77,219.99,-12,212
1995,20-Apr,06:30PM,Thu,San Antonio,42,22,64,21,27,0,48,112,YES,1,0,YES,Dallas,33,31,64,16,31,0,47,111,YES,0,1,NO,128,95,223,125.22,92.77,217.99,5.5,219
1995,20-Apr,04:30PM,Thu,Sacramento,26,34,60,24,28,0,52,112,NO,1,0,YES,Golden State,16,32,48,18,32,0,50,98,NO,1,1,NO,108,102,210,105.22,99.77,204.99,5,215
1995,20-Apr,08:00PM,Thu,New York,18,25,43,19,29,0,48,91,YES,2,0,NO,Charlotte,25,26,51,20,15,0,35,86,YES,1,2,YES,94,83,177,91.22,80.77,171.99,-4.5,186
1995,21-Apr,04:00PM,Fri,Dallas,28,21,49,21,29,0,50,99,YES,0,1,NO,Phoenix,27,37,64,26,20,0,46,110,NO,1,2,NO,113,96,209,110.22,93.77,203.99,-10,228
1995,21-Apr,05:00PM,Fri,Minnesota,30,21,51,18,27,0,45,96,NO,1,1,YES,Utah,21,28,49,22,28,0,50,99,YES,1,1,NO,100,95,195,97.22,92.77,189.99,-17,206
1995,21-Apr,07:30PM,Fri,Detroit,27,31,58,25,28,0,53,111,NO,0,1,NO,Atlanta,30,43,73,29,26,0,55,128,YES,1,1,YES,131,108,239,128.22,105.77,233.99,-10,209
1995,21-Apr,07:30PM,Fri,New York,25,23,48,31,20,0,51,99,NO,0,1,YES,Boston,29,19,48,23,21,0,44,92,YES,1,1,YES,96,95,191,93.22,92.77,185.99,1.5,0
1995,21-Apr,07:30PM,Fri,Milwaukee,14,19,33,20,29,0,49,82,YES,1,1,YES,Cleveland,22,31,53,18,32,0,50,103,YES,1,1,NO,86,99,185,83.22,96.77,179.99,-6,176
1995,21-Apr,07:30PM,Fri,Washington,30,28,58,22,26,0,48,106,YES,1,1,YES,New Jersey,30,29,59,24,24,0,48,107,NO,1,1,NO,117,96,213,114.22,93.77,207.99,-3.5,210
1995,21-Apr,07:30PM,Fri,Miami,28,21,49,25,32,0,57,106,NO,1,1,YES,Philadelphia,26,32,58,21,34,0,55,113,YES,1,1,YES,107,112,219,104.22,109.77,213.99,-1.5,198
1995,21-Apr,04:30PM,Fri,Seattle,19,28,47,27,23,0,50,97,YES,0,1,NO,Sacramento,22,31,53,30,22,0,52,105,YES,1,0,YES,100,102,202,97.22,99.77,196.99,6,204
1995,21-Apr,06:30PM,Fri,LAC,22,15,37,25,34,0,59,96,NO,2,1,YES,San Antonio,28,29,57,26,24,0,50,107,YES,1,0,YES,94,109,203,91.22,106.77,197.99,-16,212
1995,21-Apr,08:00PM,Fri,Indiana,20,23,43,20,23,0,43,86,YES,1,1,YES,Orlando,28,28,56,32,22,0,54,110,YES,1,1,YES,99,97,196,96.22,94.77,190.99,0,0
1995,22-Apr,01:30PM,Sat,Charlotte,29,23,52,24,24,0,48,100,YES,1,0,YES,Chicago,26,36,62,28,26,0,54,116,YES,0,1,NO,114,102,216,111.22,99.77,210.99,-6,195
1995,22-Apr,12:00PM,Sat,Denver,25,27,52,31,26,21,57,109,YES,2,0,YES,Golden State,30,32,62,20,27,20,47,109,YES,0,1,NO,114,104,218,111.22,101.77,212.99,8,217
1995,22-Apr,04:30PM,Sat,Portland,25,30,55,22,32,0,54,109,YES,1,0,YES,LAL,25,22,47,22,35,0,57,104,YES,4,1,YES,102,111,213,99.22,108.77,207.99,-4,211
1995,23-Apr,09:30AM,Sun,Seattle,14,33,47,25,28,0,53,100,NO,1,3,YES,Phoenix,27,29,56,27,22,0,49,105,NO,4,1,NO,103,102,205,100.22,99.77,199.99,-4,218
1995,23-Apr,01:00PM,Sun,Orlando,21,27,48,26,25,0,51,99,YES,1,4,YES,New York,26,20,46,36,31,0,67,113,NO,3,1,YES,94,118,212,91.22,115.77,206.99,-3,206
1995,23-Apr,01:00PM,Sun,Philadelphia,29,15,44,24,22,0,46,90,YES,1,193,YES,Washington,31,25,56,24,26,0,50,106,YES,193,1,YES,100,96,196,97.22,93.77,190.99,-5,206
1995,23-Apr,12:30PM,Sun,Chicago,23,31,54,27,19,0,46,100,YES,0,4,NO,Milwaukee,28,25,53,37,14,0,51,104,YES,193,1,YES,107,97,204,104.22,94.77,198.99,3.5,211
1995,23-Apr,02:30PM,Sun,Atlanta,18,26,44,27,16,0,43,87,YES,1,3,NO,Indiana,23,32,55,27,21,0,48,103,NO,3,1,YES,99,91,190,96.22,88.77,184.99,-5.5,193
1995,23-Apr,01:30PM,Sun,San Antonio,22,26,48,29,20,0,49,97,YES,1,4,YES,Minnesota,24,23,47,18,26,0,44,91,YES,193,1,YES,95,93,188,92.22,90.77,182.99,8.5,209
1995,23-Apr,12:00PM,Sun,Dallas,30,20,50,27,25,0,52,102,NO,1,193,NO,LAC,24,36,60,33,31,0,64,124,NO,193,1,YES,110,116,226,107.22,113.77,220.99,5,218
1995,23-Apr,03:30PM,Sun,Cleveland,25,17,42,11,19,0,30,72,YES,1,3,NO,Charlotte,20,23,43,32,22,0,54,97,NO,4,0,YES,85,84,169,82.22,81.77,163.99,-6,0
1995,23-Apr,04:00PM,Sun,Utah,33,18,51,27,25,0,52,103,YES,1,3,YES,Houston,27,24,51,19,27,0,46,97,YES,3,2,YES,102,98,200,99.22,95.77,194.99,-2,208
1995,23-Apr,06:00PM,Sun,Detroit,27,26,53,32,20,0,52,105,NO,1,193,YES,Miami,32,35,67,34,28,0,62,129,NO,194,1,YES,120,114,234,117.22,111.77,228.99,-7,220
1995,23-Apr,06:00PM,Sun,Boston,27,22,49,28,22,0,50,99,YES,1,4,NO,New Jersey,30,19,49,29,24,0,53,102,YES,193,1,NO,98,103,201,95.22,100.77,195.99,3.5,207
1995,23-Apr,05:00PM,Sun,Sacramento,19,22,41,21,27,0,48,89,YES,1,193,YES,Denver,27,23,50,16,36,0,52,102,YES,4,0,YES,91,100,191,88.22,97.77,185.99,-5.5,194
1995,23-Apr,04:00PM,Sun,Golden State,19,18,37,17,29,0,46,83,YES,0,193,NO,Portland,24,30,54,37,25,0,62,116,YES,4,0,YES,91,108,199,88.22,105.77,193.99,-12,221
1995,3-Nov,06:00PM,Fri,Charlotte,27,21,48,18,25,0,43,91,NO,182,0,YES,Chicago,26,14,40,40,25,0,65,105,NO,0,182,NO,88,108,196,86.62,105.49,192.11,-10.5,202.5
1995,3-Nov,04:00PM,Fri,Vancouver,19,22,41,20,31,0,51,92,,,1,YES,Portland,17,22,39,22,19,0,41,80,NO,1,184,NO,80,92,172,78.62,89.49,168.11,-16.5,202.5
1995,3-Nov,05:00PM,Fri,Seattle,26,17,43,21,30,0,51,94,NO,182,0,YES,Utah,24,37,61,22,29,0,51,112,YES,1,183,YES,104,102,206,102.62,99.49,202.11,-4,208.5
1995,3-Nov,07:30PM,Fri,Indiana,23,33,56,20,35,0,55,111,NO,184,0,YES,Atlanta,29,22,51,25,30,0,55,106,NO,0,184,NO,107,110,217,105.62,107.49,213.11,5.5,188
1995,3-Nov,07:30PM,Fri,Milwaukee,26,31,57,24,20,0,44,101,YES,193,0,YES,Boston,35,15,50,24,26,0,50,100,YES,0,183,NO,107,94,201,105.62,91.49,197.11,-3.5,212.5
1995,3-Nov,07:30PM,Fri,New York,33,29,62,20,24,0,44,106,NO,182,0,NO,Detroit,26,23,49,27,24,0,51,100,YES,0,193,YES,111,95,206,109.62,92.49,202.11,2.5,196.5
1995,3-Nov,06:30PM,Fri,Golden State,16,34,50,20,22,0,42,92,NO,193,0,NO,Houston,25,27,52,26,32,0,58,110,YES,1,183,NO,102,100,202,100.62,97.49,198.11,-8,219
1995,3-Nov,04:30PM,Fri,Phoenix,32,21,53,19,34,0,53,106,NO,184,1,YES,LAC,19,31,50,25,37,0,62,112,YES,1,193,NO,103,115,218,101.62,112.49,214.11,8,212.5
1995,3-Nov,04:30PM,Fri,Denver,20,25,45,23,28,0,51,96,YES,184,0,YES,LAL,27,31,58,20,20,0,40,98,YES,0,182,NO,103,91,194,101.62,88.49,190.11,-6.5,192.5
1995,3-Nov,07:30PM,Fri,Cleveland,23,17,40,21,27,0,48,88,YES,182,0,NO,Orlando,22,29,51,19,29,0,48,99,YES,0,183,YES,91,96,187,89.62,93.49,183.11,-6,190
1995,3-Nov,07:30PM,Fri,Washington,24,31,55,21,27,0,48,103,YES,193,0,YES,Philadelphia,32,23,55,24,26,0,50,105,YES,0,193,YES,110,98,208,108.62,95.49,204.11,-5.5,199.5
1995,3-Nov,04:30PM,Fri,Minnesota,21,19,40,22,24,0,46,86,YES,193,1,NO,Sacramento,22,21,43,26,26,0,52,95,NO,1,193,YES,83,98,181,81.62,95.49,177.11,-8,192.5
1995,3-Nov,06:30PM,Fri,Dallas,18,18,36,42,25,0,67,103,NO,193,0,YES,San Antonio,24,26,50,18,29,0,47,97,YES,0,184,YES,86,114,200,84.62,111.49,196.11,-9,216
1995,3-Nov,09:00PM,Fri,New Jersey,17,16,33,20,26,0,46,79,YES,193,3,YES,Toronto,21,25,46,20,28,0,48,94,YES,0,,,79,94,173,77.62,91.49,169.11,5.5,187.5
1995,4-Nov,05:00PM,Sat,San Antonio,35,30,65,25,26,0,51,116,YES,0,3,YES,Denver,33,34,67,19,22,0,41,108,YES,2,0,YES,132,92,224,130.62,89.49,220.11,-2,206
1995,4-Nov,07:00PM,Sat,LAL,26,16,42,23,24,0,47,89,YES,0,2,NO,Seattle,27,22,49,29,25,0,54,103,NO,2,0,YES,91,101,192,89.62,98.49,188.11,-7.5,212
1995,4-Nov,07:30PM,Sat,Orlando,26,19,45,16,30,0,46,91,YES,0,1,YES,Atlanta,19,29,48,44,32,0,76,124,YES,1,0,NO,93,122,215,91.62,119.49,211.11,-1,197
1995,4-Nov,07:30PM,Sat,Philadelphia,21,28,49,35,24,0,59,108,YES,0,2,YES,Charlotte,28,20,48,36,35,0,71,119,NO,2,0,YES,97,130,227,95.62,127.49,223.11,-9.5,196
1995,4-Nov,06:30PM,Sat,Boston,12,28,40,19,26,0,45,85,YES,0,3,YES,Chicago,25,21,46,35,26,0,61,107,NO,2,0,NO,86,106,192,84.62,103.49,188.11,-11,205
1995,4-Nov,06:30PM,Sat,Golden State,22,19,41,22,21,0,43,84,NO,0,2,YES,Dallas,23,33,56,21,22,0,43,99,NO,2,0,YES,97,86,183,95.62,83.49,179.11,-4.5,220
1995,4-Nov,07:30PM,Sat,Toronto,17,21,38,33,18,0,51,89,YES,0,2,NO,Indiana,34,26,60,13,24,0,37,97,YES,2,0,YES,98,88,186,96.62,85.49,182.11,-13,188
1995,4-Nov,07:30PM,Sat,Cleveland,19,28,47,13,11,0,24,71,NO,0,2,YES,Miami,28,26,54,18,13,0,31,85,NO,3,194,NO,101,55,156,99.62,52.49,152.11,-6,189
1995,4-Nov,06:30PM,Sat,New York,23,23,46,16,22,0,38,84,NO,0,2,YES,Milwaukee,20,19,39,19,13,0,32,71,YES,2,0,YES,85,70,155,83.62,67.49,151.11,2,199
1995,4-Nov,07:30PM,Sat,Detroit,26,31,57,16,16,0,32,89,YES,0,2,NO,Washington,32,16,48,30,22,0,52,100,YES,1,0,YES,105,84,189,103.62,81.49,185.11,-2.5,207
1995,5-Nov,02:00PM,Sun,Utah,23,31,54,22,29,0,51,105,YES,1,0,YES,Portland,29,20,49,26,34,0,60,109,YES,1,1,NO,103,111,214,101.62,108.49,210.11,1.5,204
1995,5-Nov,03:00PM,Sun,LAC,23,17,40,27,15,0,42,82,YES,1,1,NO,Sacramento,24,29,53,17,29,0,46,99,YES,1,1,NO,93,88,181,91.62,85.49,177.11,-8.5,205
1995,5-Nov,06:00PM,Sun,Minnesota,27,26,53,23,12,10,35,88,NO,1,1,YES,Vancouver,26,16,42,20,26,12,46,88,YES,1,1,YES,95,81,176,93.62,78.49,172.11,1.5,180
1995,5-Nov,04:00PM,Sun,Houston,22,29,51,31,24,0,55,106,YES,1,1,YES,Phoenix,22,30,52,31,21,0,52,104,YES,1,1,YES,103,107,210,101.62,104.49,206.11,-2,208
1995,6-Nov,05:00PM,Mon,Atlanta,27,22,49,21,26,0,47,96,YES,1,1,NO,Utah,29,26,55,28,22,0,50,105,NO,1,0,YES,104,97,201,102.62,94.49,197.11,-9,200
1995,6-Nov,07:30PM,Mon,Washington,27,24,51,33,11,0,44,95,YES,1,1,YES,Orlando,22,28,50,31,24,0,55,105,NO,1,1,YES,101,99,200,99.62,96.49,196.11,-8,204
1995,7-Nov,06:00PM,Tue,LAL,26,25,51,17,24,0,41,92,NO,2,0,NO,Minnesota,25,21,46,28,19,0,47,93,NO,2,1,YES,97,88,185,95.62,85.49,181.11,6,192
1995,7-Nov,07:00PM,Tue,LAC,23,25,48,31,29,0,60,108,NO,1,0,YES,Seattle,24,38,62,32,33,0,65,127,YES,0,2,NO,110,125,235,108.62,122.49,231.11,-14,206
1995,7-Nov,07:30PM,Tue,Detroit,30,22,52,17,27,0,44,96,NO,2,0,YES,Charlotte,24,22,46,28,34,0,62,108,YES,0,2,NO,98,106,204,96.62,103.49,200.11,-7,205
1995,7-Nov,06:30PM,Tue,Toronto,30,32,62,25,21,0,46,108,NO,2,0,YES,Chicago,30,29,59,30,28,0,58,117,YES,1,2,NO,121,104,225,119.62,101.49,221.11,-17,192
1995,7-Nov,07:30PM,Tue,Indiana,26,34,60,22,22,0,44,104,YES,2,1,NO,Cleveland,33,24,57,21,23,0,44,101,NO,1,2,YES,117,88,205,115.62,85.49,201.11,0,184
1995,7-Nov,06:30PM,Tue,Vancouver,21,20,41,17,30,0,47,88,YES,1,0,NO,Dallas,27,27,54,23,22,0,45,99,NO,1,2,NO,95,92,187,93.62,89.49,183.11,-12.5,191
1995,7-Nov,04:30PM,Tue,Denver,24,22,46,19,28,0,47,93,YES,2,0,YES,Golden State,20,25,45,22,31,0,53,98,NO,1,2,YES,91,100,191,89.62,97.49,187.11,-1.5,210
1995,7-Nov,06:30PM,Tue,Milwaukee,26,26,52,18,19,0,37,89,YES,2,1,NO,Houston,32,24,56,21,29,0,50,106,YES,0,1,YES,108,87,195,106.62,84.49,191.11,-12,200
1995,7-Nov,07:30PM,Tue,Portland,20,19,39,17,28,0,45,84,YES,1,0,NO,New Jersey,27,28,55,22,27,0,49,104,YES,0,3,YES,94,94,188,92.62,91.49,184.11,-1.5,193
1995,7-Nov,07:30PM,Tue,Sacramento,28,40,68,20,21,0,41,109,YES,1,0,NO,Philadelphia,33,25,58,20,28,0,48,106,NO,2,2,YES,126,89,215,124.62,86.49,211.11,1.5,194
1995,7-Nov,08:00PM,Tue,Phoenix,25,24,49,21,32,0,53,102,YES,1,0,NO,New York,26,33,59,21,14,0,35,94,NO,1,2,YES,108,88,196,106.62,85.49,192.11,-3.5,208
1995,8-Nov,05:00PM,Wed,Seattle,31,29,60,30,32,0,62,122,YES,0,1,NO,Denver,35,26,61,29,27,0,56,117,YES,1,0,YES,121,118,239,119.62,115.49,235.11,3,203.5
1995,8-Nov,05:00PM,Wed,LAL,24,32,56,26,16,0,42,98,NO,0,1,YES,Utah,29,29,58,24,26,0,50,108,NO,1,1,NO,114,92,206,112.62,89.49,202.11,-8.5,201
1995,8-Nov,07:00PM,Wed,Sacramento,35,26,61,16,32,0,48,109,NO,0,1,NO,Toronto,25,29,54,17,19,0,36,90,NO,1,0,YES,115,84,199,113.62,81.49,195.11,5,186
1995,8-Nov,07:30PM,Wed,Phoenix,39,18,57,31,21,0,52,109,NO,0,1,NO,Boston,33,29,62,22,29,0,51,113,NO,1,3,YES,119,103,222,117.62,100.49,218.11,4.5,210
1995,8-Nov,07:30PM,Wed,Portland,25,24,49,15,27,9,42,91,NO,0,1,NO,Detroit,30,20,50,20,21,16,41,91,NO,1,0,YES,99,83,182,97.62,80.49,178.11,-2,198
1995,8-Nov,04:30PM,Wed,Atlanta,21,26,47,27,26,0,53,100,NO,1,0,NO,LAC,25,30,55,12,25,0,37,92,YES,1,0,YES,102,90,192,100.62,87.49,188.11,3.5,199
1995,8-Nov,07:30PM,Wed,Houston,21,18,39,26,17,0,43,82,YES,0,2,YES,Miami,23,20,43,29,17,0,46,89,NO,1,3,NO,82,89,171,80.62,86.49,167.11,2.5,192
1995,8-Nov,07:30PM,Wed,New Jersey,27,27,54,22,22,24,44,98,YES,0,1,NO,Orlando,20,25,45,32,21,32,53,98,YES,1,1,NO,99,97,196,97.62,94.49,192.11,-10,196
1995,8-Nov,06:30PM,Wed,Vancouver,13,15,28,13,21,0,34,62,NO,0,1,YES,San Antonio,26,18,44,31,36,0,67,111,NO,1,3,YES,72,101,173,70.62,98.49,169.11,-14.5,193.5
1995,8-Nov,07:30PM,Wed,Charlotte,28,24,52,27,17,0,44,96,YES,0,1,NO,Washington,27,32,59,24,27,0,51,110,NO,1,1,YES,111,95,206,109.62,92.49,202.11,2,204
1995,9-Nov,07:30PM,Thu,Chicago,28,23,51,23,32,0,55,106,YES,1,1,YES,Cleveland,24,23,47,22,19,0,41,88,YES,0,1,NO,98,96,194,96.62,93.49,190.11,6.5,188
1995,9-Nov,06:30PM,Thu,Milwaukee,22,25,47,29,18,0,47,94,NO,1,0,NO,Dallas,33,29,62,21,21,0,42,104,NO,1,1,NO,109,89,198,107.62,86.49,194.11,-6.5,201
1995,9-Nov,04:30PM,Thu,Atlanta,31,38,69,34,22,0,56,125,NO,0,1,NO,Golden State,32,37,69,25,27,0,52,121,NO,1,1,NO,138,108,246,136.62,105.49,242.11,-4,206
1995,9-Nov,07:30PM,Thu,Indiana,24,18,42,16,37,0,53,95,NO,1,0,YES,New York,20,21,41,26,36,0,62,103,YES,0,1,NO,83,115,198,81.62,112.49,194.11,-5.5,189
1995,10-Nov,06:00PM,Fri,Portland,21,24,45,31,32,0,63,108,NO,1,0,NO,Minnesota,22,23,45,22,35,0,57,102,YES,0,2,NO,90,120,210,88.62,117.49,206.11,-2,190.5
1995,10-Nov,05:00PM,Fri,Denver,20,21,41,21,24,0,45,86,YES,1,1,NO,Utah,27,25,52,19,38,0,57,109,YES,1,1,NO,93,102,195,91.62,99.49,191.11,-11,203.5
1995,10-Nov,07:00PM,Fri,Phoenix,29,34,63,27,22,0,49,112,NO,1,1,YES,Toronto,23,26,49,28,31,0,59,108,YES,0,1,NO,112,108,220,110.62,105.49,216.11,6.5,198
1995,10-Nov,07:30PM,Fri,Cleveland,18,18,36,21,23,0,44,80,YES,0,1,YES,Detroit,24,34,58,20,22,0,42,100,NO,4,1,NO,94,86,180,92.62,83.49,176.11,-2,190.5
1995,10-Nov,07:30PM,Fri,Sacramento,27,34,61,24,34,0,58,119,NO,1,0,NO,Indiana,20,18,38,27,30,0,57,95,YES,4,0,YES,99,115,214,97.62,112.49,210.11,-6,199.5
1995,10-Nov,04:30PM,Fri,Seattle,20,27,47,21,29,0,50,97,NO,1,0,YES,LAL,23,24,47,21,32,0,53,100,YES,0,1,YES,94,103,197,92.62,100.49,193.11,1,207
1995,10-Nov,07:30PM,Fri,New Jersey,16,23,39,25,16,0,41,80,NO,1,0,YES,Miami,32,28,60,27,19,0,46,106,YES,0,1,NO,99,87,186,97.62,84.49,182.11,-10.5,179.5
1995,10-Nov,07:30PM,Fri,Charlotte,18,26,44,23,23,0,46,90,NO,1,0,YES,Philadelphia,33,23,56,21,27,0,48,104,NO,3,2,NO,100,94,194,98.62,91.49,190.11,1,209
1995,10-Nov,06:30PM,Fri,Milwaukee,23,27,50,19,21,0,40,90,NO,0,3,YES,San Antonio,20,24,44,36,24,0,60,104,YES,1,1,NO,94,100,194,92.62,97.49,190.11,-11,202.5
1995,10-Nov,07:30PM,Fri,New York,37,18,55,31,24,0,55,110,YES,0,1,YES,Washington,40,23,63,31,15,0,46,109,NO,4,1,NO,118,101,219,116.62,98.49,215.11,3,197
1995,10-Nov,07:30PM,Fri,LAC,26,24,50,20,28,0,48,98,YES,1,1,YES,Vancouver,19,19,38,32,21,0,53,91,YES,0,1,YES,88,101,189,86.62,98.49,185.11,3,183
1995,10-Nov,08:00PM,Fri,Orlando,25,23,48,29,33,0,62,110,YES,1,0,YES,Boston,26,21,47,20,27,0,47,94,NO,4,1,NO,95,109,204,93.62,106.49,200.11,3,211
1995,11-Nov,07:00PM,Sat,Vancouver,18,16,34,27,20,0,47,81,YES,0,1,YES,Seattle,35,26,61,26,30,0,56,117,YES,2,0,YES,95,103,198,93.62,100.49,194.11,,
1995,11-Nov,07:30PM,Sat,Toronto,26,28,54,27,24,12,51,105,YES,0,1,YES,Charlotte,28,23,51,25,29,18,54,105,YES,2,0,YES,105,105,210,103.62,102.49,206.11,-12.5,200
1995,11-Nov,06:30PM,Sat,Portland,21,31,52,32,22,0,54,106,NO,0,2,YES,Chicago,31,23,54,29,27,0,56,110,YES,2,1,YES,106,110,216,104.62,107.49,212.11,-13.5,196
1995,11-Nov,06:30PM,Sat,Atlanta,32,19,51,25,37,0,62,113,NO,1,2,YES,Dallas,38,20,58,27,15,0,42,100,YES,1,1,NO,109,104,213,107.62,101.49,209.11,-5.5,199
1995,11-Nov,04:30PM,Sat,LAL,24,25,49,21,35,0,56,105,YES,0,2,NO,Golden State,30,31,61,29,33,0,62,123,YES,0,1,NO,110,118,228,108.62,115.49,224.11,-5.5,207
1995,11-Nov,06:30PM,Sat,Minnesota,27,25,52,19,26,0,45,97,YES,0,3,YES,Houston,31,33,64,24,31,0,55,119,YES,3,2,YES,116,100,216,114.62,97.49,212.11,-11.5,193
1995,11-Nov,07:30PM,Sat,Miami,28,23,51,25,17,0,42,93,YES,0,3,YES,Orlando,21,20,41,27,26,0,53,94,NO,2,0,YES,92,95,187,90.62,92.49,183.11,-4,191
1995,11-Nov,08:00PM,Sat,Sacramento,22,23,45,23,16,0,39,84,NO,0,2,YES,New Jersey,21,20,41,24,21,0,45,86,NO,3,0,YES,86,84,170,84.62,81.49,166.11,5,186
1995,12-Nov,03:00PM,Sun,Denver,37,21,58,23,22,0,45,103,NO,1,2,NO,LAC,26,30,56,30,22,0,52,108,YES,1,1,YES,114,97,211,112.62,94.49,207.11,2,197
1995,12-Nov,06:00PM,Sun,Utah,18,25,43,26,41,0,67,110,YES,1,0,NO,New York,37,24,61,27,32,0,59,120,YES,1,1,YES,104,126,230,102.62,123.49,226.11,-3,194.5
1995,12-Nov,04:00PM,Sun,Golden State,33,30,63,23,23,0,46,109,YES,0,1,YES,Phoenix,25,32,57,21,34,0,55,112,NO,2,1,YES,120,101,221,118.62,98.49,217.11,-8,217
1995,12-Nov,07:30PM,Sun,San Antonio,20,22,42,20,22,0,42,84,YES,1,1,NO,Cleveland,21,25,46,21,14,0,35,81,YES,2,1,YES,88,77,165,86.62,74.49,161.11,6,191
1995,13-Nov,07:00PM,Mon,Utah,24,20,44,37,22,0,59,103,NO,0,1,NO,Toronto,29,20,49,22,29,0,51,100,NO,1,1,YES,93,110,203,91.62,107.49,199.11,7,204
1995,13-Nov,07:00PM,Mon,Dallas,31,16,47,16,31,0,47,94,YES,1,1,NO,Vancouver,20,18,38,25,26,0,51,89,YES,2,1,YES,85,98,183,83.62,95.49,179.11,7,193
1995,14-Nov,04:00PM,Tue,New York,29,25,54,26,19,0,45,99,YES,1,1,NO,Portland,19,36,55,26,24,0,50,105,NO,1,2,YES,109,95,204,107.62,92.49,200.11,2,196
1995,14-Nov,07:30PM,Tue,Charlotte,29,31,60,23,21,0,44,104,YES,2,0,NO,Atlanta,25,34,59,22,30,0,52,111,NO,2,2,YES,119,96,215,117.62,93.49,211.11,-7,208
1995,14-Nov,04:30PM,Tue,LAC,31,22,53,28,37,0,65,118,YES,1,1,YES,Golden State,27,24,51,21,34,0,55,106,NO,1,1,YES,104,120,224,102.62,117.49,220.11,-9,216
1995,14-Nov,06:30PM,Tue,San Antonio,29,15,44,20,20,0,40,84,NO,1,0,NO,Milwaukee,25,25,50,19,29,0,48,98,NO,1,3,YES,94,88,182,92.62,85.49,178.11,4,198
1995,14-Nov,07:30PM,Tue,Seattle,39,28,67,28,20,0,48,115,YES,2,0,NO,Philadelphia,29,27,56,25,26,0,51,107,YES,0,3,NO,123,99,222,121.62,96.49,218.11,7,208
1995,14-Nov,04:30PM,Tue,LAL,23,21,44,33,29,0,62,106,NO,2,0,YES,Sacramento,22,29,51,23,26,0,49,100,YES,1,2,YES,95,111,206,93.62,108.49,202.11,0,0
1995,14-Nov,08:00PM,Tue,Chicago,29,19,48,14,26,0,40,88,YES,2,0,YES,Orlando,19,26,45,23,26,0,49,94,NO,1,2,NO,93,89,182,91.62,86.49,178.11,2.5,206
1995,15-Nov,03:00PM,Wed,Denver,29,25,54,23,26,34,49,103,NO,2,1,YES,Phoenix,23,23,46,30,27,24,57,103,YES,1,2,NO,100,106,206,98.62,103.49,202.11,-8.5,213
1995,15-Nov,06:00PM,Wed,San Antonio,40,17,57,28,20,0,48,105,NO,0,2,YES,Minnesota,32,27,59,19,18,0,37,96,YES,1,3,YES,116,85,201,114.62,82.49,197.11,5,193
1995,15-Nov,07:00PM,Wed,Houston,32,21,53,23,20,0,43,96,YES,3,0,NO,Toronto,23,19,42,27,24,0,51,93,NO,1,1,NO,95,94,189,93.62,91.49,185.11,8.5,200
1995,15-Nov,07:30PM,Wed,Utah,29,23,52,21,29,0,50,102,NO,1,1,NO,Boston,22,21,43,24,23,0,47,90,NO,1,4,NO,95,97,192,93.62,94.49,188.11,5,207
1995,15-Nov,06:30PM,Wed,Cleveland,15,20,35,31,28,0,59,94,YES,2,1,NO,Chicago,31,27,58,33,22,0,55,113,NO,1,0,YES,93,114,207,91.62,111.49,203.11,-12.5,190
1995,15-Nov,07:30PM,Wed,Seattle,17,32,49,19,19,0,38,87,NO,0,1,NO,Detroit,22,21,43,28,23,0,51,94,NO,1,4,NO,92,89,181,90.62,86.49,177.11,4,213
1995,15-Nov,04:30PM,Wed,Dallas,18,22,40,34,23,0,57,97,NO,1,1,NO,LAL,35,25,60,25,29,0,54,114,YES,1,0,YES,100,111,211,98.62,108.49,207.11,-3,206
1995,15-Nov,07:30PM,Wed,Indiana,21,25,46,26,31,0,57,103,YES,4,0,NO,Miami,24,25,49,27,21,0,48,97,YES,1,3,YES,95,105,200,93.62,102.49,196.11,0,0
1995,15-Nov,07:30PM,Wed,Charlotte,26,26,52,9,18,0,27,79,NO,0,1,YES,New Jersey,19,19,38,31,21,0,52,90,YES,1,3,NO,90,79,169,88.62,76.49,165.11,,
1995,15-Nov,07:30PM,Wed,Philadelphia,21,22,43,21,31,0,52,95,YES,0,1,YES,Washington,33,32,65,33,29,0,62,127,YES,1,4,NO,108,114,222,106.62,111.49,218.11,-6.5,206
1995,16-Nov,04:00PM,Thu,Sacramento,26,32,58,22,25,0,47,105,YES,1,0,YES,Portland,29,17,46,32,24,0,56,102,YES,1,1,NO,104,103,207,102.62,100.49,203.11,-4.5,200
1995,16-Nov,04:30PM,Thu,New York,30,17,47,40,33,0,73,120,NO,1,0,NO,Golden State,27,24,51,27,19,0,46,97,NO,1,1,NO,98,119,217,96.62,116.49,213.11,1.5,210
1995,16-Nov,04:30PM,Thu,Vancouver,27,33,60,20,18,0,38,98,YES,2,0,YES,LAC,21,24,45,33,25,0,58,103,NO,0,1,YES,105,96,201,103.62,93.49,197.11,-8.5,189
1995,16-Nov,06:30PM,Thu,Houston,27,34,61,33,21,0,54,115,NO,0,1,YES,Milwaukee,24,20,44,23,20,0,43,87,NO,1,1,NO,105,97,202,103.62,94.49,198.11,4.5,192
1995,16-Nov,07:30PM,Thu,Indiana,17,24,41,14,25,0,39,80,NO,0,1,YES,Orlando,32,19,51,22,16,0,38,89,YES,1,1,NO,92,77,169,90.62,74.49,165.11,0,0
1995,17-Nov,05:00PM,Fri,New York,31,27,58,24,21,0,45,103,NO,0,1,YES,Denver,26,18,44,20,30,0,50,94,YES,0,1,YES,102,95,197,100.62,92.49,193.11,-1.5,204
1995,17-Nov,07:00PM,Fri,Minnesota,14,28,42,25,29,0,54,96,YES,1,0,YES,Toronto,25,35,60,34,20,0,54,114,YES,0,1,NO,102,108,210,100.62,105.49,206.11,0.5,196
1995,17-Nov,07:00PM,Fri,LAL,22,31,53,35,26,0,61,114,YES,1,1,YES,Vancouver,26,23,49,21,21,0,42,91,YES,1,0,YES,102,103,205,100.62,100.49,201.11,8,192
1995,17-Nov,07:30PM,Fri,Miami,24,29,53,20,18,0,38,91,YES,1,0,YES,Atlanta,24,18,42,24,22,0,46,88,YES,1,2,NO,95,84,179,93.62,81.49,175.11,-3,193.5
1995,17-Nov,07:30PM,Fri,Washington,27,27,54,22,24,0,46,100,YES,1,0,YES,Boston,35,30,65,18,27,0,45,110,YES,0,1,NO,119,91,210,117.62,88.49,206.11,-2.5,210
1995,17-Nov,07:30PM,Fri,Seattle,18,32,50,25,23,0,48,98,NO,1,0,NO,Charlotte,23,31,54,19,23,0,42,96,YES,0,1,YES,104,90,194,102.62,87.49,190.11,,
1995,17-Nov,06:30PM,Fri,New Jersey,25,27,52,20,22,0,42,94,YES,1,0,YES,Chicago,36,25,61,24,24,0,48,109,YES,3,1,NO,113,90,203,111.62,87.49,199.11,-15.5,197.5
1995,17-Nov,04:30PM,Fri,Dallas,21,30,51,14,25,0,39,90,NO,1,0,NO,LAC,27,18,45,25,31,0,56,101,YES,1,0,NO,96,95,191,94.62,92.49,187.11,4,205
1995,17-Nov,07:30PM,Fri,Cleveland,35,21,56,27,31,0,58,114,NO,1,0,YES,Philadelphia,23,23,46,10,26,0,36,82,YES,0,1,YES,102,94,196,100.62,91.49,192.11,-3,194
1995,17-Nov,04:30PM,Fri,Phoenix,23,29,52,25,19,0,44,96,YES,1,0,YES,Sacramento,20,36,56,18,31,0,49,105,NO,1,0,YES,108,93,201,106.62,90.49,197.11,2.5,207
1995,17-Nov,08:00PM,Fri,Utah,27,17,44,21,21,0,42,86,NO,1,0,NO,Detroit,28,17,45,19,17,0,36,81,YES,0,1,NO,89,78,167,87.62,75.49,163.11,3.5,195
1995,18-Nov,06:00PM,Sat,Utah,21,35,56,40,30,0,70,126,NO,0,1,YES,Minnesota,20,26,46,31,25,0,56,102,NO,3,0,YES,102,126,228,100.62,123.49,224.11,7,198
1995,18-Nov,04:00PM,Sat,Portland,29,26,55,24,23,0,47,102,YES,1,1,YES,Phoenix,22,29,51,31,25,0,56,107,NO,3,0,YES,106,103,209,104.62,100.49,205.11,-5.5,210
1995,18-Nov,07:30PM,Sat,Detroit,16,27,43,28,19,0,47,90,YES,0,3,YES,Cleveland,26,15,41,32,20,0,52,93,NO,3,0,YES,84,99,183,82.62,96.49,179.11,-3.5,187
1995,18-Nov,04:30PM,Sat,Dallas,23,28,51,30,27,0,57,108,NO,0,2,YES,Golden State,30,37,67,23,31,0,54,121,YES,1,1,NO,118,111,229,116.62,108.49,225.11,-5,216
1995,18-Nov,06:30PM,Sat,Denver,23,24,47,26,24,0,50,97,YES,0,2,YES,Houston,28,17,45,36,20,0,56,101,YES,1,1,YES,92,106,198,90.62,103.49,194.11,-9.5,204
1995,18-Nov,07:30PM,Sat,Seattle,29,27,56,21,27,0,48,104,NO,0,2,NO,Indiana,20,32,52,36,30,0,66,118,NO,4,1,YES,108,114,222,106.62,111.49,218.11,1,202
1995,18-Nov,07:30PM,Sat,Orlando,26,24,50,22,18,0,40,90,YES,1,1,YES,Miami,26,24,50,22,21,0,43,93,NO,3,0,YES,100,83,183,98.62,80.49,179.11,-3.5,189
1995,18-Nov,06:30PM,Sat,Boston,23,30,53,28,18,0,46,99,YES,0,1,YES,Milwaukee,21,29,50,21,22,0,43,93,NO,3,1,NO,103,89,192,101.62,86.49,188.11,-6,202
1995,18-Nov,06:30PM,Sat,Charlotte,23,34,57,28,22,0,50,107,YES,0,3,YES,San Antonio,29,27,56,27,26,0,53,109,NO,3,2,YES,113,103,216,111.62,100.49,212.11,-11,204
1995,18-Nov,07:30PM,Sat,Toronto,24,33,57,20,26,0,46,103,YES,0,2,YES,Washington,19,23,42,28,32,0,60,102,YES,3,0,YES,99,106,205,97.62,103.49,201.11,-8.5,209
1995,18-Nov,08:00PM,Sat,Philadelphia,17,16,33,23,23,0,46,79,YES,0,3,YES,New Jersey,29,21,50,20,25,0,45,95,YES,1,0,YES,83,91,174,81.62,88.49,170.11,-3.5,196
1995,19-Nov,03:00PM,Sun,Atlanta,26,25,51,29,28,0,57,108,YES,1,1,NO,Sacramento,25,24,49,23,22,0,45,94,YES,2,1,NO,100,102,202,98.62,99.49,198.11,-4.5,197.5
1995,19-Nov,03:30PM,Sun,LAC,25,13,38,30,20,0,50,88,YES,1,0,NO,LAL,36,27,63,16,30,0,46,109,NO,1,1,YES,101,96,197,99.62,93.49,193.11,-9.5,201
1995,19-Nov,08:00PM,Sun,Vancouver,31,23,54,19,20,0,39,93,YES,1,2,NO,New York,29,26,55,22,21,0,43,98,YES,2,1,YES,109,82,191,107.62,79.49,187.11,-15,196
1995,20-Nov,04:00PM,Mon,LAC,27,29,56,19,19,0,38,94,NO,0,1,YES,Portland,27,34,61,28,24,0,52,113,YES,0,1,YES,117,90,207,115.62,87.49,203.11,-8.5,201
1995,20-Nov,05:00PM,Mon,New Jersey,19,15,34,17,28,0,45,79,YES,1,1,NO,Utah,32,24,56,23,26,0,49,105,NO,1,1,YES,90,94,184,88.62,91.49,180.11,-14,198
1995,20-Nov,07:30PM,Mon,Houston,31,21,52,23,23,0,46,98,YES,1,1,NO,Boston,21,31,52,22,19,0,41,93,YES,1,1,YES,104,87,191,102.62,84.49,187.11,7,205
1995,20-Nov,07:30PM,Mon,Golden State,19,29,48,20,27,0,47,95,YES,1,1,NO,Orlando,24,28,52,20,29,0,49,101,NO,1,1,YES,100,96,196,98.62,93.49,192.11,-6.5,210
1995,21-Nov,06:00PM,Tue,Seattle,31,27,58,21,18,0,39,97,NO,2,0,NO,Toronto,27,30,57,25,20,0,45,102,YES,0,2,YES,115,84,199,113.62,81.49,195.11,7,207
1995,21-Nov,05:00PM,Tue,Atlanta,19,30,49,24,26,0,50,99,NO,1,0,NO,Denver,26,22,48,30,29,0,59,107,YES,2,2,YES,97,109,206,95.62,106.49,202.11,-1,206.5
1995,21-Nov,06:30PM,Tue,Chicago,19,25,44,20,30,14,50,94,YES,3,0,NO,Dallas,20,25,45,28,21,8,49,94,NO,2,2,YES,89,99,188,87.62,96.49,184.11,5.5,201
1995,21-Nov,04:30PM,Tue,Portland,25,35,60,25,24,0,49,109,YES,0,2,YES,LAL,22,31,53,31,24,0,55,108,NO,2,1,NO,113,104,217,111.62,101.49,213.11,-6,207
1995,22-Nov,06:00PM,Wed,Seattle,26,27,53,23,30,0,53,106,NO,0,1,YES,Minnesota,23,28,51,29,17,0,46,97,NO,1,3,NO,104,99,203,102.62,96.49,199.11,8,207
1995,22-Nov,04:00PM,Wed,Atlanta,28,25,53,33,26,0,59,112,NO,0,2,YES,Phoenix,27,31,58,33,26,0,59,117,NO,2,3,NO,111,118,229,109.62,115.49,225.11,-6,215
1995,22-Nov,06:00PM,Wed,Chicago,27,27,54,31,18,0,49,103,NO,0,1,NO,San Antonio,20,30,50,21,23,0,44,94,YES,1,3,NO,104,93,197,102.62,90.49,193.11,-2.5,201.5
1995,22-Nov,05:00PM,Wed,Sacramento,26,25,51,26,18,0,44,95,YES,2,1,NO,Utah,31,28,59,29,28,0,57,116,NO,1,1,NO,110,101,211,108.62,98.49,207.11,-9,200
1995,22-Nov,07:30PM,Wed,Boston,41,25,66,27,36,0,63,129,YES,1,1,YES,Charlotte,21,29,50,30,44,0,74,124,NO,1,3,YES,116,137,253,114.62,134.49,249.11,-7.5,207.5
1995,22-Nov,07:30PM,Wed,New York,20,22,42,23,29,0,52,94,YES,2,2,YES,Cleveland,25,25,50,14,20,0,34,84,YES,1,3,NO,92,86,178,90.62,83.49,174.11,5,187.5
1995,22-Nov,07:30PM,Wed,Washington,29,31,60,19,19,0,38,98,YES,3,1,YES,Detroit,30,25,55,15,27,0,42,97,NO,1,3,YES,115,80,195,113.62,77.49,191.11,-4.5,197
1995,22-Nov,04:30PM,Wed,New Jersey,30,22,52,24,16,0,40,92,NO,1,1,NO,LAC,32,25,57,27,41,0,68,125,NO,2,1,YES,109,108,217,107.62,105.49,213.11,-4,194
1995,22-Nov,07:30PM,Wed,Golden State,22,28,50,20,23,0,43,93,NO,1,1,NO,Miami,20,22,42,31,30,0,61,103,YES,1,3,NO,92,104,196,90.62,101.49,192.11,-7.5,196
1995,22-Nov,06:30PM,Wed,Toronto,21,22,43,15,28,0,43,86,YES,0,2,NO,Milwaukee,30,21,51,22,23,0,45,96,YES,2,3,NO,94,88,182,92.62,85.49,178.11,-6,198
1995,22-Nov,07:30PM,Wed,Vancouver,22,25,47,23,23,0,46,93,NO,2,1,NO,Orlando,24,25,49,22,24,0,46,95,YES,1,1,NO,96,92,188,94.62,89.49,184.11,-13.5,192
1995,22-Nov,07:30PM,Wed,Houston,35,23,58,31,26,0,57,115,NO,1,0,NO,Philadelphia,24,32,56,19,31,0,50,106,YES,1,3,YES,114,107,221,112.62,104.49,217.11,9,201
1995,23-Nov,07:30PM,Thu,Houston,31,24,55,36,24,0,60,115,NO,0,1,NO,Indiana,30,29,59,32,17,0,49,108,NO,0,4,NO,114,109,223,112.62,106.49,219.11,1.5,198
1995,24-Nov,04:00PM,Fri,Chicago,25,22,47,20,23,0,43,90,NO,1,1,NO,Utah,19,23,42,20,23,0,43,85,YES,0,1,NO,89,86,175,87.62,83.49,171.11,-3.5,200
1995,24-Nov,06:00PM,Fri,Orlando,32,25,57,25,27,0,52,109,YES,1,0,NO,Minnesota,31,19,50,20,28,0,48,98,YES,1,1,NO,107,100,207,105.62,97.49,203.11,5,201
1995,24-Nov,04:00PM,Fri,New Jersey,19,18,37,27,23,0,50,87,NO,1,1,NO,Portland,29,25,54,27,18,0,45,99,NO,2,2,YES,91,95,186,89.62,92.49,182.11,-11,200
1995,24-Nov,07:00PM,Fri,San Antonio,31,20,51,19,30,0,49,100,YES,1,0,NO,Seattle,21,35,56,26,30,0,56,112,NO,1,1,YES,107,105,212,105.62,102.49,208.11,-4.5,207
1995,24-Nov,07:30PM,Fri,Vancouver,30,25,55,18,31,0,49,104,NO,1,0,NO,Charlotte,35,24,59,31,26,0,57,116,YES,1,1,NO,114,106,220,112.62,103.49,216.11,,
1995,24-Nov,06:30PM,Fri,Denver,31,21,52,25,26,9,51,103,YES,2,0,YES,Dallas,20,32,52,24,27,6,51,103,YES,3,2,NO,104,102,206,102.62,99.49,202.11,-5,204
1995,24-Nov,07:30PM,Fri,Philadelphia,15,23,38,22,18,0,40,78,YES,1,0,YES,Detroit,30,23,53,29,19,0,48,101,NO,1,1,NO,91,88,179,89.62,85.49,175.11,-6.5,196
1995,24-Nov,07:30PM,Fri,Cleveland,22,30,52,30,18,0,48,100,YES,1,0,YES,Indiana,16,19,35,31,27,0,58,93,YES,3,0,NO,87,106,193,85.62,103.49,189.11,-9.5,190
1995,24-Nov,04:30PM,Fri,Sacramento,24,15,39,35,25,0,60,99,NO,1,1,YES,LAL,27,28,55,21,22,0,43,98,YES,0,2,NO,94,103,197,92.62,100.49,193.11,-5.5,207
1995,24-Nov,07:30PM,Fri,Miami,19,26,45,28,21,0,49,94,YES,1,0,YES,Washington,16,40,56,31,23,0,54,110,NO,0,1,YES,101,103,204,99.62,100.49,200.11,4.5,191
1995,24-Nov,08:00PM,Fri,Golden State,24,26,50,22,29,0,51,101,NO,1,0,NO,Boston,20,30,50,23,21,0,44,94,NO,1,1,YES,100,95,195,98.62,92.49,191.11,-2.5,211.5
1995,25-Nov,01:00PM,Sat,Houston,27,20,47,25,16,0,41,88,NO,1,0,NO,New York,28,20,48,26,29,0,55,103,NO,2,2,YES,95,96,191,93.62,93.49,187.11,-2,199
1995,25-Nov,05:00PM,Sat,Utah,22,27,49,21,21,0,42,91,YES,0,1,NO,Denver,29,21,50,20,24,0,44,94,YES,2,0,YES,99,86,185,97.62,83.49,181.11,3,204
1995,25-Nov,04:00PM,Sat,LAL,30,26,56,30,27,0,57,113,YES,0,3,YES,Phoenix,23,29,52,21,41,0,62,114,NO,1,2,NO,108,119,227,106.62,116.49,223.11,-7,216
1995,25-Nov,07:30PM,Sat,Toronto,25,25,50,25,27,0,52,102,NO,2,1,YES,Atlanta,25,31,56,35,23,0,58,114,YES,2,2,YES,106,110,216,104.62,107.49,212.11,-10.5,208
1995,25-Nov,07:30PM,Sat,Milwaukee,24,23,47,19,21,0,40,87,YES,2,0,YES,Cleveland,26,24,50,16,23,0,39,89,NO,2,0,YES,97,79,176,95.62,76.49,172.11,-3.5,187
1995,25-Nov,04:30PM,Sat,San Antonio,29,36,65,19,16,0,35,100,NO,0,3,YES,LAC,20,24,44,22,25,0,47,91,YES,2,2,NO,109,82,191,107.62,79.49,187.11,4,201
1995,25-Nov,07:30PM,Sat,Vancouver,28,20,48,22,21,0,43,91,NO,0,2,NO,Miami,20,21,41,37,33,0,70,111,NO,2,0,YES,89,113,202,87.62,110.49,198.11,-13,187
1995,25-Nov,07:30PM,Sat,Golden State,24,30,54,27,26,0,53,107,NO,0,1,NO,Philadelphia,19,26,45,28,16,0,44,89,YES,3,0,YES,99,97,196,97.62,94.49,192.11,5,212
1995,25-Nov,07:30PM,Sat,Orlando,29,33,62,26,26,0,52,114,NO,0,1,YES,Washington,28,24,52,31,29,0,60,112,YES,2,0,NO,114,112,226,112.62,109.49,222.11,1.5,202
1995,26-Nov,05:00PM,Sun,Chicago,35,29,64,11,17,0,28,92,NO,1,0,NO,Seattle,24,27,51,26,20,0,46,97,NO,1,1,NO,115,74,189,113.62,71.49,185.11,-2,203
1995,26-Nov,05:00PM,Sun,Minnesota,32,23,55,23,27,0,50,105,YES,1,1,YES,Milwaukee,32,26,58,23,21,0,44,102,NO,1,0,YES,113,94,207,111.62,91.49,203.11,-8,193
1995,26-Nov,03:00PM,Sun,New Jersey,33,14,47,25,20,0,45,92,NO,1,1,YES,Sacramento,22,30,52,19,28,0,47,99,NO,1,1,YES,99,92,191,97.62,89.49,187.11,-11.5,193
1995,26-Nov,07:00PM,Sun,Charlotte,23,23,46,32,33,0,65,111,YES,1,1,NO,Boston,35,24,59,26,24,0,50,109,NO,2,1,NO,105,115,220,103.62,112.49,216.11,-2,210
1995,26-Nov,07:00PM,Sun,Houston,23,27,50,24,26,0,50,100,NO,0,1,YES,Detroit,28,26,54,19,29,0,48,102,YES,0,1,NO,104,98,202,102.62,95.49,198.11,2,196
1995,27-Nov,04:00PM,Mon,Utah,28,24,52,36,26,0,62,114,NO,1,2,NO,Phoenix,30,20,50,28,27,0,55,105,YES,1,1,NO,102,117,219,100.62,114.49,215.11,-2.5,213
1995,27-Nov,04:00PM,Mon,Chicago,20,26,46,35,26,0,61,107,NO,0,2,NO,Portland,19,29,48,20,36,0,56,104,YES,1,2,NO,94,117,211,92.62,114.49,207.11,3.5,197
1995,27-Nov,07:00PM,Mon,Golden State,22,28,50,30,18,0,48,98,NO,1,1,YES,Toronto,22,36,58,23,20,0,43,101,YES,0,1,YES,108,91,199,106.62,88.49,195.11,3,208
1995,27-Nov,07:30PM,Mon,Detroit,15,23,38,29,28,0,57,95,YES,0,1,NO,Orlando,28,19,47,23,26,0,49,96,NO,2,1,YES,85,106,191,83.62,103.49,187.11,-8,192
1995,28-Nov,06:00PM,Tue,Charlotte,30,33,63,25,18,0,43,106,NO,1,0,YES,Milwaukee,38,22,60,21,17,0,38,98,YES,1,1,NO,123,81,204,121.62,78.49,200.11,2.5,201.5
1995,28-Nov,06:00PM,Tue,Vancouver,25,27,52,28,18,0,46,98,NO,2,1,YES,Minnesota,29,30,59,24,38,0,62,121,YES,2,1,YES,111,108,219,109.62,105.49,215.11,-8.5,195
1995,28-Nov,07:00PM,Tue,Indiana,27,21,48,28,26,0,54,102,YES,3,1,NO,Seattle,26,27,53,26,22,0,48,101,NO,2,1,NO,101,102,203,99.62,99.49,199.11,-8,207
1995,28-Nov,07:30PM,Tue,Toronto,28,20,48,22,19,0,41,89,YES,0,2,YES,Cleveland,18,28,46,28,19,0,47,93,YES,1,2,NO,94,88,182,92.62,85.49,178.11,-7,188
1995,28-Nov,06:30PM,Tue,LAC,17,33,50,26,27,0,53,103,YES,2,0,NO,Houston,26,32,58,32,26,0,58,116,NO,1,1,YES,108,111,219,106.62,108.49,215.11,-13.5,205
1995,28-Nov,07:30PM,Tue,Dallas,28,24,52,20,17,0,37,89,YES,3,1,NO,Miami,16,33,49,33,29,0,62,111,YES,1,2,NO,101,99,200,99.62,96.49,196.11,-10,193
1995,28-Nov,07:30PM,Tue,Washington,16,26,42,24,18,0,42,84,YES,2,1,YES,New Jersey,29,20,49,20,20,0,40,89,YES,2,1,YES,91,82,173,89.62,79.49,169.11,1,193.5
1995,28-Nov,07:30PM,Tue,Atlanta,19,29,48,25,22,7,47,95,YES,2,0,YES,New York,22,23,45,25,25,2,50,95,YES,0,2,NO,93,97,190,91.62,94.49,186.11,-6.5,202
1995,28-Nov,04:30PM,Tue,Denver,22,21,43,16,26,0,42,85,YES,2,3,YES,Sacramento,23,16,39,18,34,0,52,91,NO,1,1,NO,82,94,176,80.62,91.49,172.11,-5,198
1995,29-Nov,07:30PM,Wed,Detroit,22,23,45,25,26,0,51,96,NO,1,0,YES,Boston,26,26,52,19,29,0,48,100,NO,1,2,NO,97,99,196,95.62,96.49,192.11,-1.5,197.5
1995,29-Nov,04:30PM,Wed,Portland,29,30,59,34,19,0,53,112,YES,1,0,YES,Golden State,25,23,48,25,25,0,50,98,NO,2,1,YES,107,103,210,105.62,100.49,206.11,-3.5,214
1995,29-Nov,04:30PM,Wed,Phoenix,20,18,38,27,31,0,58,96,YES,1,1,YES,LAL,21,35,56,28,23,0,51,107,NO,1,3,YES,94,109,203,92.62,106.49,199.11,-5,218
1995,29-Nov,06:30PM,Wed,LAC,21,28,49,18,19,0,37,86,NO,0,2,YES,San Antonio,32,21,53,27,25,0,52,105,NO,2,3,YES,102,89,191,100.62,86.49,187.11,-12,206
1995,29-Nov,08:00PM,Wed,Philadelphia,20,13,33,18,30,0,48,81,YES,3,1,NO,Atlanta,28,22,50,23,33,0,56,106,NO,1,0,YES,83,104,187,81.62,101.49,183.11,-12.5,204
1995,29-Nov,08:00PM,Wed,New York,24,26,50,27,28,0,55,105,YES,0,2,NO,Charlotte,27,29,56,24,35,0,59,115,YES,1,0,YES,106,114,220,104.62,111.49,216.11,2.5,207
1995,30-Nov,04:00PM,Thu,Milwaukee,26,30,56,29,15,0,44,100,YES,1,0,NO,Portland,24,28,52,25,22,0,47,99,NO,2,0,YES,108,91,199,106.62,88.49,195.11,-9,201
1995,30-Nov,07:00PM,Thu,Chicago,25,19,44,18,32,0,50,94,NO,2,1,NO,Vancouver,23,19,42,22,24,0,46,88,YES,0,1,YES,86,96,182,84.62,93.49,178.11,12,195
1995,30-Nov,07:30PM,Thu,Miami,35,33,68,19,31,0,50,118,YES,1,0,YES,Detroit,30,23,53,26,28,0,54,107,NO,1,0,YES,121,104,225,119.62,101.49,221.11,4,187
1995,30-Nov,06:30PM,Thu,Utah,24,29,53,33,26,0,59,112,NO,2,4,YES,Houston,17,23,40,34,31,0,65,105,NO,1,1,NO,93,124,217,91.62,121.49,213.11,-4.5,204
1995,30-Nov,07:30PM,Thu,Dallas,19,20,39,23,34,0,57,96,NO,1,0,NO,Orlando,26,27,53,31,26,0,57,110,YES,1,2,NO,92,114,206,90.62,111.49,202.11,-6.5,195
1995,30-Nov,04:30PM,Thu,Indiana,27,20,47,26,22,0,48,95,NO,1,1,NO,Sacramento,31,21,52,20,33,0,53,105,NO,1,1,NO,99,101,200,97.62,98.49,196.11,-3,198.5
1995,30-Nov,07:30PM,Thu,Cleveland,30,16,46,30,21,0,51,97,YES,1,1,NO,Washington,18,25,43,28,14,0,42,85,NO,1,1,YES,89,93,182,87.62,90.49,178.11,-5.5,194
1995,1-Dec,04:00PM,Fri,Minnesota,34,21,55,23,27,0,50,105,YES,2,0,NO,Phoenix,27,32,59,24,28,0,52,111,YES,0,1,YES,114,102,216,112.62,99.49,212.11,-8.5,211
1995,1-Dec,07:00PM,Fri,Milwaukee,30,14,44,24,31,0,55,99,NO,0,1,NO,Seattle,25,37,62,24,24,0,48,110,NO,3,2,NO,106,103,209,104.62,100.49,205.11,-12.5,204
1995,1-Dec,07:00PM,Fri,Philadelphia,15,29,44,27,31,0,58,102,NO,1,0,YES,Toronto,36,17,53,29,23,0,52,105,NO,1,2,YES,97,110,207,95.62,107.49,203.11,-6,197
1995,1-Dec,07:30PM,Fri,New Jersey,34,28,62,30,21,18,51,113,YES,2,0,YES,Boston,32,22,54,23,36,10,59,113,YES,0,1,NO,116,110,226,114.62,107.49,222.11,-5.5,194
1995,1-Dec,04:30PM,Fri,Vancouver,26,23,49,31,20,0,51,100,YES,0,1,YES,LAL,29,27,56,32,25,0,57,113,NO,1,1,NO,105,108,213,103.62,105.49,209.11,-13.5,200
1995,1-Dec,07:30PM,Fri,Charlotte,23,22,45,19,35,2,54,99,YES,1,0,NO,Miami,32,21,53,19,27,9,46,99,YES,1,0,YES,98,100,198,96.62,97.49,194.11,-7,197
1995,1-Dec,08:00PM,Fri,Dallas,26,29,55,33,18,0,51,106,NO,0,1,NO,Atlanta,25,26,51,22,25,0,47,98,YES,0,1,NO,106,98,204,104.62,95.49,200.11,-9,208
1995,2-Dec,05:00PM,Sat,Minnesota,25,29,54,29,22,0,51,105,NO,0,3,YES,Denver,30,24,54,29,26,0,55,109,NO,1,3,YES,108,106,214,106.62,103.49,210.11,-9,206.5
1995,2-Dec,07:30PM,Sat,Atlanta,21,30,51,21,24,0,45,96,YES,0,3,NO,Detroit,29,22,51,27,26,0,53,104,YES,1,1,NO,102,98,200,100.62,95.49,196.11,-2,199
1995,2-Dec,04:30PM,Sat,Indiana,24,22,46,23,28,0,51,97,NO,1,0,NO,Golden State,29,24,53,16,31,0,47,100,NO,3,2,NO,99,98,197,97.62,95.49,193.11,-1,212
1995,2-Dec,06:30PM,Sat,Charlotte,24,28,52,27,19,0,46,98,NO,0,3,YES,Houston,29,33,62,26,25,0,51,113,YES,2,1,NO,114,97,211,112.62,94.49,207.11,-10,214
1995,2-Dec,04:30PM,Sat,Chicago,30,26,56,26,22,0,48,104,NO,1,3,YES,LAC,12,29,41,38,19,0,57,98,NO,2,2,YES,97,105,202,95.62,102.49,198.11,10.5,200
1995,2-Dec,07:30PM,Sat,Cleveland,26,24,50,15,13,0,28,78,NO,1,0,YES,New Jersey,18,17,35,23,21,0,44,79,YES,3,0,YES,85,72,157,83.62,69.49,153.11,1,180
1995,2-Dec,07:30PM,Sat,New York,15,20,35,26,33,0,59,94,NO,2,0,YES,Philadelphia,24,15,39,23,23,0,46,85,YES,2,0,YES,74,105,179,72.62,102.49,175.11,10,199
1995,2-Dec,04:30PM,Sat,Orlando,26,24,50,24,32,0,56,106,YES,1,0,NO,Sacramento,28,30,58,30,21,0,51,109,NO,5,1,NO,108,107,215,106.62,104.49,211.11,-4,199
1995,2-Dec,06:30PM,Sat,Phoenix,20,22,42,25,26,0,51,93,YES,0,2,YES,San Antonio,22,31,53,22,26,0,48,101,NO,2,2,NO,95,99,194,93.62,96.49,190.11,-8.5,210
1995,2-Dec,07:30PM,Sat,Boston,31,21,52,28,27,0,55,107,YES,0,1,YES,Washington,32,30,62,35,38,0,73,135,YES,0,1,NO,114,128,242,112.62,125.49,238.11,-9,214.5
1995,3-Dec,02:00PM,Sun,Milwaukee,25,29,54,30,25,0,55,109,NO,1,3,YES,Vancouver,19,24,43,27,25,0,52,95,YES,1,1,YES,97,107,204,95.62,104.49,200.11,4,192
1995,3-Dec,05:30PM,Sun,Miami,28,26,54,24,34,0,58,112,YES,1,0,NO,Toronto,23,23,46,28,20,0,48,94,YES,1,1,NO,100,106,206,98.62,103.49,202.11,5.5,198
1995,3-Dec,06:00PM,Sun,Washington,16,18,34,21,28,0,49,83,YES,0,2,YES,New York,27,25,52,29,26,0,55,107,NO,1,0,YES,86,104,190,84.62,101.49,186.11,-6.5,205
1995,3-Dec,03:00PM,Sun,Orlando,22,23,45,22,15,0,37,82,NO,0,1,NO,Portland,21,20,41,22,30,0,52,93,NO,3,2,NO,86,89,175,84.62,86.49,171.11,-5,203
1995,3-Dec,03:30PM,Sun,Indiana,19,28,47,30,19,0,49,96,NO,0,1,YES,LAL,29,33,62,18,24,0,42,104,YES,1,1,NO,109,91,200,107.62,88.49,196.11,-4.5,202
1995,3-Dec,07:30PM,Sun,Dallas,19,30,49,21,33,4,54,103,NO,1,1,NO,Cleveland,26,19,45,35,23,5,58,103,YES,2,0,YES,94,112,206,92.62,109.49,202.11,-2,188
1995,4-Dec,05:00PM,Mon,Detroit,17,13,30,30,22,0,52,82,YES,1,2,NO,Denver,19,16,35,23,27,0,50,85,YES,2,1,NO,65,102,167,63.62,99.49,163.11,-5.5,189
1995,4-Dec,07:30PM,Mon,Miami,22,28,50,26,30,14,56,106,NO,0,1,YES,Boston,17,36,53,31,22,15,53,106,YES,1,1,YES,103,109,212,101.62,106.49,208.11,5.5,204
1995,5-Dec,04:00PM,Tue,Houston,17,30,47,33,23,0,56,103,YES,2,0,YES,Utah,30,20,50,32,18,0,50,100,NO,1,4,YES,97,106,203,95.62,103.49,199.11,-4,203.5
1995,5-Dec,04:00PM,Tue,Vancouver,19,22,41,31,36,0,67,108,YES,1,1,YES,Phoenix,32,23,55,32,25,0,57,112,YES,2,2,YES,96,124,220,94.62,121.49,216.11,-13,209
1995,5-Dec,07:00PM,Tue,Toronto,28,15,43,23,23,0,46,89,YES,1,1,NO,Seattle,29,27,56,39,24,0,63,119,YES,2,3,NO,99,109,208,97.62,106.49,204.11,-14,210
1995,5-Dec,07:30PM,Tue,Philadelphia,30,16,46,19,26,0,45,91,YES,2,0,YES,Indiana,27,23,50,25,33,0,58,108,YES,2,1,YES,96,103,199,94.62,100.49,195.11,-12.5,201.5
1995,5-Dec,04:30PM,Tue,Orlando,26,28,54,31,29,0,60,114,NO,1,0,NO,LAC,24,32,56,18,31,0,49,105,YES,1,2,NO,110,109,219,108.62,106.49,215.11,5.5,202
1995,5-Dec,07:30PM,Tue,Dallas,26,19,45,18,24,0,42,87,NO,1,0,NO,New York,31,21,52,24,16,0,40,92,YES,0,1,NO,97,82,179,95.62,79.49,175.11,-8,200
1995,5-Dec,06:30PM,Tue,LAL,18,20,38,27,24,0,51,89,YES,1,0,NO,San Antonio,31,24,55,34,28,0,62,117,YES,1,2,NO,93,113,206,91.62,110.49,202.11,-6.5,203
1995,6-Dec,06:00PM,Wed,New York,30,26,56,17,21,0,38,94,YES,0,2,NO,Chicago,23,20,43,29,29,0,58,101,NO,1,3,YES,99,96,195,97.62,93.49,191.11,-6.5,195
1995,6-Dec,06:00PM,Wed,New Jersey,25,23,48,25,24,0,49,97,YES,3,1,YES,Minnesota,28,22,50,38,20,0,58,108,NO,1,3,YES,98,107,205,96.62,104.49,201.11,-5,195
1995,6-Dec,07:30PM,Wed,Cleveland,27,17,44,19,19,0,38,82,YES,2,1,YES,Charlotte,27,23,50,26,18,0,44,94,YES,1,3,YES,94,82,176,92.62,79.49,172.11,-6.5,198
1995,6-Dec,04:30PM,Wed,Orlando,26,33,59,28,22,0,50,109,NO,0,1,YES,Golden State,27,29,56,25,26,0,51,107,NO,1,3,NO,115,101,216,113.62,98.49,212.11,-4.5,210
1995,6-Dec,06:30PM,Wed,LAL,24,29,53,14,32,0,46,99,NO,0,1,YES,Houston,29,28,57,28,27,0,55,112,NO,1,0,YES,110,101,211,108.62,98.49,207.11,-5.5,209
1995,6-Dec,07:30PM,Wed,Boston,25,25,50,28,27,0,55,105,YES,1,2,NO,Miami,25,27,52,38,11,0,49,101,YES,2,1,YES,102,104,206,100.62,101.49,202.11,-11,205
1995,6-Dec,07:30PM,Wed,Dallas,29,10,39,18,30,0,48,87,NO,0,2,YES,Philadelphia,27,25,52,24,32,0,56,108,YES,1,0,YES,91,104,195,89.62,101.49,191.11,3,203
1995,6-Dec,07:30PM,Wed,Atlanta,24,12,36,23,20,0,43,79,NO,3,0,YES,Washington,20,31,51,20,25,0,45,96,YES,1,2,YES,87,88,175,85.62,85.49,171.11,-2.5,211.5
1995,7-Dec,04:00PM,Thu,Toronto,29,23,52,10,26,0,36,88,NO,1,0,NO,Portland,24,21,45,22,29,0,51,96,YES,1,3,NO,97,87,184,95.62,84.49,180.11,-12,207
1995,7-Dec,05:00PM,Thu,Denver,34,33,67,29,28,0,57,124,YES,2,0,YES,Utah,29,21,50,27,42,0,69,119,NO,1,1,NO,117,126,243,115.62,123.49,239.11,-11,202
1995,7-Dec,07:00PM,Thu,Detroit,30,22,52,20,21,0,41,93,NO,2,0,NO,Vancouver,22,13,35,32,17,0,49,84,NO,2,1,YES,87,90,177,85.62,87.49,173.11,6,192
1995,7-Dec,07:30PM,Thu,San Antonio,32,23,55,27,22,0,49,104,YES,1,0,NO,Atlanta,29,26,55,22,25,0,47,102,NO,1,0,YES,110,96,206,108.62,93.49,202.11,2,203
1995,7-Dec,06:30PM,Thu,LAC,21,24,45,30,28,0,58,103,YES,1,0,NO,Milwaukee,32,26,58,30,24,0,54,112,NO,1,3,YES,103,112,215,101.62,109.49,211.11,-7,201
1995,8-Dec,05:00PM,Fri,Phoenix,27,21,48,25,25,0,50,98,YES,2,0,YES,Denver,22,29,51,25,27,0,52,103,YES,2,0,YES,99,102,201,97.62,99.49,197.11,-2.5,212
1995,8-Dec,06:00PM,Fri,LAC,19,35,54,24,16,0,40,94,NO,0,1,NO,Minnesota,26,21,47,41,24,0,65,112,YES,0,1,NO,101,105,206,99.62,102.49,202.11,-8,209
1995,8-Dec,06:30PM,Fri,San Antonio,19,27,46,23,18,0,41,87,NO,0,1,NO,Chicago,28,25,53,26,27,0,53,106,YES,0,1,NO,99,94,193,97.62,91.49,189.11,-6.5,197.5
1995,8-Dec,07:30PM,Fri,Philadelphia,17,23,40,27,18,0,45,85,YES,1,0,YES,Cleveland,27,26,53,30,30,0,60,113,NO,0,1,YES,93,105,198,91.62,102.49,194.11,-6.5,189
1995,8-Dec,04:30PM,Fri,Detroit,25,32,57,24,21,19,45,102,NO,0,1,NO,Golden State,29,25,54,23,25,12,48,102,YES,0,1,NO,111,93,204,109.62,90.49,200.11,-5.5,204
1995,8-Dec,06:30PM,Fri,Washington,33,27,60,19,28,0,47,107,YES,1,0,NO,Houston,31,29,60,20,33,0,53,113,YES,1,1,NO,120,100,220,118.62,97.49,216.11,-10.5,211
1995,8-Dec,04:30PM,Fri,Toronto,19,33,52,20,31,0,51,103,NO,0,1,NO,LAL,37,26,63,27,30,0,57,120,NO,1,1,YES,115,108,223,113.62,105.49,219.11,-11,204
1995,8-Dec,07:30PM,Fri,Indiana,28,17,45,18,26,0,44,89,YES,2,1,YES,New Jersey,24,26,50,22,19,0,41,91,YES,0,1,YES,95,85,180,93.62,82.49,176.11,3.5,191
1995,8-Dec,04:30PM,Fri,Seattle,32,29,61,31,28,0,59,120,YES,2,0,YES,Sacramento,24,27,51,31,21,0,52,103,NO,1,5,NO,112,111,223,110.62,108.49,219.11,-1,204
1995,8-Dec,08:00PM,Fri,Charlotte,25,31,56,21,18,0,39,95,YES,1,0,YES,Orlando,27,26,53,28,24,0,52,105,YES,3,1,YES,109,91,200,107.62,88.49,196.11,-5.5,209
1995,9-Dec,04:00PM,Sat,Miami,22,29,51,18,25,0,43,94,YES,2,0,NO,Phoenix,16,27,43,22,27,0,49,92,NO,2,0,YES,94,92,186,92.62,89.49,182.11,0,0
1995,9-Dec,07:00PM,Sat,Portland,21,24,45,23,29,0,52,97,YES,1,0,YES,Seattle,28,21,49,27,30,0,57,106,YES,2,0,YES,94,109,203,92.62,106.49,199.11,-9.5,208.5
1995,9-Dec,05:00PM,Sat,Golden State,25,37,62,25,22,0,47,109,YES,0,2,YES,Utah,23,28,51,36,36,0,72,123,NO,1,1,NO,113,119,232,111.62,116.49,228.11,-9,213
1995,9-Dec,07:30PM,Sat,New York,28,29,57,20,24,0,44,101,NO,2,0,YES,Atlanta,29,27,56,26,10,0,36,92,YES,0,1,NO,113,80,193,111.62,77.49,189.11,-1,198.5
1995,9-Dec,07:30PM,Sat,Minnesota,27,36,63,24,21,0,45,108,YES,0,2,NO,Charlotte,29,24,53,35,26,0,61,114,YES,1,0,YES,116,106,222,114.62,103.49,218.11,-7,213
1995,9-Dec,07:30PM,Sat,New Jersey,26,18,44,20,21,0,41,85,YES,0,2,YES,Cleveland,28,14,42,22,9,0,31,73,NO,2,0,NO,86,72,158,84.62,69.49,154.11,-7,183
1995,9-Dec,06:30PM,Sat,Washington,27,15,42,29,32,0,61,103,NO,0,2,YES,Dallas,21,22,43,20,31,0,51,94,NO,2,2,YES,85,112,197,83.62,109.49,193.11,-3,205
1995,9-Dec,07:30PM,Sat,Boston,32,29,61,25,38,0,63,124,NO,2,0,YES,Philadelphia,25,22,47,29,22,0,51,98,NO,1,0,YES,108,114,222,106.62,111.49,218.11,1,206
1995,9-Dec,07:00PM,Sat,Chicago,33,32,65,25,28,0,53,118,YES,0,3,YES,Milwaukee,29,27,56,27,23,0,50,106,YES,2,1,NO,121,103,224,119.62,100.49,220.11,7,197.5
1995,10-Dec,02:30PM,Sun,LAC,31,21,52,25,27,0,52,104,NO,1,1,NO,Indiana,31,35,66,24,21,0,45,111,NO,1,1,YES,118,97,215,116.62,94.49,211.11,-7,200
1995,10-Dec,05:30PM,Sun,Toronto,29,22,51,25,17,0,42,93,NO,1,1,YES,Vancouver,23,18,41,16,24,0,40,81,NO,2,2,NO,92,82,174,90.62,79.49,170.11,-1.5,209
1995,10-Dec,06:00PM,Sun,San Antonio,28,21,49,29,25,9,54,103,NO,1,2,YES,New York,27,28,55,20,28,15,48,103,NO,1,0,YES,104,102,206,102.62,99.49,202.11,3,203
1995,10-Dec,03:00PM,Sun,Miami,24,18,42,21,27,0,48,90,NO,0,1,NO,Sacramento,30,27,57,31,22,0,53,110,NO,1,1,NO,99,101,200,97.62,98.49,196.11,2,192
1995,10-Dec,03:30PM,Sun,Detroit,17,28,45,21,16,0,37,82,NO,1,2,YES,LAL,22,18,40,24,23,0,47,87,YES,1,1,NO,85,84,169,83.62,81.49,165.11,-3,196
1995,10-Dec,07:00PM,Sun,Atlanta,16,32,48,31,29,0,60,108,YES,0,1,YES,Boston,23,36,59,23,21,0,44,103,YES,1,0,YES,107,104,211,105.62,101.49,207.11,-12.5,206
1995,10-Dec,04:00PM,Sun,Houston,20,15,35,24,27,15,51,86,YES,1,1,NO,Portland,23,25,48,17,21,17,38,86,NO,3,0,YES,83,89,172,81.62,86.49,168.11,0,0
1995,11-Dec,05:00PM,Mon,Charlotte,22,24,46,21,33,0,54,100,YES,1,0,NO,Utah,29,24,53,31,26,0,57,110,YES,3,1,NO,99,111,210,97.62,108.49,206.11,-9.5,210
1995,11-Dec,07:30PM,Mon,Denver,22,31,53,30,21,0,51,104,YES,2,0,NO,Philadelphia,25,21,46,25,20,0,45,91,YES,1,1,NO,99,96,195,97.62,93.49,191.11,5.5,201
1995,12-Dec,04:00PM,Tue,Charlotte,29,30,59,29,27,0,56,115,NO,0,1,NO,Phoenix,28,30,58,17,25,0,42,100,YES,3,2,NO,117,98,215,115.62,95.49,211.11,0,0
1995,12-Dec,07:00PM,Tue,Boston,32,25,57,26,33,0,59,116,YES,1,0,YES,Toronto,20,23,43,21,32,0,53,96,NO,1,1,YES,100,112,212,98.62,109.49,208.11,1,208
1995,12-Dec,07:30PM,Tue,Minnesota,26,24,50,17,18,0,35,85,NO,2,2,YES,Atlanta,26,11,37,28,13,0,41,78,NO,1,1,YES,87,76,163,85.62,73.49,159.11,-7.5,211
1995,12-Dec,07:30PM,Tue,LAC,18,23,41,24,21,0,45,86,NO,1,1,YES,Cleveland,20,22,42,27,28,0,55,97,YES,2,2,NO,83,100,183,81.62,97.49,179.11,-6.5,193
1995,12-Dec,06:30PM,Tue,Seattle,26,29,55,20,17,9,37,92,YES,2,0,NO,Dallas,21,24,45,21,26,20,47,92,NO,1,2,NO,100,84,184,98.62,81.49,180.11,5,202
1995,12-Dec,04:30PM,Tue,Miami,16,25,41,25,14,0,39,80,NO,1,1,NO,Golden State,27,32,59,28,18,0,46,105,YES,2,2,YES,100,85,185,98.62,82.49,181.11,0,0
1995,12-Dec,07:30PM,Tue,Denver,12,19,31,33,28,0,61,92,NO,0,1,NO,Indiana,30,33,63,27,35,0,62,125,YES,1,1,NO,94,123,217,92.62,120.49,213.11,-7.5,201.5
1995,12-Dec,07:30PM,Tue,Orlando,24,30,54,21,26,0,47,101,YES,3,0,NO,New Jersey,24,30,54,23,20,0,43,97,YES,2,2,YES,108,90,198,106.62,87.49,194.11,3.5,188
1995,12-Dec,04:30PM,Tue,Houston,28,31,59,42,32,0,74,133,NO,1,0,NO,Sacramento,27,10,37,28,28,0,56,93,YES,2,1,NO,96,130,226,94.62,127.49,222.11,2,202
1995,12-Dec,07:30PM,Tue,Milwaukee,23,33,56,16,30,0,46,102,YES,2,2,NO,Washington,31,26,57,29,22,0,51,108,NO,2,2,YES,113,97,210,111.62,94.49,206.11,-6.5,207
1995,12-Dec,08:00PM,Tue,LAL,20,21,41,20,21,0,41,82,YES,1,0,NO,New York,21,30,51,27,19,0,46,97,NO,1,1,NO,92,87,179,90.62,84.49,175.11,-6,199
1995,13-Dec,06:00PM,Wed,Orlando,26,23,49,16,38,0,54,103,NO,0,1,YES,Chicago,29,32,61,19,32,0,51,112,YES,0,3,YES,110,105,215,108.62,102.49,211.11,-9,200
1995,13-Dec,07:00PM,Wed,Houston,28,20,48,26,26,0,52,100,NO,0,1,YES,Vancouver,18,25,43,23,23,0,46,89,NO,1,2,NO,91,98,189,89.62,95.49,185.11,13,196
1995,13-Dec,07:30PM,Wed,Philadelphia,23,22,45,23,32,0,55,100,YES,1,3,NO,Boston,23,28,51,34,26,0,60,111,NO,1,0,YES,96,115,211,94.62,112.49,207.11,-8.5,210
1995,13-Dec,07:30PM,Wed,LAL,26,22,48,39,14,0,53,101,NO,0,1,NO,Detroit,25,34,59,16,23,0,39,98,NO,1,2,YES,107,92,199,105.62,89.49,195.11,-3.5,192.5
1995,13-Dec,06:30PM,Wed,Seattle,19,18,37,26,25,0,51,88,NO,0,1,YES,San Antonio,25,19,44,25,14,0,39,83,YES,0,2,YES,81,90,171,79.62,87.49,167.11,-7,200
1995,14-Dec,04:00PM,Thu,Charlotte,24,38,62,20,27,0,47,109,NO,1,1,NO,Portland,25,28,53,34,29,0,63,116,YES,0,3,NO,115,110,225,113.62,107.49,221.11,-5.5,205
1995,14-Dec,07:00PM,Thu,Indiana,26,27,53,24,25,0,49,102,YES,1,0,YES,Toronto,32,30,62,23,15,0,38,100,YES,0,1,NO,115,87,202,113.62,84.49,198.11,7,202.5
1995,14-Dec,07:30PM,Thu,Chicago,35,30,65,28,34,0,62,127,YES,0,1,YES,Atlanta,27,28,55,20,33,0,53,108,NO,1,1,NO,120,115,235,118.62,112.49,231.11,5.5,198
1995,14-Dec,06:30PM,Thu,San Antonio,27,31,58,36,32,0,68,126,YES,0,1,YES,Dallas,32,29,61,23,27,0,50,111,NO,1,1,NO,119,118,237,117.62,115.49,233.11,5,195
1995,14-Dec,04:30PM,Thu,Miami,25,21,46,16,22,0,38,84,NO,1,1,YES,LAC,18,20,38,32,19,0,51,89,NO,1,1,YES,84,89,173,82.62,86.49,169.11,0,0
1995,14-Dec,07:30PM,Thu,Denver,34,21,55,21,27,0,48,103,NO,1,1,NO,New York,30,28,58,18,18,0,36,94,NO,1,1,NO,113,84,197,111.62,81.49,193.11,-7.5,195
1995,15-Dec,06:00PM,Fri,Cleveland,26,28,54,30,16,0,46,100,YES,2,1,YES,Minnesota,19,26,45,25,18,0,43,88,NO,1,2,YES,99,89,188,97.62,86.49,184.11,-4.5,188
1995,15-Dec,07:00PM,Fri,Golden State,20,39,59,18,24,0,42,101,YES,2,0,NO,Seattle,26,28,54,25,29,0,54,108,YES,3,1,YES,113,96,209,111.62,93.49,205.11,-11,212
1995,15-Dec,07:00PM,Fri,Portland,27,19,46,30,20,4,50,96,YES,0,1,YES,Vancouver,22,24,46,25,25,8,50,96,NO,0,1,NO,92,100,192,90.62,97.49,188.11,8.5,190
1995,15-Dec,07:30PM,Fri,Toronto,23,24,47,21,35,0,56,103,YES,0,1,YES,Boston,31,26,57,31,34,0,65,122,NO,2,1,NO,104,121,225,102.62,118.49,221.11,-9,211
1995,15-Dec,07:30PM,Fri,New Jersey,25,26,51,30,17,0,47,98,YES,2,2,YES,Detroit,23,29,52,30,23,0,53,105,YES,0,1,NO,103,100,203,101.62,97.49,199.11,-7,187
1995,15-Dec,06:30PM,Fri,Sacramento,26,25,51,22,41,0,63,114,YES,2,0,NO,Houston,26,32,58,25,27,0,52,110,NO,3,1,YES,109,115,224,107.62,112.49,220.11,-10,208
1995,15-Dec,07:30PM,Fri,Milwaukee,18,22,40,28,27,0,55,95,NO,2,1,YES,Indiana,38,22,60,25,27,0,52,112,YES,1,0,YES,100,107,207,98.62,104.49,203.11,-9.5,206
1995,15-Dec,07:30PM,Fri,LAL,28,27,55,32,27,0,59,114,NO,1,0,NO,Washington,35,26,61,20,41,0,61,122,YES,1,2,NO,116,120,236,114.62,117.49,232.11,-4,208
1995,15-Dec,08:00PM,Fri,Utah,23,22,45,27,27,0,54,99,YES,3,0,NO,Orlando,32,23,55,28,28,0,56,111,YES,1,1,YES,100,110,210,98.62,107.49,206.11,-6.5,209
1995,16-Dec,07:00PM,Sat,Golden State,28,29,57,36,23,0,59,116,NO,0,2,YES,Vancouver,22,21,43,16,26,0,42,85,YES,1,0,NO,100,101,201,98.62,98.49,197.11,7,201
1995,16-Dec,07:30PM,Sat,Denver,20,31,51,11,24,0,35,86,NO,1,0,NO,Atlanta,23,21,44,18,33,0,51,95,NO,5,1,NO,95,86,181,93.62,83.49,177.11,-5,203
1995,16-Dec,06:30PM,Sat,LAL,18,27,45,25,18,0,43,88,NO,0,2,NO,Chicago,28,30,58,23,27,0,50,108,YES,1,1,YES,103,93,196,101.62,90.49,192.11,-11.5,208
1995,16-Dec,06:30PM,Sat,Phoenix,32,26,58,23,19,11,42,100,YES,3,2,NO,Dallas,19,21,40,39,21,8,60,100,YES,2,1,NO,98,102,200,96.62,99.49,196.11,-1,211.5
1995,16-Dec,04:30PM,Sat,Charlotte,30,25,55,32,22,0,54,109,NO,1,2,NO,LAC,18,25,43,25,31,0,56,99,NO,2,1,NO,98,110,208,96.62,107.49,204.11,3.5,209
1995,16-Dec,07:30PM,Sat,Utah,21,13,34,22,27,0,49,83,NO,0,1,NO,Miami,15,20,35,18,21,0,39,74,YES,2,1,YES,69,88,157,67.62,85.49,153.11,0,0
1995,16-Dec,07:30PM,Sat,Detroit,9,24,33,25,24,0,49,82,YES,0,2,NO,New York,22,17,39,21,26,0,47,86,NO,2,1,NO,72,96,168,70.62,93.49,164.11,-8,192
1995,16-Dec,06:30PM,Sat,Sacramento,31,25,56,27,23,0,50,106,NO,0,1,YES,San Antonio,34,28,62,30,30,0,60,122,NO,2,1,YES,118,110,228,116.62,107.49,224.11,-8.5,204
1995,17-Dec,04:00PM,Sun,Philadelphia,24,28,52,30,19,0,49,101,NO,3,2,YES,Minnesota,20,31,51,28,20,0,48,99,YES,1,1,NO,103,97,200,101.62,94.49,196.11,-8,207
1995,17-Dec,05:30PM,Sun,Orlando,24,19,43,23,27,0,50,93,YES,1,2,YES,Toronto,29,34,63,26,21,0,47,110,NO,1,1,YES,106,97,203,104.62,94.49,199.11,10.5,208
1995,17-Dec,05:00PM,Sun,Indiana,17,12,29,24,27,0,51,80,YES,1,2,YES,Milwaukee,18,26,44,15,25,0,40,84,NO,1,1,YES,73,91,164,71.62,88.49,160.11,2.5,203
1995,17-Dec,03:00PM,Sun,Washington,23,28,51,34,27,0,61,112,YES,1,1,NO,Portland,22,21,43,29,28,0,57,100,YES,1,1,YES,94,118,212,92.62,115.49,208.11,-5,207.5
1995,17-Dec,07:30PM,Sun,Denver,22,16,38,20,21,0,41,79,NO,0,2,YES,Cleveland,25,27,52,15,25,0,40,92,NO,1,1,YES,90,81,171,88.62,78.49,167.11,-6.5,182
1995,18-Dec,07:30PM,Mon,Chicago,29,24,53,36,34,0,70,123,YES,1,0,YES,Boston,31,33,64,22,28,0,50,114,YES,2,2,NO,117,120,237,115.62,117.49,233.11,8,214
1995,18-Dec,07:30PM,Mon,Utah,27,27,54,33,23,0,56,110,NO,1,1,NO,New Jersey,31,27,58,17,28,0,45,103,NO,1,2,YES,112,101,213,110.62,98.49,209.11,4,188.5
1995,18-Dec,04:30PM,Mon,Vancouver,24,17,41,19,25,0,44,85,YES,1,0,YES,Sacramento,25,20,45,23,24,0,47,92,YES,2,1,YES,86,91,177,84.62,88.49,173.11,-13.5,199
1995,19-Dec,06:00PM,Tue,Phoenix,29,23,52,21,23,0,44,96,NO,2,0,YES,Houston,28,24,52,18,33,0,51,103,NO,1,3,NO,104,95,199,102.62,92.49,195.11,-9.5,210
1995,19-Dec,07:00PM,Tue,Detroit,23,21,44,26,24,0,50,94,NO,2,0,YES,Toronto,19,23,42,19,21,0,40,82,YES,2,1,NO,86,90,176,84.62,87.49,172.11,2.5,192
1995,19-Dec,07:00PM,Tue,Seattle,30,26,56,17,20,0,37,93,YES,3,1,YES,Vancouver,25,24,49,20,25,0,45,94,YES,1,0,YES,105,82,187,103.62,79.49,183.11,,
1995,19-Dec,06:30PM,Tue,Dallas,26,26,52,22,27,0,49,101,YES,2,2,NO,Chicago,21,38,59,28,27,0,55,114,NO,2,0,YES,111,104,215,109.62,101.49,211.11,-14.5,206
1995,19-Dec,07:30PM,Tue,Minnesota,26,31,57,23,15,0,38,95,YES,1,0,NO,Cleveland,24,25,49,25,26,0,51,100,NO,1,1,NO,106,89,195,104.62,86.49,191.11,-5,187
1995,19-Dec,04:30PM,Tue,Charlotte,25,25,50,21,28,0,49,99,NO,2,1,YES,Golden State,31,30,61,14,27,0,41,102,YES,0,2,YES,111,90,201,109.62,87.49,197.11,-2.5,216
1995,19-Dec,04:30PM,Tue,Washington,31,32,63,18,27,0,45,108,NO,1,0,NO,LAC,27,36,63,22,19,0,41,104,NO,1,2,NO,126,86,212,124.62,83.49,208.11,5,209
1995,19-Dec,06:30PM,Tue,LAL,28,27,55,32,22,0,54,109,NO,2,0,NO,Milwaukee,28,23,51,25,29,0,54,105,YES,0,1,NO,106,108,214,104.62,105.49,210.11,2.5,203
1995,19-Dec,07:30PM,Tue,Miami,17,16,33,19,18,0,37,70,YES,2,0,NO,New York,11,28,39,25,25,0,50,89,YES,2,2,NO,72,87,159,70.62,84.49,155.11,0,0
1995,19-Dec,06:30PM,Tue,Portland,33,25,58,23,22,0,45,103,YES,1,1,NO,San Antonio,26,26,52,28,31,0,59,111,NO,1,2,NO,110,104,214,108.62,101.49,210.11,-7,204
1995,20-Dec,05:00PM,Wed,Golden State,21,20,41,22,41,0,63,104,YES,0,1,YES,Denver,28,27,55,28,26,0,54,109,YES,0,2,YES,96,117,213,94.62,114.49,209.11,-5.5,204
1995,20-Dec,04:00PM,Wed,Washington,29,29,58,21,17,8,38,96,NO,0,1,NO,Phoenix,22,26,48,28,20,10,48,96,YES,1,0,YES,106,86,192,104.62,83.49,188.11,-3.5,215
1995,20-Dec,07:30PM,Wed,LAL,25,28,53,26,19,0,45,98,NO,0,1,YES,Indiana,32,25,57,28,24,0,52,109,NO,1,2,YES,110,97,207,108.62,94.49,203.11,-8.5,206
1995,20-Dec,07:30PM,Wed,Miami,33,15,48,26,28,10,54,102,NO,0,1,YES,New Jersey,27,25,52,20,30,2,50,102,YES,1,1,NO,100,104,204,98.62,101.49,200.11,0,0
1995,20-Dec,07:30PM,Wed,Minnesota,25,23,48,29,23,0,52,100,NO,0,1,NO,Orlando,27,24,51,32,24,0,56,107,NO,1,2,YES,99,108,207,97.62,105.49,203.11,-13,209
1995,20-Dec,07:30PM,Wed,Utah,37,22,59,29,16,0,45,104,NO,1,0,NO,Philadelphia,21,32,53,31,24,0,55,108,NO,1,2,YES,112,100,212,110.62,97.49,208.11,8.5,202
1995,20-Dec,08:00PM,Wed,Milwaukee,20,16,36,22,19,0,41,77,YES,0,1,NO,Detroit,20,26,46,30,26,0,56,102,YES,1,0,YES,82,97,179,80.62,94.49,175.11,-6,197
1995,21-Dec,07:00PM,Thu,Vancouver,17,15,32,18,18,0,36,68,YES,1,0,YES,Seattle,25,26,51,23,18,0,41,92,NO,1,1,YES,83,77,160,81.62,74.49,156.11,,
1995,21-Dec,07:30PM,Thu,Boston,23,23,46,31,20,0,51,97,YES,2,0,YES,Charlotte,22,18,40,30,37,0,67,107,NO,1,1,YES,86,118,204,84.62,115.49,200.11,-5.5,218
1995,21-Dec,07:30PM,Thu,Utah,25,18,43,15,31,0,46,89,NO,0,1,NO,Cleveland,24,14,38,24,25,0,49,87,NO,1,1,NO,81,95,176,79.62,92.49,172.11,2,187
1995,21-Dec,06:30PM,Thu,Portland,21,18,39,26,21,0,47,86,NO,1,1,YES,Houston,19,29,48,19,24,0,43,91,YES,1,1,NO,87,90,177,85.62,87.49,173.11,-7,207
1995,21-Dec,04:30PM,Thu,Sacramento,25,27,52,24,20,0,44,96,YES,2,0,NO,LAC,20,31,51,25,27,0,52,103,YES,1,1,NO,103,96,199,101.62,93.49,195.11,5.5,206
1995,21-Dec,06:30PM,Thu,Denver,16,32,48,28,20,0,48,96,YES,0,1,YES,San Antonio,30,29,59,26,29,0,55,114,NO,1,1,NO,107,103,210,105.62,100.49,206.11,0,0
1995,22-Dec,06:00PM,Fri,Dallas,21,19,40,19,20,0,39,79,NO,2,0,NO,Indiana,16,32,48,18,24,0,42,90,YES,0,1,NO,88,81,169,86.62,78.49,165.11,-10.5,204
1995,22-Dec,07:00PM,Fri,Phoenix,23,34,57,28,16,0,44,101,YES,1,2,YES,Vancouver,19,17,36,14,30,0,44,80,YES,3,0,YES,93,88,181,91.62,85.49,177.11,8.5,202
1995,22-Dec,07:30PM,Fri,New Jersey,20,25,45,19,27,0,46,91,YES,1,0,NO,Atlanta,21,24,45,28,21,0,49,94,YES,0,5,NO,90,95,185,88.62,92.49,181.11,-6.5,192
1995,22-Dec,07:30PM,Fri,Minnesota,35,27,62,27,24,0,51,113,NO,1,0,YES,Boston,28,41,69,19,26,0,45,114,YES,3,0,YES,131,96,227,129.62,93.49,223.11,-6,215
1995,22-Dec,06:30PM,Fri,Toronto,22,22,44,30,30,0,60,104,YES,2,0,NO,Chicago,31,23,54,23,36,0,59,113,NO,0,2,NO,98,119,217,96.62,116.49,213.11,-15.5,208
1995,22-Dec,04:30PM,Fri,Washington,23,38,61,22,34,0,56,117,NO,1,0,NO,Golden State,26,44,70,32,30,0,62,132,YES,3,1,YES,131,118,249,129.62,115.49,245.11,-5,214.5
1995,22-Dec,04:30PM,Fri,Sacramento,12,27,39,15,29,0,44,83,NO,0,3,YES,LAL,29,30,59,24,33,0,57,116,YES,0,1,YES,98,101,199,96.62,98.49,195.11,-6.5,206.5
1995,22-Dec,07:30PM,Fri,Detroit,26,18,44,18,22,0,40,84,YES,1,0,YES,Miami,10,24,34,18,23,0,41,75,YES,0,1,YES,78,81,159,76.62,78.49,155.11,-1,184
1995,22-Dec,07:30PM,Fri,Milwaukee,27,18,45,31,23,0,54,99,NO,1,0,YES,Philadelphia,30,22,52,18,24,0,42,94,NO,0,1,NO,97,96,193,95.62,93.49,189.11,-2,191
1995,22-Dec,08:00PM,Fri,New York,18,28,46,20,24,0,44,90,YES,2,0,YES,Orlando,37,28,65,17,29,0,46,111,YES,0,1,NO,111,90,201,109.62,87.49,197.11,-4,201
1995,23-Dec,05:00PM,Sat,LAC,24,34,58,24,25,0,49,107,YES,1,2,NO,Denver,27,20,47,17,28,0,45,92,NO,2,1,YES,105,94,199,103.62,91.49,195.11,-9,202
1995,23-Dec,06:00PM,Sat,Dallas,22,22,44,26,28,0,54,98,NO,0,2,NO,Minnesota,33,15,48,29,34,0,63,111,NO,3,0,YES,92,117,209,90.62,114.49,205.11,-4.5,207
1995,23-Dec,04:00PM,Sat,LAL,22,25,47,25,30,0,55,102,YES,0,2,YES,Portland,23,28,51,16,32,0,48,99,YES,2,1,YES,98,103,201,96.62,100.49,197.11,-5.5,206
1995,23-Dec,07:00PM,Sat,Washington,34,19,53,22,25,0,47,100,NO,0,3,YES,Seattle,29,34,63,29,26,0,55,118,NO,3,1,NO,116,102,218,114.62,99.49,214.11,-9.5,208
1995,23-Dec,07:30PM,Sat,Miami,22,7,29,24,22,0,46,75,YES,0,2,YES,Charlotte,26,16,42,22,23,0,45,87,NO,3,1,NO,71,91,162,69.62,88.49,158.11,0,0
1995,23-Dec,06:30PM,Sat,Utah,26,16,42,20,24,0,44,86,NO,1,2,YES,Chicago,26,24,50,28,22,0,50,100,YES,2,0,NO,92,94,186,90.62,91.49,182.11,-7,204
1995,23-Dec,07:30PM,Sat,Indiana,28,23,51,21,24,0,45,96,YES,0,2,YES,Cleveland,24,21,45,33,19,0,52,97,YES,4,1,NO,96,97,193,94.62,94.49,189.11,-2,186
1995,23-Dec,07:30PM,Sat,Orlando,25,24,49,22,23,0,45,94,YES,0,1,YES,Detroit,22,26,48,13,18,0,31,79,NO,2,0,YES,97,76,173,95.62,73.49,169.11,3.5,195
1995,23-Dec,07:30PM,Sat,Toronto,26,31,57,14,20,0,34,91,NO,0,2,YES,New York,26,22,48,28,27,0,55,103,NO,4,0,YES,105,89,194,103.62,86.49,190.11,-13,195
1995,23-Dec,07:30PM,Sat,New Jersey,27,17,44,28,26,0,54,98,NO,0,2,NO,Philadelphia,16,20,36,32,17,0,49,85,YES,3,0,NO,80,103,183,78.62,100.49,179.11,-2.5,195
1995,23-Dec,06:30PM,Sat,Houston,21,30,51,19,25,0,44,95,YES,1,1,NO,San Antonio,31,27,58,23,29,0,52,110,YES,1,1,NO,109,96,205,107.62,93.49,201.11,-4.5,201
1995,23-Dec,07:00PM,Sat,Atlanta,23,24,47,33,31,0,64,111,YES,0,2,YES,Milwaukee,26,30,56,26,33,0,59,115,YES,2,0,YES,103,123,226,101.62,120.49,222.11,1.5,195
1995,25-Dec,10:30AM,Mon,San Antonio,31,21,52,24,29,0,53,105,YES,1,0,NO,Phoenix,21,36,57,27,16,0,43,100,NO,1,2,YES,109,96,205,107.62,93.49,201.11,3,209
1995,25-Dec,06:00PM,Mon,Houston,28,10,38,36,16,0,52,90,NO,1,0,YES,Orlando,29,22,51,19,22,0,41,92,NO,3,1,YES,89,93,182,87.62,90.49,178.11,-6.5,208.5
1995,26-Dec,01:30PM,Tue,Milwaukee,16,18,34,26,27,0,53,87,YES,2,0,NO,Toronto,30,21,51,24,18,0,42,93,YES,1,2,YES,85,95,180,83.62,92.49,176.11,1,198.5
1995,26-Dec,05:00PM,Tue,Dallas,23,21,44,20,38,0,58,102,NO,2,1,YES,Denver,25,31,56,24,34,0,58,114,YES,0,2,NO,100,116,216,98.62,113.49,212.11,-7.5,202
1995,26-Dec,05:00PM,Tue,Portland,27,15,42,34,28,0,62,104,YES,2,0,YES,Utah,20,33,53,38,23,0,61,114,NO,1,2,YES,95,123,218,93.62,120.49,214.11,-9.5,205
1995,26-Dec,07:30PM,Tue,LAC,21,24,45,21,22,0,43,88,NO,2,0,NO,Atlanta,23,22,45,26,23,0,49,94,NO,2,2,YES,90,92,182,88.62,89.49,178.11,-8.5,204
1995,26-Dec,07:30PM,Tue,Golden State,25,21,46,17,27,0,44,90,YES,3,0,NO,Detroit,35,22,57,21,22,0,43,100,NO,1,2,NO,103,87,190,101.62,84.49,186.11,-3.5,198
1995,26-Dec,06:30PM,Tue,Vancouver,19,20,39,25,20,0,45,84,YES,3,1,NO,Houston,24,24,48,20,32,0,52,100,NO,1,0,YES,87,97,184,85.62,94.49,180.11,-14.5,193
1995,26-Dec,04:30PM,Tue,Boston,25,23,48,21,22,0,43,91,YES,3,0,NO,LAL,31,24,55,20,27,0,47,102,NO,1,2,YES,103,90,193,101.62,87.49,189.11,-8,216
1995,26-Dec,07:30PM,Tue,New Jersey,21,21,42,24,27,0,51,93,NO,2,1,NO,Miami,20,30,50,25,21,0,46,96,YES,1,2,YES,92,97,189,90.62,94.49,185.11,0,0
1995,26-Dec,04:30PM,Tue,San Antonio,19,31,50,22,26,0,48,98,NO,0,1,NO,Sacramento,24,29,53,30,32,0,62,115,NO,2,3,YES,103,110,213,101.62,107.49,209.11,1,203.5
1995,26-Dec,08:00PM,Tue,Chicago,18,22,40,25,32,0,57,97,YES,2,2,YES,Indiana,30,29,59,20,24,0,44,103,NO,1,2,YES,99,101,200,97.62,98.49,196.11,4,203
1995,27-Dec,06:00PM,Wed,Milwaukee,26,17,43,20,24,12,44,87,NO,0,2,YES,Minnesota,21,23,44,24,19,6,43,87,YES,0,3,NO,87,87,174,85.62,84.49,170.11,-6,201
1995,27-Dec,04:00PM,Wed,Philadelphia,27,25,52,14,24,0,38,90,YES,3,1,NO,Phoenix,29,31,60,23,22,0,45,105,NO,1,1,NO,112,83,195,110.62,80.49,191.11,-10,205
1995,27-Dec,04:00PM,Wed,Boston,25,18,43,32,34,0,66,109,NO,0,1,NO,Portland,36,26,62,43,30,0,73,135,YES,1,0,YES,105,139,244,103.62,136.49,240.11,-7,212
1995,27-Dec,07:00PM,Wed,Denver,26,21,47,20,16,0,36,83,YES,0,1,NO,Seattle,22,28,50,21,28,0,49,99,NO,1,3,NO,97,85,182,95.62,82.49,178.11,-10.5,205
1995,27-Dec,07:30PM,Wed,LAC,40,29,69,19,28,0,47,116,NO,0,1,NO,Charlotte,25,27,52,27,28,0,55,107,NO,1,3,NO,121,102,223,119.62,99.49,219.11,-10.5,207
1995,27-Dec,08:00PM,Wed,Golden State,28,27,55,18,21,0,39,94,NO,0,1,NO,Washington,36,25,61,21,33,0,54,115,NO,1,3,YES,116,93,209,114.62,90.49,205.11,-6.5,216
1995,28-Dec,06:00PM,Thu,Miami,20,18,38,25,14,0,39,77,YES,1,1,YES,Indiana,24,30,54,19,18,0,37,91,YES,0,1,NO,92,76,168,90.62,73.49,164.11,0,0
1995,28-Dec,05:00PM,Thu,Minnesota,21,20,41,15,27,0,42,83,YES,0,1,NO,Utah,30,22,52,32,15,0,47,99,NO,1,1,NO,93,89,182,91.62,86.49,178.11,-13,208
1995,28-Dec,06:30PM,Thu,Vancouver,23,24,47,20,22,12,42,89,NO,1,1,YES,Dallas,19,20,39,22,28,14,50,89,NO,1,1,YES,86,92,178,84.62,89.49,174.11,-8,191
1995,28-Dec,07:30PM,Thu,Toronto,13,22,35,27,29,0,56,91,YES,1,5,NO,Detroit,18,25,43,40,30,0,70,113,NO,1,1,NO,78,126,204,76.62,123.49,200.11,-8,189
1995,28-Dec,06:30PM,Thu,New Jersey,25,23,48,10,24,0,34,82,NO,1,1,YES,Houston,22,24,46,21,30,0,51,97,YES,1,1,NO,94,85,179,92.62,82.49,175.11,-11.5,193
1995,28-Dec,04:30PM,Thu,San Antonio,28,32,60,17,30,0,47,107,NO,1,1,YES,LAL,24,16,40,24,35,0,59,99,YES,1,1,NO,100,106,206,98.62,103.49,202.11,-2,204
1995,28-Dec,07:30PM,Thu,Cleveland,23,16,39,29,18,0,47,86,YES,4,1,YES,New York,18,15,33,22,21,0,43,76,YES,0,4,NO,72,90,162,70.62,87.49,158.11,-7.5,184
1995,29-Dec,04:00PM,Fri,Denver,24,18,42,16,34,0,50,92,NO,1,0,YES,Phoenix,23,23,46,29,28,0,57,103,NO,0,1,NO,88,107,195,86.62,104.49,191.11,-5,202.5
1995,29-Dec,07:00PM,Fri,Boston,23,19,42,24,19,0,43,85,NO,1,0,NO,Seattle,26,30,56,30,38,0,68,124,YES,0,1,NO,98,111,209,96.62,108.49,205.11,-12.5,213
1995,29-Dec,07:30PM,Fri,Golden State,32,24,56,31,30,0,61,117,NO,1,0,NO,Atlanta,22,22,44,22,30,0,52,96,YES,0,2,NO,100,113,213,98.62,110.49,209.11,-5,207
1995,29-Dec,07:30PM,Fri,Portland,26,30,56,23,20,0,43,99,YES,1,0,NO,Charlotte,24,28,52,36,14,0,50,102,YES,0,1,NO,108,93,201,106.62,90.49,197.11,-4,211
1995,29-Dec,06:30PM,Fri,Indiana,21,33,54,17,22,0,39,93,YES,0,3,NO,Chicago,30,29,59,29,32,0,61,120,NO,0,2,YES,113,100,213,111.62,97.49,209.11,-11,203
1995,29-Dec,07:30PM,Fri,LAC,30,15,45,17,36,0,53,98,NO,1,0,NO,Orlando,27,26,53,33,36,0,69,122,NO,4,3,NO,98,122,220,96.62,119.49,216.11,-13,207
1995,29-Dec,04:30PM,Fri,Philadelphia,30,23,53,21,23,0,44,97,NO,1,0,NO,Sacramento,35,25,60,29,28,0,57,117,NO,5,2,NO,113,101,214,111.62,98.49,210.11,-12,202
1995,29-Dec,07:30PM,Fri,New York,28,27,55,24,31,10,55,110,YES,0,3,YES,Washington,35,31,66,26,18,17,44,110,YES,0,1,NO,121,99,220,119.62,96.49,216.11,0,0
1995,30-Dec,11:00AM,Sat,LAL,15,25,40,22,20,0,42,82,YES,1,2,YES,Utah,20,24,44,34,21,0,55,99,YES,2,1,NO,84,97,181,82.62,94.49,177.11,-9,206
1995,30-Dec,05:00PM,Sat,Philadelphia,15,34,49,36,15,0,51,100,NO,0,2,NO,Denver,24,28,52,27,29,0,56,108,NO,2,0,YES,101,107,208,99.62,104.49,204.11,-9.5,198
1995,30-Dec,04:00PM,Sat,Seattle,34,24,58,26,21,18,47,105,YES,0,2,NO,Phoenix,23,28,51,27,27,7,54,105,NO,4,0,NO,109,101,210,107.62,98.49,206.11,1.5,200.5
1995,30-Dec,07:00PM,Sat,Boston,20,21,41,29,25,0,54,95,NO,0,3,YES,Vancouver,26,23,49,25,29,0,54,103,NO,5,1,YES,90,108,198,88.62,105.49,194.11,4.5,198
1995,30-Dec,06:30PM,Sat,Atlanta,19,25,44,18,31,0,49,93,YES,0,2,YES,Chicago,22,17,39,35,21,0,56,95,NO,3,0,NO,83,105,188,81.62,102.49,184.11,-12.5,206
1995,30-Dec,07:30PM,Sat,Portland,30,22,52,21,27,21,48,100,NO,0,2,NO,Cleveland,23,24,47,29,24,24,53,100,YES,2,1,YES,99,101,200,97.62,98.49,196.11,-3.5,187
1995,30-Dec,06:30PM,Sat,Houston,27,26,53,20,32,0,52,105,YES,1,2,NO,Dallas,23,19,42,17,43,0,60,102,NO,2,1,NO,95,112,207,93.62,109.49,203.11,6,200
1995,30-Dec,07:30PM,Sat,Charlotte,25,23,48,19,22,11,41,89,YES,0,4,YES,Detroit,25,23,48,15,26,13,41,89,YES,3,1,NO,96,82,178,94.62,79.49,174.11,-6,195
1995,30-Dec,07:30PM,Sat,LAC,21,14,35,28,33,0,61,96,NO,0,3,YES,Miami,24,21,45,32,28,0,60,105,NO,4,1,YES,80,121,201,78.62,118.49,197.11,-6,186
1995,30-Dec,07:30PM,Sat,Golden State,35,33,68,25,27,0,52,120,NO,0,3,YES,New Jersey,26,32,58,24,28,0,52,110,NO,2,1,YES,126,104,230,124.62,101.49,226.11,-3,195
1995,30-Dec,06:30PM,Sat,Minnesota,25,18,43,25,16,0,41,84,NO,1,2,YES,San Antonio,29,18,47,37,38,0,75,122,NO,3,1,YES,90,116,206,88.62,113.49,202.11,-10.5,205.5
1995,30-Dec,07:00PM,Sat,Washington,22,23,45,25,26,0,51,96,YES,0,2,YES,Milwaukee,23,24,47,20,20,0,40,87,YES,2,2,YES,92,91,183,90.62,88.49,179.11,0,0
1996,2-Jan,05:00PM,Tue,Indiana,30,21,51,21,30,0,51,102,NO,3,0,NO,Denver,16,21,37,26,24,0,50,87,YES,1,2,NO,88,101,189,88.14,100.39,188.52,-2,200
1996,2-Jan,06:00PM,Tue,Houston,24,23,47,24,34,0,58,105,NO,2,0,NO,Minnesota,19,26,45,26,29,0,55,100,YES,1,2,YES,92,113,205,92.14,112.39,204.52,5.5,200
1996,2-Jan,07:30PM,Tue,Seattle,22,34,56,24,31,0,55,111,NO,2,1,NO,Atlanta,20,19,39,27,22,0,49,88,NO,1,2,YES,95,104,199,95.14,103.39,198.52,3,199
1996,2-Jan,06:30PM,Tue,Utah,29,15,44,26,32,0,58,102,YES,2,0,NO,Dallas,23,25,48,20,24,0,44,92,YES,1,2,NO,92,102,194,92.14,101.39,193.52,6.5,203
1996,2-Jan,04:30PM,Tue,Philadelphia,14,32,46,23,21,0,44,90,NO,2,0,NO,LAL,27,20,47,24,18,0,42,89,NO,2,2,YES,93,86,179,93.14,85.39,178.52,-12,204
1996,2-Jan,07:30PM,Tue,Milwaukee,25,21,46,15,11,0,26,72,YES,2,0,YES,New Jersey,19,20,39,22,20,0,42,81,YES,1,2,NO,85,68,153,85.14,67.39,152.52,-3.5,190
1996,2-Jan,07:30PM,Tue,Portland,28,27,55,18,28,0,46,101,NO,2,0,NO,New York,18,27,45,26,21,0,47,92,NO,1,3,YES,100,93,193,100.14,92.39,192.52,0,0
1996,2-Jan,07:30PM,Tue,Cleveland,17,32,49,31,28,0,59,108,YES,2,2,NO,Washington,21,24,45,27,28,0,55,100,NO,1,2,YES,94,114,208,94.14,113.39,207.52,0,0
1996,3-Jan,06:00PM,Wed,Houston,18,12,30,24,32,0,56,86,NO,0,2,YES,Chicago,15,32,47,28,25,0,53,100,YES,0,3,NO,77,109,186,77.14,108.39,185.52,-9,203
1996,3-Jan,07:30PM,Wed,Portland,28,21,49,29,26,10,55,104,NO,0,1,NO,Boston,20,25,45,29,30,6,59,104,NO,1,3,YES,94,114,208,94.14,113.39,207.52,-1,214
1996,3-Jan,04:30PM,Wed,Philadelphia,25,23,48,22,41,0,63,111,NO,0,1,NO,Golden State,32,36,68,27,27,0,54,122,NO,1,3,YES,116,117,233,116.14,116.39,232.52,-11.5,207.5
1996,3-Jan,04:30PM,Wed,Indiana,24,31,55,28,27,0,55,110,NO,0,1,NO,LAC,20,26,46,31,17,0,48,94,NO,1,3,YES,101,103,204,101.14,102.39,203.52,4.5,200.5
1996,3-Jan,06:30PM,Wed,Detroit,17,26,43,21,18,0,39,82,YES,3,2,YES,Milwaukee,27,22,49,26,21,0,47,96,NO,1,0,YES,92,86,178,92.14,85.39,177.52,0,183.5
1996,3-Jan,07:30PM,Wed,Toronto,33,25,58,26,26,0,52,110,NO,5,0,NO,Orlando,28,32,60,26,35,0,61,121,NO,1,4,NO,118,113,231,118.14,112.39,230.52,-15.5,207
1996,3-Jan,06:30PM,Wed,Utah,29,17,46,26,25,0,51,97,NO,0,1,NO,San Antonio,24,34,58,23,30,0,53,111,NO,1,3,NO,104,104,208,104.14,103.39,207.52,-5,204.5
1996,4-Jan,04:00PM,Thu,Minnesota,26,17,43,29,26,0,55,98,YES,1,0,NO,Phoenix,19,27,46,28,19,0,47,93,YES,0,4,NO,89,102,191,89.14,101.39,190.52,-7.5,202.5
1996,4-Jan,07:30PM,Thu,Toronto,24,23,47,16,29,9,45,92,NO,0,4,YES,Atlanta,25,17,42,26,24,12,50,92,YES,1,1,NO,89,95,184,89.14,94.39,183.52,-9,201.5
1996,4-Jan,07:30PM,Thu,Chicago,27,25,52,35,30,0,65,117,YES,0,1,YES,Charlotte,25,22,47,21,25,0,46,93,NO,1,4,YES,99,111,210,99.14,110.39,209.52,6,207
1996,4-Jan,07:30PM,Thu,Seattle,27,19,46,21,17,0,38,84,NO,1,0,NO,Miami,27,18,45,20,16,0,36,81,YES,1,4,NO,91,74,165,91.14,73.39,164.52,5,192
1996,4-Jan,07:30PM,Thu,New Jersey,29,26,55,20,18,0,38,93,YES,1,0,YES,New York,27,22,49,26,30,0,56,105,NO,4,1,NO,104,94,198,104.14,93.39,197.52,0,0
1996,4-Jan,04:30PM,Thu,Denver,25,15,40,29,27,0,56,96,YES,1,1,YES,Sacramento,29,35,64,27,35,0,62,126,NO,1,5,NO,104,118,222,104.14,117.39,221.52,-6.5,200
1996,4-Jan,07:30PM,Thu,Dallas,33,19,52,26,22,0,48,100,YES,1,0,NO,Washington,24,29,53,33,26,0,59,112,YES,1,1,NO,105,107,212,105.14,106.39,211.52,0,0
1996,5-Jan,06:00PM,Fri,Indiana,39,21,60,21,24,0,45,105,NO,1,0,NO,San Antonio,22,12,34,30,28,0,58,92,YES,3,1,NO,94,103,197,94.14,102.39,196.52,-6.5,203
1996,5-Jan,07:00PM,Fri,Philadelphia,17,25,42,23,26,11,49,91,NO,1,4,YES,Vancouver,28,27,55,23,13,12,36,91,NO,1,5,NO,97,85,182,97.14,84.39,181.52,1,189.5
1996,5-Jan,07:30PM,Fri,Cleveland,23,12,35,26,16,0,42,77,NO,2,0,YES,Boston,23,21,44,26,23,0,49,93,NO,1,1,NO,79,91,170,79.14,90.39,169.52,1,197
1996,5-Jan,04:30PM,Fri,Minnesota,21,27,48,27,32,12,59,107,NO,0,1,NO,Golden State,26,26,52,30,25,15,55,107,YES,0,1,NO,100,114,214,100.14,113.39,213.52,-8,213
1996,5-Jan,04:30PM,Fri,Phoenix,23,24,47,21,20,0,41,88,YES,0,3,YES,LAC,24,18,42,27,25,0,52,94,YES,1,1,NO,89,93,182,89.14,92.39,181.52,2,202.5
1996,5-Jan,04:30PM,Fri,Utah,32,21,53,27,20,0,47,100,NO,1,2,YES,LAL,31,30,61,34,21,0,55,116,NO,1,2,NO,114,102,216,114.14,101.39,215.52,1,201
1996,5-Jan,06:30PM,Fri,Portland,21,27,48,28,20,0,48,96,NO,1,1,YES,Milwaukee,29,28,57,28,28,0,56,113,YES,0,1,NO,105,104,209,105.14,103.39,208.52,2,193.5
1996,5-Jan,07:30PM,Fri,Dallas,20,32,52,24,23,0,47,99,NO,0,1,NO,New Jersey,33,27,60,25,22,0,47,107,YES,3,0,YES,112,94,206,112.14,93.39,205.52,-5,194
1996,5-Jan,07:30PM,Fri,Seattle,22,19,41,33,19,0,52,93,NO,0,3,NO,Orlando,30,37,67,26,22,0,48,115,YES,0,1,NO,108,100,208,108.14,99.39,207.52,-6.5,207
1996,6-Jan,05:00PM,Sat,Miami,16,21,37,26,25,0,51,88,YES,1,1,NO,Denver,17,24,41,22,23,0,45,86,YES,0,1,YES,78,96,174,78.14,95.39,173.52,-5,186
1996,6-Jan,07:30PM,Sat,Atlanta,30,17,47,20,23,0,43,90,YES,1,2,YES,Charlotte,28,19,47,22,27,0,49,96,YES,2,1,NO,94,92,186,94.14,91.39,185.52,-3,205
1996,6-Jan,06:30PM,Sat,Milwaukee,17,23,40,21,23,0,44,84,YES,0,2,YES,Chicago,31,18,49,27,37,0,64,113,NO,3,1,YES,89,108,197,89.14,107.39,196.52,-15,201
1996,6-Jan,07:30PM,Sat,Orlando,26,25,51,22,21,0,43,94,YES,0,2,YES,Cleveland,25,30,55,24,26,0,50,105,NO,1,0,YES,106,93,199,106.14,92.39,198.52,0,0
1996,6-Jan,07:30PM,Sat,Washington,17,21,38,14,30,0,44,82,YES,1,1,NO,Detroit,27,21,48,31,11,0,42,90,YES,4,2,YES,86,86,172,86.14,85.39,171.52,-5.5,194
1996,6-Jan,06:30PM,Sat,Indiana,19,22,41,20,26,0,46,87,NO,0,2,NO,Houston,31,20,51,25,23,0,48,99,NO,2,2,YES,92,94,186,92.14,93.39,185.52,-5.5,197.5
1996,6-Jan,04:30PM,Sat,Golden State,25,32,57,20,29,0,49,106,YES,0,2,YES,Sacramento,25,35,60,30,25,0,55,115,YES,2,1,NO,117,104,221,117.14,103.39,220.52,-7.5,216
1996,7-Jan,02:00PM,Sun,LAC,33,21,54,22,25,0,47,101,YES,1,1,NO,Vancouver,31,19,50,19,24,0,43,93,YES,1,1,NO,104,90,194,104.14,89.39,193.52,2.5,192
1996,7-Jan,03:30PM,Sun,Denver,22,25,47,25,24,0,49,96,YES,0,2,NO,LAL,28,22,50,17,26,0,43,93,NO,1,1,NO,97,92,189,97.14,91.39,188.52,-8.5,198
1996,7-Jan,07:00PM,Sun,Dallas,27,27,54,32,31,0,63,117,NO,1,1,YES,Boston,20,31,51,24,21,0,45,96,YES,1,1,NO,105,108,213,105.14,107.39,212.52,-5.5,213.5
1996,7-Jan,04:00PM,Sun,Minnesota,21,21,42,31,24,0,55,97,NO,1,1,NO,Portland,26,26,52,30,31,0,61,113,NO,2,1,YES,94,116,210,94.14,115.39,209.52,-7,206
1996,8-Jan,05:00PM,Mon,Miami,22,31,53,19,20,0,39,92,NO,1,1,NO,Utah,32,23,55,17,22,0,39,94,NO,3,2,YES,108,78,186,108.14,77.39,185.52,-8,190
1996,8-Jan,07:30PM,Mon,Washington,22,19,41,25,25,0,50,91,NO,1,1,NO,Cleveland,26,22,48,33,28,0,61,109,YES,1,1,NO,89,111,200,89.14,110.39,199.52,-4.5,192
1996,9-Jan,06:00PM,Tue,San Antonio,24,27,51,21,16,0,37,88,YES,3,0,YES,Houston,13,25,38,25,19,0,44,82,YES,2,2,NO,89,81,170,89.14,80.39,169.52,-5.5,204
1996,9-Jan,04:00PM,Tue,LAC,27,24,51,28,26,0,54,105,NO,1,1,YES,Phoenix,19,28,47,28,25,0,53,100,YES,1,3,YES,98,107,205,98.14,106.39,204.52,0,0
1996,9-Jan,07:00PM,Tue,Charlotte,22,23,45,26,21,0,47,92,YES,2,1,YES,Toronto,25,20,45,22,24,0,46,91,NO,1,4,YES,90,93,183,90.14,92.39,182.52,1,202
1996,9-Jan,07:30PM,Tue,Sacramento,16,29,45,19,24,0,43,88,YES,2,0,NO,Atlanta,26,29,55,18,31,0,49,104,YES,1,2,YES,100,92,192,100.14,91.39,191.52,-1.5,202
1996,9-Jan,06:30PM,Tue,Indiana,29,15,44,26,21,0,47,91,NO,2,1,YES,Dallas,17,22,39,23,22,0,45,84,YES,2,1,YES,83,92,175,83.14,91.39,174.52,5.5,200
1996,9-Jan,04:30PM,Tue,Vancouver,20,27,47,18,38,0,56,103,YES,1,0,YES,Golden State,22,23,45,26,38,0,64,109,NO,1,2,YES,92,120,212,92.14,119.39,211.52,-13,206
1996,9-Jan,04:30PM,Tue,Minnesota,32,14,46,32,26,0,58,104,NO,1,1,NO,LAL,27,22,49,25,32,0,57,106,NO,2,1,NO,95,115,210,95.14,114.39,209.52,-8,202
1996,9-Jan,06:30PM,Tue,Seattle,28,14,42,26,29,0,55,97,NO,3,0,NO,Milwaukee,19,26,45,25,22,0,47,92,YES,1,2,YES,87,102,189,87.14,101.39,188.52,6,197
1996,9-Jan,07:30PM,Tue,Boston,21,15,36,23,34,0,57,93,YES,1,0,YES,New York,18,24,42,25,31,0,56,98,YES,0,4,NO,78,113,191,78.14,112.39,190.52,0,0
1996,9-Jan,07:30PM,Tue,New Jersey,26,21,47,28,9,0,37,84,YES,3,0,YES,Orlando,17,28,45,21,26,0,47,92,NO,2,2,YES,92,84,176,92.14,83.39,175.52,0,0
1996,10-Jan,06:00PM,Wed,Seattle,28,17,45,20,22,0,42,87,NO,0,1,YES,Chicago,26,25,51,31,31,0,62,113,YES,2,3,NO,96,104,200,96.14,103.39,199.52,-10.5,202.5
1996,10-Jan,04:00PM,Wed,Miami,21,27,48,19,22,0,41,89,NO,1,1,NO,Portland,29,21,50,23,17,0,40,90,YES,2,2,NO,98,81,179,98.14,80.39,178.52,-4,191.5
1996,10-Jan,07:00PM,Wed,Denver,31,19,50,16,25,0,41,91,NO,2,1,YES,Vancouver,21,18,39,24,22,0,46,85,NO,1,0,YES,89,87,176,89.14,86.39,175.52,6.5,190
1996,10-Jan,07:30PM,Wed,Sacramento,29,36,65,27,12,0,39,104,NO,0,1,NO,Boston,28,24,52,27,34,0,61,113,NO,1,0,YES,117,100,217,117.14,99.39,216.52,1,212
1996,10-Jan,07:30PM,Wed,New York,22,20,42,23,14,0,37,79,YES,0,1,NO,New Jersey,31,19,50,16,26,0,42,92,NO,1,0,YES,92,79,171,92.14,78.39,170.52,3,189
1996,10-Jan,07:30PM,Wed,Washington,32,21,53,17,28,0,45,98,NO,1,1,YES,Philadelphia,28,20,48,23,22,0,45,93,YES,1,4,YES,101,90,191,101.14,89.39,190.52,0,0
1996,10-Jan,06:30PM,Wed,Cleveland,15,14,29,27,30,0,57,86,YES,1,1,NO,San Antonio,24,18,42,25,25,0,50,92,YES,1,0,YES,71,107,178,71.14,106.39,177.52,-7.5,190.5
1996,11-Jan,07:00PM,Thu,Atlanta,11,25,36,27,24,0,51,87,YES,1,1,YES,Toronto,21,9,30,21,28,0,49,79,NO,1,1,NO,66,100,166,66.14,99.39,165.52,2,194
1996,11-Jan,07:30PM,Thu,Detroit,21,20,41,20,34,0,54,95,YES,4,1,NO,Charlotte,19,25,44,19,30,0,49,93,YES,1,1,YES,85,103,188,85.14,102.39,187.52,-3,191.5
1996,11-Jan,04:30PM,Thu,Phoenix,29,24,53,24,34,0,58,111,YES,1,0,YES,Golden State,22,25,47,28,31,0,59,106,YES,0,1,NO,100,117,217,100.14,116.39,216.52,0,0
1996,11-Jan,07:30PM,Thu,Milwaukee,20,26,46,25,17,0,42,88,YES,1,0,NO,Indiana,22,18,40,28,28,0,56,96,NO,1,1,YES,86,98,184,86.14,97.39,183.52,-11,195
1996,11-Jan,04:30PM,Thu,Minnesota,21,24,45,24,20,0,44,89,NO,1,1,NO,LAC,26,33,59,16,34,0,50,109,NO,1,1,YES,104,94,198,104.14,93.39,197.52,-2.5,205
1996,12-Jan,03:00PM,Fri,Dallas,31,32,63,26,35,16,61,124,YES,2,0,YES,Phoenix,28,29,57,43,24,6,67,124,NO,1,0,YES,120,128,248,120.14,127.39,247.52,0,0
1996,12-Jan,05:00PM,Fri,Cleveland,21,22,43,19,21,0,40,83,NO,1,1,NO,Denver,23,22,45,23,22,0,45,90,NO,0,1,YES,88,85,173,88.14,84.39,172.52,-3.5,182
1996,12-Jan,07:00PM,Fri,Miami,27,20,47,22,12,0,34,81,NO,1,0,NO,Seattle,28,25,53,31,29,0,60,113,YES,2,1,YES,100,94,194,100.14,93.39,193.52,-6.5,185
1996,12-Jan,05:00PM,Fri,San Antonio,23,27,50,25,26,0,51,101,YES,1,0,YES,Utah,24,22,46,21,27,0,48,94,YES,2,3,NO,96,99,195,96.14,98.39,194.52,-5,201
1996,12-Jan,07:00PM,Fri,Golden State,22,28,50,24,30,0,54,104,YES,0,2,YES,Vancouver,18,27,45,25,25,0,50,95,NO,0,1,NO,95,104,199,95.14,103.39,198.52,5,203
1996,12-Jan,07:30PM,Fri,New York,30,26,56,28,21,0,49,105,NO,1,0,YES,Boston,23,28,51,26,15,0,41,92,YES,0,1,NO,107,90,197,107.14,89.39,196.52,3.5,199
1996,12-Jan,04:30PM,Fri,Houston,20,33,53,30,17,0,47,100,YES,2,0,NO,LAL,34,19,53,30,18,0,48,101,NO,2,2,NO,106,95,201,106.14,94.39,200.52,1.5,199
1996,12-Jan,07:30PM,Fri,Philadelphia,23,25,48,21,38,0,59,107,YES,1,0,YES,New Jersey,14,13,27,27,26,0,53,80,NO,0,1,NO,75,112,187,75.14,111.39,186.52,-7.5,185
1996,12-Jan,07:30PM,Fri,Milwaukee,26,24,50,16,22,0,38,88,NO,0,2,NO,Orlando,24,19,43,22,28,0,50,93,YES,0,2,NO,93,88,181,93.14,87.39,180.52,0,0
1996,12-Jan,07:30PM,Fri,Sacramento,12,27,39,22,27,0,49,88,NO,1,0,NO,Washington,21,25,46,34,37,0,71,117,YES,0,1,YES,85,120,205,85.14,119.39,204.52,0,0
1996,13-Jan,02:30PM,Sat,Minnesota,20,26,46,22,26,0,48,94,NO,1,1,YES,Indiana,39,25,64,23,16,0,39,103,YES,2,1,NO,110,87,197,110.14,86.39,196.52,-11,199
1996,13-Jan,06:00PM,Sat,Washington,23,24,47,29,24,0,53,100,YES,0,1,YES,Toronto,33,27,60,27,19,0,46,106,YES,1,1,NO,107,99,206,107.14,98.39,205.52,1,206
1996,13-Jan,05:00PM,Sat,Portland,35,36,71,23,24,0,47,118,YES,2,2,YES,Denver,28,23,51,26,40,0,66,117,YES,2,0,NO,122,113,235,122.14,112.39,234.52,-2.5,196
1996,13-Jan,07:00PM,Sat,Miami,21,20,41,12,12,0,24,65,NO,0,1,NO,Vancouver,17,15,32,16,21,0,37,69,NO,4,0,NO,73,61,134,73.14,60.39,133.52,8,178
1996,13-Jan,07:30PM,Sat,Boston,25,26,51,26,28,0,54,105,YES,0,2,NO,Atlanta,30,26,56,33,19,0,52,108,NO,1,1,YES,107,106,213,107.14,105.39,212.52,-8,203
1996,13-Jan,06:30PM,Sat,Charlotte,25,27,52,23,28,0,51,103,YES,1,3,YES,Dallas,22,19,41,23,19,0,42,83,NO,1,0,YES,93,93,186,93.14,92.39,185.52,3,202
1996,13-Jan,04:30PM,Sat,Houston,30,28,58,21,36,0,57,115,NO,0,1,YES,LAC,20,18,38,34,32,0,66,104,NO,3,1,NO,96,123,219,96.14,122.39,218.52,5.5,199
1996,13-Jan,07:30PM,Sat,Detroit,22,22,44,22,25,0,47,91,NO,1,1,NO,New Jersey,20,19,39,21,20,0,41,80,NO,1,0,NO,83,88,171,83.14,87.39,170.52,2,178
1996,13-Jan,07:30PM,Sat,Sacramento,27,31,58,31,30,0,61,119,NO,0,1,NO,New York,23,31,54,28,29,0,57,111,NO,1,0,YES,112,118,230,112.14,117.39,229.52,-6.5,194
1996,13-Jan,07:30PM,Sat,Chicago,29,25,54,44,22,0,66,120,YES,2,1,NO,Philadelphia,20,27,47,21,25,0,46,93,YES,2,0,YES,101,112,213,101.14,111.39,212.52,14,197
1996,13-Jan,06:30PM,Sat,Orlando,30,24,54,33,18,0,51,105,YES,0,1,NO,San Antonio,33,29,62,25,19,0,44,106,NO,2,0,YES,116,95,211,116.14,94.39,210.52,0,0
1996,14-Jan,04:00PM,Sun,Cleveland,19,26,45,17,27,0,44,89,NO,1,1,NO,Phoenix,19,11,30,20,24,0,44,74,NO,2,1,NO,75,88,163,75.14,87.39,162.52,2.5,185
1996,15-Jan,01:00PM,Mon,Detroit,28,16,44,20,24,0,44,88,NO,1,2,YES,Atlanta,28,14,42,30,24,0,54,96,NO,1,1,NO,86,98,184,86.14,97.39,183.52,-4.5,181
1996,15-Jan,01:00PM,Mon,Milwaukee,20,27,47,22,29,0,51,98,NO,2,1,NO,New York,26,29,55,20,17,0,37,92,YES,1,1,NO,102,88,190,102.14,87.39,189.52,-9,186
1996,15-Jan,01:00PM,Mon,Chicago,32,32,64,23,29,0,52,116,NO,1,0,YES,Washington,25,33,58,31,20,0,51,109,YES,1,1,YES,122,103,225,122.14,102.39,224.52,11,207.5
1996,15-Jan,10:30AM,Mon,Miami,24,30,54,12,22,0,34,88,NO,1,1,YES,LAL,21,28,49,23,24,0,47,96,YES,3,2,NO,103,81,184,103.14,80.39,183.52,-3,181
1996,15-Jan,11:00AM,Mon,Seattle,29,24,53,18,33,0,51,104,YES,2,0,YES,Golden State,22,31,53,22,20,0,42,95,YES,1,2,YES,106,93,199,106.14,92.39,198.52,3,214
1996,15-Jan,01:30PM,Mon,Sacramento,18,28,46,25,23,0,48,94,NO,1,2,YES,Minnesota,23,33,56,19,28,0,47,103,NO,1,1,YES,102,95,197,102.14,94.39,196.52,-1,207
1996,15-Jan,06:30PM,Mon,Orlando,31,19,50,27,27,0,54,104,NO,1,1,NO,Dallas,23,34,57,30,32,0,62,119,NO,3,1,NO,107,116,223,107.14,115.39,222.52,0,0
1996,15-Jan,06:30PM,Mon,Utah,31,16,47,23,29,0,52,99,YES,2,3,YES,Houston,25,26,51,22,34,0,56,107,YES,1,1,YES,98,108,206,98.14,107.39,205.52,-4,200
1996,15-Jan,07:30PM,Mon,Toronto,17,18,35,25,23,0,48,83,YES,1,0,YES,New Jersey,27,24,51,32,25,0,57,108,YES,1,1,NO,86,105,191,86.14,104.39,190.52,-4.5,190
1996,16-Jan,05:00PM,Tue,Cleveland,28,19,47,18,25,0,43,90,NO,1,1,NO,Seattle,17,24,41,32,26,0,58,99,NO,2,0,YES,88,101,189,88.14,100.39,188.52,-8.5,184
1996,16-Jan,04:00PM,Tue,Denver,22,13,35,20,14,0,34,69,YES,2,0,YES,Portland,19,18,37,24,26,0,50,87,YES,1,2,YES,72,84,156,72.14,83.39,155.52,-5.5,200
1996,16-Jan,07:00PM,Tue,Indiana,24,33,57,28,25,0,53,110,YES,2,0,NO,Toronto,29,22,51,19,32,0,51,102,NO,1,0,YES,108,104,212,108.14,103.39,211.52,7,191
1996,16-Jan,06:30PM,Tue,Philadelphia,22,25,47,32,25,0,57,104,YES,2,0,YES,Chicago,35,34,69,29,18,0,47,116,YES,1,0,YES,116,104,220,116.14,103.39,219.52,-18,207
1996,16-Jan,06:30PM,Tue,Boston,20,20,40,27,30,0,57,97,NO,2,1,NO,San Antonio,26,26,52,31,38,0,69,121,YES,1,2,NO,92,126,218,92.14,125.39,217.52,-11.5,209
1996,17-Jan,03:00PM,Wed,Orlando,25,36,61,24,28,0,52,113,NO,1,1,NO,Phoenix,26,19,45,22,28,0,50,95,YES,1,2,NO,106,102,208,106.14,101.39,207.52,7.5,205
1996,17-Jan,05:00PM,Wed,Houston,34,19,53,30,37,0,67,120,YES,1,0,YES,Denver,21,36,57,28,27,0,55,112,NO,2,0,YES,110,122,232,110.14,121.39,231.52,4,197
1996,17-Jan,06:00PM,Wed,Golden State,23,22,45,18,25,0,43,88,YES,1,0,NO,Minnesota,24,27,51,25,22,0,47,98,NO,1,1,NO,96,90,186,96.14,89.39,185.52,-2,212
1996,17-Jan,07:30PM,Wed,Indiana,24,26,50,15,28,0,43,93,NO,0,1,YES,Atlanta,23,26,49,28,25,0,53,102,YES,1,1,NO,99,96,195,99.14,95.39,194.52,-1,193
1996,17-Jan,07:30PM,Wed,New Jersey,32,24,56,19,22,0,41,97,YES,1,1,NO,Charlotte,20,29,49,27,17,0,44,93,YES,1,3,YES,105,85,190,105.14,84.39,189.52,,
1996,17-Jan,04:30PM,Wed,New York,22,18,40,28,24,0,52,92,YES,1,1,NO,LAC,17,18,35,23,23,0,46,81,NO,1,3,NO,75,98,173,75.14,97.39,172.52,5.5,197.5
1996,17-Jan,07:30PM,Wed,Washington,19,22,41,22,26,0,48,89,YES,1,1,YES,Miami,21,24,45,26,25,0,51,96,NO,1,1,YES,86,99,185,86.14,98.39,184.52,0,0
1996,17-Jan,07:30PM,Wed,Milwaukee,28,24,52,29,30,0,59,111,NO,1,0,YES,Philadelphia,38,21,59,25,16,0,41,100,NO,1,0,YES,111,100,211,111.14,99.39,210.52,2.5,190
1996,18-Jan,07:00PM,Thu,Chicago,21,17,38,29,25,0,54,92,YES,1,2,NO,Toronto,20,25,45,19,25,0,44,89,NO,2,1,NO,83,98,181,83.14,97.39,180.52,12,208
1996,18-Jan,07:00PM,Thu,Cleveland,21,27,48,28,22,0,50,98,NO,1,1,NO,Vancouver,24,14,38,30,22,0,52,90,NO,1,4,NO,86,102,188,86.14,101.39,187.52,7,173
1996,18-Jan,07:30PM,Thu,San Antonio,26,29,55,19,24,0,43,98,YES,1,0,NO,Detroit,19,31,50,19,31,0,50,100,YES,0,2,YES,105,93,198,105.14,92.39,197.52,4,189
1996,18-Jan,06:30PM,Thu,Boston,39,28,67,17,24,0,41,108,NO,1,0,NO,Houston,25,29,54,32,20,0,52,106,NO,2,0,YES,121,93,214,121.14,92.39,213.52,0,0
1996,18-Jan,06:30PM,Thu,Golden State,26,24,50,24,22,0,46,96,NO,0,1,NO,Milwaukee,22,29,51,20,29,0,49,100,NO,3,0,YES,101,95,196,101.14,94.39,195.52,-2.5,205
1996,18-Jan,04:30PM,Thu,Portland,19,29,48,21,31,0,52,100,YES,1,0,YES,Sacramento,30,19,49,21,35,0,56,105,YES,1,2,YES,97,108,205,97.14,107.39,204.52,0,0
1996,19-Jan,06:00PM,Fri,San Antonio,18,21,39,23,30,0,53,92,NO,0,1,NO,Minnesota,18,27,45,27,28,0,55,100,YES,0,1,NO,84,108,192,84.14,107.39,191.52,4,202
1996,19-Jan,04:00PM,Fri,Phoenix,29,19,48,22,14,0,36,84,YES,1,1,YES,Portland,22,32,54,28,19,0,47,101,NO,1,0,YES,102,83,185,102.14,82.39,184.52,0,0
1996,19-Jan,07:00PM,Fri,New York,23,25,48,21,18,13,39,87,NO,1,0,NO,Seattle,26,20,46,19,22,10,41,87,NO,1,2,NO,94,80,174,94.14,79.39,173.52,-7.5,194
1996,19-Jan,05:00PM,Fri,Orlando,29,28,57,26,16,0,42,99,NO,1,1,NO,Utah,26,24,50,32,29,0,61,111,YES,0,3,YES,107,103,210,107.14,102.39,209.52,-5,205
1996,19-Jan,06:30PM,Fri,Boston,25,20,45,33,46,0,79,124,NO,0,1,NO,Dallas,23,34,57,34,38,0,72,129,YES,1,3,NO,102,151,253,102.14,150.39,252.52,-5,215
1996,19-Jan,07:30PM,Fri,Detroit,26,16,42,17,22,0,39,81,YES,0,1,YES,Indiana,30,14,44,27,18,0,45,89,NO,1,1,YES,86,84,170,86.14,83.39,169.52,0,0
1996,19-Jan,04:30PM,Fri,LAL,33,24,57,27,22,0,49,106,YES,3,0,YES,LAC,30,29,59,12,29,0,41,100,NO,0,1,NO,116,90,206,116.14,89.39,205.52,5,201
1996,19-Jan,07:30PM,Fri,Atlanta,20,24,44,22,16,0,38,82,YES,1,0,YES,Philadelphia,23,21,44,20,13,0,33,77,NO,1,1,NO,88,71,159,88.14,70.39,158.52,6,198
1996,19-Jan,07:30PM,Fri,New Jersey,24,21,45,18,24,0,42,87,NO,1,0,YES,Washington,30,16,46,20,27,0,47,93,YES,1,1,YES,91,89,180,91.14,88.39,179.52,0,0
1996,19-Jan,08:00PM,Fri,Charlotte,35,29,64,27,23,0,50,114,YES,1,0,YES,Miami,32,24,56,27,23,0,50,106,YES,0,1,NO,120,100,220,120.14,99.39,219.52,-6.5,184
1996,20-Jan,05:00PM,Sat,Sacramento,23,28,51,33,31,0,64,115,YES,1,0,NO,Denver,24,26,50,32,28,0,60,110,YES,3,2,NO,101,124,225,101.14,123.39,224.52,-5,206
1996,20-Jan,07:00PM,Sat,New York,29,16,45,15,20,0,35,80,NO,0,2,YES,Vancouver,22,27,49,21,14,0,35,84,YES,1,1,NO,94,70,164,94.14,69.39,163.52,7,178
1996,20-Jan,07:30PM,Sat,Miami,25,21,46,12,20,0,32,78,YES,0,1,YES,Atlanta,22,22,44,31,23,0,54,98,NO,1,0,YES,90,86,176,90.14,85.39,175.52,-4,183
1996,20-Jan,07:30PM,Sat,Golden State,29,26,55,31,24,0,55,110,NO,1,3,YES,Charlotte,28,31,59,22,21,0,43,102,NO,3,0,YES,114,98,212,114.14,97.39,211.52,-3.5,216
1996,20-Jan,04:30PM,Sat,Utah,23,28,51,30,25,0,55,106,YES,0,2,YES,LAC,15,23,38,21,23,0,44,82,NO,4,0,NO,89,99,188,89.14,98.39,187.52,8.5,201
1996,20-Jan,04:30PM,Sat,Cleveland,24,25,49,18,26,0,44,93,NO,1,0,NO,LAL,18,27,45,14,23,0,37,82,YES,3,0,YES,94,81,175,94.14,80.39,174.52,-5,186
1996,20-Jan,07:30PM,Sat,Minnesota,21,25,46,25,21,5,46,92,YES,0,3,YES,New Jersey,26,22,48,22,22,11,44,92,YES,2,0,YES,94,90,184,94.14,89.39,183.52,-2.5,189
1996,21-Jan,12:00PM,Sun,Chicago,31,23,54,31,26,0,57,111,NO,2,1,NO,Detroit,24,15,39,26,31,0,57,96,YES,2,1,YES,93,114,207,93.14,113.39,206.52,8.5,193
1996,21-Jan,12:00PM,Sun,Boston,18,26,44,32,19,0,51,95,NO,1,2,YES,Toronto,30,15,45,26,26,0,52,97,NO,1,2,NO,89,103,192,89.14,102.39,191.52,-1.5,211.5
1996,21-Jan,12:30PM,Sun,Orlando,23,27,50,22,25,0,47,97,NO,1,1,YES,Houston,22,23,45,24,27,0,51,96,YES,0,2,NO,95,98,193,95.14,97.39,192.52,-4,208.5
1996,21-Jan,02:30PM,Sun,Washington,29,22,51,24,21,0,45,96,YES,1,2,NO,Indiana,34,29,63,21,22,0,43,106,NO,1,1,NO,114,88,202,114.14,87.39,201.52,-8,200
1996,21-Jan,05:00PM,Sun,Dallas,24,17,41,27,33,0,60,101,YES,1,1,NO,Seattle,28,25,53,31,24,0,55,108,NO,2,1,NO,94,115,209,94.14,114.39,208.52,-13,207
1996,21-Jan,03:00PM,Sun,Cleveland,26,18,44,17,20,0,37,81,NO,0,1,YES,Portland,17,21,38,17,33,0,50,88,YES,1,1,NO,82,87,169,82.14,86.39,168.52,0,0
1996,21-Jan,07:00PM,Sun,San Antonio,34,29,63,28,27,0,55,118,NO,1,0,NO,Philadelphia,16,25,41,22,25,0,47,88,YES,1,1,NO,104,102,206,104.14,101.39,205.52,8,196
1996,21-Jan,04:00PM,Sun,Sacramento,19,30,49,22,26,0,48,97,NO,0,1,YES,Phoenix,30,30,60,26,25,0,51,111,YES,1,1,YES,109,99,208,109.14,98.39,207.52,0,0
1996,22-Jan,07:30PM,Mon,Houston,22,24,46,21,29,0,50,96,YES,0,1,NO,Atlanta,25,20,45,28,32,0,60,105,YES,0,1,NO,91,110,201,91.14,109.39,200.52,-1,195
1996,22-Jan,07:30PM,Mon,San Antonio,30,24,54,23,12,0,35,89,NO,0,1,YES,Miami,26,22,48,17,31,0,48,96,NO,1,1,YES,102,83,185,102.14,82.39,184.52,1.5,188
1996,22-Jan,06:30PM,Mon,Vancouver,27,19,46,25,29,0,54,100,YES,1,1,NO,Milwaukee,27,22,49,23,20,0,43,92,NO,1,3,NO,95,97,192,95.14,96.39,191.52,-8.5,182
1996,23-Jan,05:00PM,Tue,Portland,24,8,32,23,17,0,40,72,YES,1,2,NO,Utah,22,30,52,13,31,0,44,96,YES,0,2,YES,84,84,168,84.14,83.39,167.52,0,0
1996,23-Jan,07:00PM,Tue,New Jersey,24,24,48,19,12,0,31,79,YES,2,0,YES,Toronto,28,16,44,26,16,0,42,86,NO,1,1,NO,92,73,165,92.14,72.39,164.52,-2.5,188
1996,23-Jan,07:30PM,Tue,Atlanta,23,12,35,24,25,0,49,84,YES,0,2,YES,Cleveland,21,23,44,17,11,0,28,72,YES,0,1,YES,79,77,156,79.14,76.39,155.52,-6,180
1996,23-Jan,07:30PM,Tue,Phoenix,26,21,47,26,29,0,55,102,YES,1,0,NO,Indiana,31,33,64,31,22,0,53,117,YES,0,1,NO,111,108,219,111.14,107.39,218.52,-8.5,201
1996,23-Jan,07:30PM,Tue,Philadelphia,20,19,39,28,23,0,51,90,YES,1,0,YES,Orlando,24,24,48,27,30,0,57,105,YES,2,1,YES,87,108,195,87.14,107.39,194.52,-15.5,207
1996,23-Jan,04:30PM,Tue,Dallas,35,26,61,21,29,0,50,111,NO,1,1,YES,Sacramento,27,23,50,25,34,0,59,109,YES,2,1,YES,111,109,220,111.14,108.39,219.52,-8.5,215
1996,23-Jan,08:00PM,Tue,Chicago,28,20,48,28,23,0,51,99,NO,1,0,YES,New York,20,19,39,17,23,0,40,79,YES,0,2,YES,87,91,178,87.14,90.39,177.52,5.5,198
1996,24-Jan,06:00PM,Wed,Phoenix,27,19,46,31,24,0,55,101,NO,0,1,NO,Minnesota,30,21,51,14,26,0,40,91,YES,2,3,YES,97,95,192,97.14,94.39,191.52,-3,204.5
1996,24-Jan,07:00PM,Wed,Denver,22,17,39,27,13,0,40,79,YES,3,0,NO,Seattle,24,29,53,19,14,0,33,86,NO,1,2,NO,92,73,165,92.14,72.39,164.52,-11.5,198
1996,24-Jan,07:30PM,Wed,LAL,31,23,54,36,34,0,70,124,YES,3,1,NO,Boston,25,16,41,29,37,0,66,107,NO,1,2,YES,95,136,231,95.14,135.39,230.52,2,212
1996,24-Jan,07:30PM,Wed,Washington,30,22,52,21,40,0,61,113,NO,2,0,YES,Charlotte,30,30,60,30,37,0,67,127,YES,1,3,NO,112,128,240,112.14,127.39,239.52,-6,212
1996,24-Jan,06:30PM,Wed,Vancouver,17,23,40,27,17,0,44,84,NO,1,0,NO,Chicago,32,22,54,26,24,0,50,104,NO,1,0,YES,94,94,188,94.14,93.39,187.52,-18.5,195
1996,24-Jan,04:30PM,Wed,Utah,16,32,48,37,15,0,52,100,YES,0,1,NO,Golden State,21,11,32,26,31,0,57,89,NO,1,3,YES,80,109,189,80.14,108.39,188.52,3,212
1996,24-Jan,07:30PM,Wed,New York,20,24,44,17,27,0,44,88,YES,0,2,YES,Miami,22,19,41,22,16,0,38,79,YES,1,1,NO,85,82,167,85.14,81.39,166.52,-4,178
1996,24-Jan,06:30PM,Wed,Indiana,29,26,55,19,23,0,42,97,YES,0,1,NO,Milwaukee,23,22,45,22,22,0,44,89,NO,1,1,NO,100,86,186,100.14,85.39,185.52,2.5,190
1996,24-Jan,07:30PM,Wed,Houston,25,27,52,19,27,0,46,98,NO,1,0,NO,New Jersey,26,17,43,12,34,0,46,89,NO,1,0,YES,95,92,187,95.14,91.39,186.52,6.5,190
1996,24-Jan,07:30PM,Wed,Cleveland,25,19,44,26,21,0,47,91,YES,0,2,YES,Philadelphia,21,22,43,27,18,0,45,88,NO,1,0,YES,87,92,179,87.14,91.39,178.52,6,181.5
1996,24-Jan,06:30PM,Wed,Detroit,18,25,43,24,18,0,42,85,YES,2,0,NO,San Antonio,24,17,41,22,21,0,43,84,NO,1,1,YES,84,85,169,84.14,84.39,168.52,-9.5,190
1996,25-Jan,06:30PM,Thu,Detroit,24,27,51,20,22,0,42,93,NO,0,1,NO,Dallas,29,22,51,27,14,0,41,92,NO,1,1,YES,102,83,185,102.14,82.39,184.52,-2.5,191
1996,25-Jan,04:30PM,Thu,Denver,24,16,40,31,22,0,53,93,NO,0,1,YES,LAC,28,26,54,20,20,0,40,94,NO,1,4,NO,94,93,187,94.14,92.39,186.52,0,0
1996,25-Jan,07:30PM,Thu,Houston,24,24,48,14,23,0,37,85,NO,0,1,YES,Washington,37,34,71,22,27,0,49,120,NO,1,0,YES,119,86,205,119.14,85.39,204.52,2,209
1996,25-Jan,08:30PM,Thu,Vancouver,27,19,46,24,21,15,45,91,NO,0,1,NO,Toronto,29,24,53,13,25,10,38,91,YES,1,1,NO,99,83,182,99.14,82.39,181.52,-7,184.5
1996,26-Jan,07:00PM,Fri,Utah,27,22,49,24,20,0,44,93,NO,1,0,YES,Seattle,29,19,48,26,20,0,46,94,YES,0,1,NO,97,90,187,97.14,89.39,186.52,-5,196.5
1996,26-Jan,07:30PM,Fri,Orlando,27,22,49,23,12,0,35,84,YES,2,0,NO,Atlanta,22,25,47,21,28,0,49,96,YES,3,2,YES,96,84,180,96.14,83.39,179.52,2,197
1996,26-Jan,07:30PM,Fri,Indiana,27,20,47,29,31,0,60,107,NO,1,0,YES,Boston,20,30,50,19,21,0,40,90,YES,3,1,NO,97,100,197,97.14,99.39,196.52,4.5,207
1996,26-Jan,06:30PM,Fri,Miami,12,17,29,24,27,0,51,80,YES,1,0,NO,Chicago,22,26,48,29,25,0,54,102,NO,1,1,NO,77,105,182,77.14,104.39,181.52,-13,188
1996,26-Jan,04:30PM,Fri,Sacramento,17,26,43,39,36,0,75,118,YES,2,3,YES,Golden State,30,33,63,36,25,0,61,124,YES,0,1,NO,106,136,242,106.14,135.39,241.52,-4,217
1996,26-Jan,06:30PM,Fri,Phoenix,37,23,60,24,23,0,47,107,NO,1,1,NO,Milwaukee,33,11,44,26,27,0,53,97,YES,4,1,NO,104,100,204,104.14,99.39,203.52,1.5,197
1996,26-Jan,07:30PM,Fri,Charlotte,35,28,63,13,31,0,44,107,YES,1,0,YES,New Jersey,27,40,67,29,19,0,48,115,NO,0,1,NO,130,92,222,130.14,91.39,221.52,,
1996,26-Jan,06:30PM,Fri,Portland,18,15,33,26,24,0,50,83,NO,2,0,NO,San Antonio,16,19,35,25,27,0,52,87,NO,4,1,NO,68,102,170,68.14,101.39,169.52,0,0
1996,26-Jan,08:00PM,Fri,LAL,37,15,52,22,26,0,48,100,NO,1,0,NO,Philadelphia,17,21,38,21,29,0,50,88,YES,0,1,NO,90,98,188,90.14,97.39,187.52,7,200
1996,27-Jan,05:00PM,Sat,Toronto,16,21,37,19,26,0,45,82,YES,1,2,NO,Denver,13,24,37,28,28,0,56,93,YES,2,1,YES,74,101,175,74.14,100.39,174.52,-8,196.5
1996,27-Jan,05:00PM,Sat,Golden State,23,28,51,21,19,0,40,91,YES,0,2,NO,Utah,19,28,47,37,24,0,61,108,NO,1,0,YES,98,101,199,98.14,100.39,198.52,-10.5,210
1996,27-Jan,07:30PM,Sat,Philadelphia,30,24,54,19,32,0,51,105,YES,0,1,YES,Charlotte,37,22,59,20,31,0,51,110,NO,1,0,YES,113,102,215,113.14,101.39,214.52,-12.5,213
1996,27-Jan,07:30PM,Sat,Miami,24,23,47,27,28,0,55,102,NO,0,1,NO,Cleveland,19,18,37,23,25,0,48,85,YES,1,2,YES,84,103,187,84.14,102.39,186.52,-5.5,172
1996,27-Jan,06:30PM,Sat,Portland,38,30,68,25,19,0,44,112,NO,0,1,YES,Dallas,28,23,51,23,29,0,52,103,NO,2,1,NO,119,96,215,119.14,95.39,214.52,1.5,206
1996,27-Jan,06:30PM,Sat,Detroit,19,19,38,21,26,0,47,85,NO,1,1,NO,Houston,19,23,42,33,30,0,63,105,NO,2,1,YES,80,110,190,80.14,109.39,189.52,-8,186
1996,27-Jan,07:30PM,Sat,Orlando,16,23,39,19,21,0,40,79,NO,0,2,YES,Indiana,32,31,63,16,23,0,39,102,NO,2,0,YES,102,79,181,102.14,78.39,180.52,-3,201
1996,27-Jan,04:30PM,Sat,Seattle,29,23,52,27,17,0,44,96,YES,0,1,NO,LAC,28,26,54,15,18,0,33,87,YES,2,1,NO,106,77,183,106.14,76.39,182.52,7.5,194
1996,27-Jan,07:30PM,Sat,LAL,31,18,49,27,24,0,51,100,NO,0,2,YES,New Jersey,22,16,38,28,32,0,60,98,YES,2,0,NO,87,111,198,87.14,110.39,197.52,5,193
1996,27-Jan,07:30PM,Sat,Minnesota,23,25,48,26,21,0,47,95,YES,2,2,YES,New York,30,25,55,27,22,0,49,104,NO,1,2,YES,103,96,199,103.14,95.39,198.52,-8.5,191
1996,27-Jan,07:30PM,Sat,Vancouver,23,22,45,18,14,0,32,77,NO,1,1,NO,Washington,27,22,49,32,21,0,53,102,NO,5,1,NO,94,85,179,94.14,84.39,178.52,0,0
1996,28-Jan,11:00AM,Sun,Phoenix,19,33,52,16,14,0,30,82,NO,1,1,NO,Chicago,21,26,47,24,22,0,46,93,YES,1,1,NO,99,76,175,99.14,75.39,174.52,-13.5,211.5
1996,29-Jan,04:00PM,Mon,Seattle,27,22,49,17,26,0,43,92,NO,1,0,YES,Portland,22,26,48,22,18,0,40,88,NO,1,1,YES,97,83,180,97.14,82.39,179.52,-1,198
1996,29-Jan,05:00PM,Mon,Detroit,12,24,36,35,26,0,61,97,NO,1,2,YES,Utah,30,29,59,22,25,0,47,106,YES,1,1,NO,95,108,203,95.14,107.39,202.52,-9,184
1996,29-Jan,07:30PM,Mon,Cleveland,30,16,46,22,18,0,40,86,YES,1,1,YES,Charlotte,22,22,44,22,22,0,44,88,NO,2,1,NO,90,84,174,90.14,83.39,173.52,-4,196
1996,29-Jan,07:30PM,Mon,Miami,19,21,40,24,21,0,45,85,NO,1,0,YES,New York,22,24,46,18,30,0,48,94,NO,2,1,NO,86,93,179,86.14,92.39,178.52,-4.5,174
1996,29-Jan,07:30PM,Mon,Vancouver,19,28,47,16,29,0,45,92,NO,1,1,NO,Philadelphia,30,22,52,25,26,0,51,103,YES,2,1,YES,99,96,195,99.14,95.39,194.52,-4.5,191
1996,30-Jan,06:00PM,Tue,Chicago,22,32,54,19,25,0,44,98,YES,1,1,NO,Houston,28,16,44,27,16,0,43,87,YES,1,2,NO,98,87,185,98.14,86.39,184.52,3,198
1996,30-Jan,06:00PM,Tue,Denver,21,25,46,18,24,0,42,88,YES,2,1,NO,Minnesota,24,20,44,21,21,0,42,86,YES,2,2,YES,90,84,174,90.14,83.39,173.52,-3,195
1996,30-Jan,07:00PM,Tue,New Jersey,25,16,41,22,25,0,47,88,YES,2,2,NO,Seattle,23,22,45,25,27,0,52,97,YES,1,0,YES,86,99,185,86.14,98.39,184.52,,
1996,30-Jan,06:30PM,Tue,LAC,30,22,52,25,24,0,49,101,YES,2,0,NO,Dallas,20,34,54,30,21,0,51,105,NO,1,2,NO,106,100,206,106.14,99.39,205.52,-5.5,207
1996,30-Jan,07:30PM,Tue,Atlanta,26,28,54,15,21,0,36,90,YES,3,0,YES,Indiana,32,28,60,19,28,0,47,107,YES,1,2,NO,114,83,197,114.14,82.39,196.52,-6.5,192
1996,30-Jan,04:30PM,Tue,Golden State,28,35,63,22,33,0,55,118,NO,2,2,YES,LAL,35,37,72,26,30,0,56,128,NO,2,2,YES,135,111,246,135.14,110.39,245.52,-8.5,214
1996,30-Jan,07:30PM,Tue,Phoenix,33,26,59,32,23,0,55,114,NO,1,0,NO,Miami,26,23,49,18,32,0,50,99,NO,1,0,YES,108,105,213,108.14,104.39,212.52,-3.5,187
1996,30-Jan,07:30PM,Tue,Boston,21,24,45,29,25,0,54,99,YES,3,0,YES,Orlando,20,20,40,31,33,0,64,104,YES,1,2,YES,85,118,203,85.14,117.39,202.52,-12.5,214
1996,30-Jan,04:30PM,Tue,Toronto,19,15,34,14,27,0,41,75,NO,2,2,NO,Sacramento,25,26,51,26,25,0,51,102,NO,1,3,YES,85,92,177,85.14,91.39,176.52,-8.5,205
1996,31-Jan,02:00PM,Wed,Utah,24,30,54,29,15,0,44,98,YES,1,1,YES,Portland,24,13,37,26,31,0,57,94,YES,1,1,NO,91,101,192,91.14,100.39,191.52,-1,195
1996,31-Jan,07:30PM,Wed,Phoenix,28,33,61,29,30,0,59,120,NO,0,1,NO,Atlanta,23,16,39,25,20,0,45,84,YES,1,0,YES,100,104,204,100.14,103.39,203.52,-4.5,198
1996,31-Jan,07:30PM,Wed,Vancouver,22,19,41,36,21,0,57,98,NO,1,1,YES,Boston,28,33,61,37,33,0,70,131,YES,1,0,YES,102,127,229,102.14,126.39,228.52,-7.5,200
1996,31-Jan,07:30PM,Wed,Milwaukee,25,11,36,15,20,0,35,71,YES,4,0,YES,Cleveland,19,14,33,26,22,0,48,81,NO,1,1,YES,69,83,152,69.14,82.39,151.52,-7,180
1996,31-Jan,06:30PM,Wed,LAC,32,23,55,22,29,0,51,106,NO,0,1,NO,San Antonio,33,30,63,23,29,0,52,115,NO,1,4,NO,118,103,221,118.14,102.39,220.52,-14.5,203
1996,1-Feb,07:30PM,Thu,Houston,23,23,46,31,39,0,70,116,YES,1,1,YES,Charlotte,24,30,54,27,30,0,57,111,YES,2,2,NO,100,127,227,100.14,126.39,226.52,2,209
1996,1-Feb,06:30PM,Thu,Seattle,29,30,59,22,19,0,41,100,YES,1,1,NO,Dallas,33,20,53,28,22,0,50,103,NO,1,1,NO,112,91,203,112.14,90.39,202.52,6.5,203
1996,1-Feb,07:30PM,Thu,Indiana,18,25,43,14,13,0,27,70,YES,1,0,YES,Detroit,22,21,43,23,21,0,44,87,NO,1,2,YES,86,71,157,86.14,70.39,156.52,0,0
1996,1-Feb,07:30PM,Thu,Philadelphia,30,34,64,16,24,0,40,104,YES,2,1,YES,Miami,34,27,61,24,39,0,63,124,NO,1,1,NO,125,103,228,125.14,102.39,227.52,-12,187
1996,1-Feb,06:30PM,Thu,Denver,27,20,47,18,37,0,55,102,NO,1,2,YES,Milwaukee,22,26,48,30,30,0,60,108,NO,1,0,YES,95,115,210,95.14,114.39,209.52,1,181
1996,1-Feb,07:30PM,Thu,Orlando,25,30,55,26,21,0,47,102,YES,1,0,YES,New York,24,32,56,28,26,0,54,110,YES,2,2,NO,111,101,212,111.14,100.39,211.52,-1.5,196
1996,1-Feb,04:30PM,Thu,Chicago,33,19,52,28,25,0,53,105,NO,1,0,NO,Sacramento,25,19,44,25,16,0,41,85,YES,1,1,NO,96,94,190,96.14,93.39,189.52,8.5,199
1996,2-Feb,05:00PM,Fri,LAC,22,28,50,24,39,0,63,113,NO,1,0,YES,Utah,32,24,56,36,30,0,66,122,YES,1,1,YES,106,129,235,106.14,128.39,234.52,-14.5,203
1996,2-Feb,07:00PM,Fri,New Jersey,18,23,41,28,24,0,52,93,NO,2,1,NO,Vancouver,20,22,42,16,26,0,42,84,NO,2,1,YES,83,94,177,83.14,93.39,176.52,,
1996,2-Feb,04:30PM,Fri,Toronto,25,28,53,28,30,0,58,111,NO,2,0,NO,Golden State,32,32,64,29,21,0,50,114,NO,1,2,YES,117,108,225,117.14,107.39,224.52,-9,211
1996,2-Feb,07:30PM,Fri,Boston,21,32,53,28,27,0,55,108,YES,1,0,NO,Indiana,21,31,52,34,30,0,64,116,NO,1,0,YES,105,119,224,105.14,118.39,223.52,-12,207.5
1996,2-Feb,04:30PM,Fri,Chicago,28,26,54,26,19,0,45,99,NO,0,1,NO,LAL,28,13,41,18,25,0,43,84,NO,1,2,NO,95,88,183,95.14,87.39,182.52,5,206
1996,2-Feb,07:30PM,Fri,Atlanta,21,17,38,24,33,0,57,95,YES,1,1,YES,Orlando,22,29,51,30,27,0,57,108,NO,1,0,YES,89,114,203,89.14,113.39,202.52,-8.5,197
1996,2-Feb,06:30PM,Fri,Minnesota,22,19,41,29,20,0,49,90,YES,2,0,NO,San Antonio,25,26,51,25,25,0,50,101,YES,1,1,NO,92,99,191,92.14,98.39,190.52,-11.5,203
1996,2-Feb,07:30PM,Fri,Portland,24,25,49,21,27,0,48,97,YES,1,0,NO,Washington,26,21,47,41,25,0,66,113,NO,1,5,NO,96,114,210,96.14,113.39,209.52,-1.5,208
1996,2-Feb,08:00PM,Fri,Phoenix,25,16,41,19,25,0,44,85,NO,1,1,NO,Cleveland,29,29,58,27,22,0,49,107,YES,0,1,NO,99,93,192,99.14,92.39,191.52,-2,190
1996,3-Feb,06:30PM,Sat,Minnesota,27,19,46,28,31,0,59,105,NO,0,1,YES,Dallas,23,28,51,16,29,0,45,96,YES,1,1,NO,97,104,201,97.14,103.39,200.52,-5,208
1996,3-Feb,07:30PM,Sat,Sacramento,26,17,43,27,24,0,51,94,YES,1,1,NO,Detroit,26,20,46,24,15,0,39,85,YES,1,1,NO,89,90,179,89.14,89.39,178.52,0,0
1996,3-Feb,06:30PM,Sat,Seattle,16,27,43,26,23,12,49,92,NO,1,2,YES,Houston,27,22,49,24,19,11,43,92,YES,2,1,YES,92,92,184,92.14,91.39,183.52,-3.5,195
1996,3-Feb,04:30PM,Sat,Toronto,24,29,53,22,25,19,47,100,NO,0,1,YES,LAC,37,22,59,23,18,13,41,100,NO,1,0,YES,112,88,200,112.14,87.39,199.52,-4,197
1996,3-Feb,07:30PM,Sat,Boston,28,24,52,25,23,0,48,100,NO,0,2,NO,Miami,30,17,47,31,21,0,52,99,NO,1,1,NO,99,100,199,99.14,99.39,198.52,-10.5,203
1996,3-Feb,06:30PM,Sat,Cleveland,29,31,60,26,25,0,51,111,YES,0,2,YES,Milwaukee,21,20,41,25,22,0,47,88,NO,2,1,NO,101,98,199,101.14,97.39,198.52,1.5,177
1996,3-Feb,07:30PM,Sat,Portland,22,33,55,20,21,0,41,96,NO,0,1,NO,Philadelphia,30,18,48,15,22,0,37,85,NO,3,1,YES,103,78,181,103.14,77.39,180.52,6.5,199
1996,4-Feb,01:00PM,Sun,New York,21,15,36,20,27,0,47,83,YES,2,0,YES,Indiana,26,20,46,23,21,0,44,90,YES,2,1,NO,82,91,173,82.14,90.39,172.52,-5.5,188.5
1996,4-Feb,03:30PM,Sun,San Antonio,30,24,54,16,33,6,49,103,YES,1,1,NO,Orlando,28,28,56,25,22,19,47,103,NO,1,1,NO,110,96,206,110.14,95.39,205.52,-5.5,205.5
1996,4-Feb,06:00PM,Sun,Phoenix,23,30,53,30,25,15,55,108,NO,1,1,YES,Washington,31,22,53,33,22,7,55,108,YES,2,1,NO,106,110,216,106.14,109.39,215.52,1,214.5
1996,4-Feb,03:30PM,Sun,Utah,22,25,47,27,29,0,56,103,YES,1,0,NO,LAL,26,22,48,30,32,0,62,110,YES,1,1,NO,95,118,213,95.14,117.39,212.52,-2,203
1996,4-Feb,07:00PM,Sun,Charlotte,33,25,58,27,19,0,46,104,YES,2,1,YES,Atlanta,27,20,47,27,32,0,59,106,YES,2,1,YES,105,105,210,105.14,104.39,209.52,-5,205
1996,4-Feb,05:00PM,Sun,Chicago,20,23,43,39,17,0,56,99,NO,1,1,NO,Denver,34,34,68,16,21,0,37,105,NO,1,2,YES,111,93,204,111.14,92.39,203.52,9.5,192
1996,4-Feb,04:30PM,Sun,New Jersey,25,23,48,13,31,0,44,92,NO,1,2,NO,Golden State,18,28,46,24,26,0,50,96,YES,0,1,NO,94,94,188,94.14,93.39,187.52,-6,204.5
1996,5-Feb,06:00PM,Mon,Dallas,21,25,46,25,21,0,46,92,YES,1,0,NO,Minnesota,22,24,46,24,34,0,58,104,NO,1,1,YES,92,104,196,92.14,103.39,195.52,-4,205.5
1996,5-Feb,07:00PM,Mon,Portland,19,18,37,25,28,0,53,90,NO,1,1,NO,Toronto,18,22,40,27,20,0,47,87,NO,1,1,YES,77,100,177,77.14,99.39,176.52,3.5,196
1996,5-Feb,07:00PM,Mon,Utah,25,24,49,26,17,0,43,92,NO,0,1,YES,Vancouver,25,20,45,22,16,0,38,83,YES,1,2,NO,94,81,175,94.14,80.39,174.52,9,185.5
1996,5-Feb,04:30PM,Mon,Golden State,32,38,70,26,32,0,58,128,YES,0,1,YES,LAC,26,35,61,23,40,0,63,124,NO,1,1,NO,131,121,252,131.14,120.39,251.52,2.5,210.5
1996,5-Feb,07:30PM,Mon,Sacramento,20,23,43,35,14,0,49,92,NO,1,0,NO,Miami,27,29,56,18,29,0,47,103,NO,1,1,NO,99,96,195,99.14,95.39,194.52,-5.5,195.5
1996,5-Feb,07:30PM,Mon,Detroit,19,21,40,18,33,0,51,91,YES,1,1,YES,New York,19,24,43,31,23,0,54,97,NO,1,0,YES,83,105,188,83.14,104.39,187.52,-6,178.5
1996,6-Feb,03:00PM,Tue,Chicago,33,17,50,21,25,0,46,96,NO,1,0,NO,Phoenix,20,30,50,26,30,0,56,106,NO,1,1,YES,100,102,202,100.14,101.39,201.52,5.5,207
1996,6-Feb,05:00PM,Tue,LAL,26,15,41,25,33,0,58,99,YES,1,0,YES,Denver,23,22,45,16,17,0,33,78,NO,1,1,NO,86,91,177,86.14,90.39,176.52,2,203
1996,6-Feb,07:00PM,Tue,Houston,17,27,44,24,26,0,50,94,YES,2,0,NO,Seattle,21,29,50,20,29,0,49,99,YES,6,2,YES,94,99,193,94.14,98.39,192.52,-4.5,195
1996,6-Feb,07:30PM,Tue,San Antonio,30,28,58,28,23,0,51,109,NO,1,0,NO,Charlotte,16,32,48,23,31,0,54,102,NO,1,1,YES,106,105,211,106.14,104.39,210.52,2.5,214
1996,6-Feb,07:30PM,Tue,Boston,13,18,31,20,22,0,42,73,NO,2,0,YES,Cleveland,19,22,41,27,23,0,50,91,NO,6,2,YES,72,92,164,72.14,91.39,163.52,-7.5,198.5
1996,6-Feb,06:30PM,Tue,Dallas,15,39,54,29,28,0,57,111,NO,0,1,YES,Milwaukee,29,30,59,30,25,0,55,114,YES,0,2,NO,113,112,225,113.14,111.39,224.52,-4.5,204
1996,6-Feb,07:30PM,Tue,Sacramento,25,20,45,27,30,0,57,102,NO,0,1,NO,Orlando,30,24,54,27,31,0,58,112,YES,0,1,NO,99,115,214,99.14,114.39,213.52,-10.5,209
1996,7-Feb,06:00PM,Wed,Portland,28,24,52,25,26,0,51,103,NO,1,5,YES,Minnesota,30,20,50,28,15,0,43,93,YES,5,1,NO,102,94,196,102.14,93.39,195.52,1.5,193
1996,7-Feb,07:00PM,Wed,Milwaukee,22,30,52,22,19,0,41,93,YES,0,5,YES,Toronto,29,22,51,16,21,0,37,88,YES,5,1,NO,103,78,181,103.14,77.39,180.52,-2.5,187
1996,7-Feb,05:00PM,Wed,Vancouver,19,21,40,19,20,0,39,79,YES,1,6,YES,Utah,27,28,55,23,24,0,47,102,YES,0,1,YES,95,86,181,95.14,85.39,180.52,-16,188
1996,7-Feb,07:30PM,Wed,San Antonio,34,21,55,21,23,0,44,99,NO,0,5,YES,Boston,20,32,52,18,19,0,37,89,YES,5,0,YES,107,81,188,107.14,80.39,187.52,5.5,212
1996,7-Feb,04:30PM,Wed,Chicago,20,26,46,22,31,0,53,99,NO,0,5,YES,Golden State,24,28,52,20,23,0,43,95,YES,5,1,YES,98,96,194,98.14,95.39,193.52,9.5,214
1996,7-Feb,04:30PM,Wed,Houston,37,29,66,23,21,0,44,110,NO,0,5,YES,LAC,26,24,50,28,24,0,52,102,YES,0,1,NO,116,96,212,116.14,95.39,211.52,6,204
1996,7-Feb,04:30PM,Wed,New Jersey,15,28,43,26,27,0,53,96,NO,2,0,NO,LAL,26,25,51,27,28,0,55,106,NO,6,0,YES,94,108,202,94.14,107.39,201.52,-9,197
1996,7-Feb,07:30PM,Wed,Atlanta,28,18,46,29,14,0,43,89,YES,2,0,YES,Miami,19,31,50,23,28,0,51,101,NO,5,1,NO,96,94,190,96.14,93.39,189.52,-4.5,187
1996,7-Feb,07:30PM,Wed,Washington,15,21,36,25,21,0,46,82,YES,2,0,NO,New York,24,20,44,26,17,0,43,87,YES,6,1,NO,80,89,169,80.14,88.39,168.52,-7.5,199
1996,7-Feb,07:30PM,Wed,Indiana,23,29,52,22,27,0,49,101,YES,2,5,YES,Philadelphia,32,28,60,22,20,0,42,102,YES,5,3,NO,112,91,203,112.14,90.39,202.52,10,194
1996,7-Feb,08:00PM,Wed,Orlando,18,30,48,28,7,0,35,83,YES,0,5,YES,Detroit,18,28,46,27,24,0,51,97,YES,6,1,YES,94,86,180,94.14,85.39,179.52,3,191
1996,8-Feb,05:00PM,Thu,LAC,23,24,47,22,26,0,48,95,YES,0,4,YES,Denver,30,26,56,32,27,0,59,115,YES,4,1,NO,103,107,210,103.14,106.39,209.52,-10,206
1996,8-Feb,04:00PM,Thu,New Jersey,24,26,50,27,25,0,52,102,NO,0,4,NO,Phoenix,34,23,57,25,25,0,50,107,NO,4,1,NO,107,102,209,107.14,101.39,208.52,-9.5,196.5
1996,8-Feb,07:30PM,Thu,Washington,26,25,51,20,21,0,41,92,NO,0,4,NO,Atlanta,29,23,52,23,23,0,46,98,YES,5,0,YES,103,87,190,103.14,86.39,189.52,-5.5,201.5
1996,8-Feb,07:30PM,Thu,Sacramento,27,20,47,28,30,0,58,105,NO,1,4,YES,Charlotte,31,24,55,30,30,0,60,115,YES,4,1,NO,102,118,220,102.14,117.39,219.52,-5,215.5
1996,8-Feb,06:30PM,Thu,Utah,27,24,51,32,30,20,62,113,YES,0,4,NO,Dallas,29,30,59,33,21,23,54,113,YES,4,1,YES,110,116,226,110.14,115.39,225.52,0,0
1996,13-Feb,06:00PM,Tue,Dallas,23,24,47,30,29,0,59,106,YES,4,1,NO,Houston,30,35,65,27,29,0,56,121,NO,1,5,YES,112,115,227,112.14,114.39,226.52,-11,208.5
1996,13-Feb,04:00PM,Tue,Seattle,20,26,46,34,22,0,56,102,YES,6,0,YES,Phoenix,30,25,55,22,21,0,43,98,YES,1,4,NO,101,99,200,101.14,98.39,199.52,-1.5,204
1996,13-Feb,04:00PM,Tue,Golden State,16,28,44,27,28,0,55,99,YES,5,0,YES,Portland,27,29,56,18,24,0,42,98,NO,1,5,YES,100,97,197,100.14,96.39,196.52,-5.5,208
1996,13-Feb,06:30PM,Tue,Washington,28,29,57,19,22,0,41,98,NO,4,1,NO,Chicago,33,27,60,24,27,0,51,111,YES,1,5,YES,117,92,209,117.14,91.39,208.52,-15,205
1996,13-Feb,07:30PM,Tue,Charlotte,33,26,59,18,23,0,41,100,YES,4,0,YES,Cleveland,30,28,58,20,32,0,52,110,YES,1,6,NO,117,93,210,117.14,92.39,209.52,-6,193
1996,13-Feb,07:30PM,Tue,New Jersey,20,21,41,24,36,0,60,101,NO,4,0,YES,Indiana,21,21,42,26,24,0,50,92,YES,0,5,YES,83,110,193,83.14,109.39,192.52,-11.5,188
1996,13-Feb,04:30PM,Tue,Boston,21,24,45,27,36,0,63,108,YES,5,0,NO,LAC,25,24,49,22,23,0,45,94,NO,3,4,YES,94,108,202,94.14,107.39,201.52,-1,212
1996,13-Feb,07:30PM,Tue,Toronto,20,26,46,31,21,0,52,98,YES,5,1,YES,Miami,28,23,51,7,29,0,36,87,NO,1,5,NO,97,88,185,97.14,87.39,184.52,-10,189
1996,13-Feb,06:30PM,Tue,Philadelphia,25,18,43,26,35,0,61,104,YES,5,0,YES,Milwaukee,27,15,42,25,34,0,59,101,NO,1,5,YES,85,120,205,85.14,119.39,204.52,-8,200
1996,13-Feb,07:30PM,Tue,Denver,24,20,44,21,28,0,49,93,YES,4,1,NO,Orlando,33,18,51,35,35,0,70,121,NO,2,5,YES,95,119,214,95.14,118.39,213.52,-11,200
1996,13-Feb,04:30PM,Tue,Minnesota,22,20,42,26,26,0,52,94,YES,5,0,NO,Sacramento,23,20,43,26,21,0,47,90,YES,0,4,YES,85,99,184,85.14,98.39,183.52,-7,202
1996,13-Feb,06:30PM,Tue,Utah,27,28,55,31,17,11,48,103,NO,4,1,YES,San Antonio,28,23,51,30,22,8,52,103,YES,1,5,YES,106,100,206,106.14,99.39,205.52,-4.5,200
1996,14-Feb,07:00PM,Wed,Minnesota,23,20,43,22,28,0,50,93,NO,0,1,YES,Seattle,31,30,61,36,33,0,69,130,NO,1,0,YES,104,119,223,104.14,118.39,222.52,-12,194
1996,14-Feb,07:00PM,Wed,Sacramento,24,20,44,20,22,0,42,86,YES,0,1,YES,Vancouver,18,22,40,28,25,0,53,93,NO,1,6,YES,84,95,179,84.14,94.39,178.52,5,189
1996,14-Feb,04:30PM,Wed,Boston,28,30,58,28,17,0,45,103,NO,0,1,NO,Golden State,29,32,61,16,29,0,45,106,YES,1,0,YES,119,90,209,119.14,89.39,208.52,-7,217
1996,14-Feb,04:30PM,Wed,Atlanta,27,21,48,25,13,0,38,86,YES,5,1,NO,LAL,26,28,54,19,14,0,33,87,NO,1,6,NO,102,71,173,102.14,70.39,172.52,-6,201
1996,14-Feb,07:30PM,Wed,Indiana,22,20,42,24,21,0,45,87,YES,0,1,NO,New Jersey,18,28,46,21,21,0,42,88,NO,2,0,YES,88,87,175,88.14,86.39,174.52,0,0
1996,14-Feb,07:30PM,Wed,Detroit,28,21,49,22,31,0,53,102,YES,6,0,YES,Philadelphia,19,17,36,29,18,0,47,83,YES,1,0,YES,85,100,185,85.14,99.39,184.52,6,186
1996,14-Feb,08:00PM,Wed,New York,26,21,47,25,28,0,53,100,YES,6,1,YES,Charlotte,33,35,68,27,25,0,52,120,NO,1,0,YES,115,105,220,115.14,104.39,219.52,3,200
1996,15-Feb,04:00PM,Thu,Phoenix,24,24,48,25,23,0,48,96,YES,1,0,NO,Portland,28,19,47,18,19,0,37,84,YES,1,1,NO,95,85,180,95.14,84.39,179.52,-2.5,203
1996,15-Feb,05:00PM,Thu,Dallas,33,25,58,18,27,0,45,103,NO,1,0,NO,Utah,27,19,46,23,37,0,60,106,NO,4,1,YES,104,105,209,104.14,104.39,208.52,0,0
1996,15-Feb,07:00PM,Thu,Cleveland,27,26,53,21,21,0,42,95,YES,1,1,YES,Toronto,14,16,30,24,22,0,46,76,YES,1,1,YES,83,88,171,83.14,87.39,170.52,4,182
1996,15-Feb,07:30PM,Thu,Chicago,33,22,55,24,22,11,46,101,YES,1,0,NO,Detroit,28,18,46,24,31,8,55,101,NO,1,0,YES,101,101,202,101.14,100.39,201.52,7.5,188.5
1996,15-Feb,06:30PM,Thu,San Antonio,22,26,48,35,25,0,60,108,YES,1,0,YES,Houston,32,31,63,26,23,0,49,112,YES,2,1,NO,111,109,220,111.14,108.39,219.52,-4,204
1996,15-Feb,07:30PM,Thu,Denver,19,26,45,28,18,0,46,91,NO,1,0,NO,Miami,15,28,43,29,25,0,54,97,NO,1,1,NO,88,100,188,88.14,99.39,187.52,-5,187
1996,15-Feb,06:30PM,Thu,Washington,25,29,54,20,24,0,44,98,NO,1,0,YES,Milwaukee,28,27,55,27,27,0,54,109,YES,0,1,NO,109,98,207,109.14,97.39,206.52,-1.5,206
1996,16-Feb,06:00PM,Fri,Chicago,32,23,55,31,17,0,48,103,NO,0,1,NO,Minnesota,26,21,47,30,23,0,53,100,NO,1,1,YES,102,101,203,102.14,100.39,202.52,8,193
1996,16-Feb,07:00PM,Fri,Phoenix,24,25,49,26,24,0,50,99,NO,0,2,YES,Seattle,23,33,56,27,34,0,61,117,YES,1,1,NO,105,111,216,105.14,110.39,215.52,-8.5,202
1996,16-Feb,07:00PM,Fri,Atlanta,38,15,53,30,27,0,57,110,NO,1,1,NO,Vancouver,24,29,53,15,32,0,47,100,NO,1,1,NO,106,104,210,106.14,103.39,209.52,7,181
1996,16-Feb,04:30PM,Fri,Dallas,24,28,52,35,27,0,62,114,NO,0,2,YES,LAL,32,21,53,31,35,0,66,119,NO,3,1,NO,105,128,233,105.14,127.39,232.52,-10,214
1996,16-Feb,07:30PM,Fri,Philadelphia,16,25,41,23,20,0,43,84,YES,1,0,NO,New York,40,21,61,25,30,0,55,116,YES,0,1,YES,102,98,200,102.14,97.39,199.52,-10.5,194
1996,16-Feb,07:30PM,Fri,Milwaukee,25,23,48,17,26,0,43,91,YES,0,1,NO,Orlando,40,24,64,24,33,0,57,121,YES,0,2,NO,112,100,212,112.14,99.39,211.52,-13.5,202
1996,16-Feb,04:30PM,Fri,Boston,35,35,70,27,33,0,60,130,NO,1,1,NO,Sacramento,21,22,43,34,25,0,59,102,YES,2,1,YES,113,119,232,113.14,118.39,231.52,-6.5,207
1996,16-Feb,06:30PM,Fri,Golden State,31,23,54,16,25,0,41,95,YES,1,2,NO,San Antonio,32,32,64,21,28,0,49,113,NO,1,0,YES,118,90,208,118.14,89.39,207.52,-9,213
1996,16-Feb,07:30PM,Fri,Indiana,24,24,48,26,21,0,47,95,NO,1,1,YES,Washington,16,33,49,28,17,0,45,94,YES,1,0,YES,97,92,189,97.14,91.39,188.52,4,200
1996,16-Feb,08:00PM,Fri,Denver,18,32,50,27,23,0,50,100,NO,0,1,YES,Charlotte,25,25,50,29,28,0,57,107,NO,1,1,NO,100,107,207,100.14,106.39,206.52,-7,210.5
1996,17-Feb,07:30PM,Sat,Philadelphia,21,25,46,19,17,0,36,82,NO,0,2,NO,Cleveland,23,27,50,23,24,0,47,97,NO,1,1,YES,96,83,179,96.14,82.39,178.52,-12,188
1996,17-Feb,07:30PM,Sat,Toronto,20,26,46,20,29,0,49,95,YES,1,4,NO,Detroit,23,30,53,27,28,0,55,108,NO,1,1,NO,99,104,203,99.14,103.39,202.52,-8.5,184
1996,17-Feb,04:30PM,Sat,Portland,25,29,54,19,23,0,42,96,YES,1,0,YES,LAC,26,21,47,24,29,0,53,100,YES,2,3,NO,101,95,196,101.14,94.39,195.52,5.5,202
1996,17-Feb,07:30PM,Sat,Orlando,29,26,55,19,21,0,40,95,YES,0,2,YES,Miami,22,19,41,29,23,0,52,93,YES,1,1,NO,96,92,188,96.14,91.39,187.52,3.5,199
1996,17-Feb,07:30PM,Sat,New York,22,24,46,17,14,0,31,77,YES,0,2,YES,New Jersey,21,24,45,14,23,0,37,82,YES,1,2,NO,91,68,159,91.14,67.39,158.52,3,185
1996,18-Feb,12:30PM,Sun,Seattle,23,24,47,35,36,0,71,118,YES,1,0,YES,Vancouver,32,20,52,25,32,0,57,109,YES,0,1,NO,99,128,227,99.14,127.39,226.52,,
1996,18-Feb,01:00PM,Sun,Chicago,25,28,53,30,27,0,57,110,NO,1,1,YES,Indiana,29,22,51,23,28,0,51,102,NO,2,1,YES,104,108,212,104.14,107.39,211.52,4,194
1996,18-Feb,01:30PM,Sun,Washington,24,24,48,32,28,0,60,108,YES,1,0,YES,Minnesota,20,22,42,26,28,0,54,96,YES,0,1,NO,90,114,204,90.14,113.39,203.52,-2.5,200
1996,18-Feb,01:30PM,Sun,Houston,32,17,49,21,9,0,30,79,YES,2,0,YES,San Antonio,19,18,37,28,28,0,56,93,YES,1,1,NO,86,86,172,86.14,85.39,171.52,-4.5,205
1996,18-Feb,03:30PM,Sun,Milwaukee,28,22,50,24,25,0,49,99,NO,1,1,NO,Charlotte,28,31,59,38,25,0,63,122,NO,2,1,NO,109,112,221,109.14,111.39,220.52,-8,212
1996,18-Feb,05:00PM,Sun,Boston,19,17,36,31,26,0,57,93,NO,1,1,NO,Denver,30,19,49,33,35,0,68,117,YES,3,1,YES,85,125,210,85.14,124.39,209.52,0,0
1996,18-Feb,04:00PM,Sun,Atlanta,32,14,46,19,28,0,47,93,NO,1,0,NO,Portland,26,23,49,24,17,0,41,90,NO,1,0,YES,95,88,183,95.14,87.39,182.52,-3.5,190
1996,19-Feb,01:00PM,Mon,New Jersey,21,24,45,25,29,0,54,99,YES,1,1,NO,Washington,24,18,42,22,17,0,39,81,YES,1,0,YES,87,93,180,87.14,92.39,179.52,-5,195
1996,19-Feb,03:30PM,Mon,Miami,17,16,33,19,18,0,37,70,YES,1,1,NO,Cleveland,17,14,31,18,24,0,42,73,YES,0,1,NO,64,79,143,64.14,78.39,142.52,-5.5,178
1996,19-Feb,04:00PM,Mon,Vancouver,21,20,41,30,14,9,44,85,YES,0,5,YES,Phoenix,24,21,45,24,16,13,40,85,NO,1,2,YES,86,84,170,86.14,83.39,169.52,-14.5,199.5
1996,19-Feb,07:00PM,Mon,Atlanta,25,29,54,13,27,0,40,94,NO,0,2,YES,Seattle,25,28,53,31,18,0,49,102,NO,2,0,YES,107,89,196,107.14,88.39,195.52,-9,192
1996,19-Feb,06:30PM,Mon,Golden State,34,35,69,24,19,0,43,112,NO,2,1,YES,Dallas,28,26,54,20,26,0,46,100,NO,1,2,YES,123,89,212,123.14,88.39,211.52,-1.5,217
1996,19-Feb,07:30PM,Mon,Minnesota,26,19,45,17,21,0,38,83,YES,0,1,YES,Detroit,33,29,62,29,22,0,51,113,NO,1,1,NO,107,89,196,107.14,88.39,195.52,-8,189
1996,19-Feb,06:30PM,Mon,Sacramento,23,26,49,25,29,8,54,103,YES,2,1,NO,Houston,23,28,51,29,23,15,52,103,YES,1,0,YES,100,106,206,100.14,105.39,205.52,0,0
1996,20-Feb,06:00PM,Tue,Cleveland,19,15,34,24,18,0,42,76,YES,0,1,YES,Chicago,21,22,43,26,33,0,59,102,YES,1,1,YES,77,101,178,77.14,100.39,177.52,-10.5,188
1996,20-Feb,04:00PM,Tue,San Antonio,32,20,52,38,18,0,56,108,YES,1,0,NO,Portland,15,42,57,26,22,0,48,105,NO,1,1,NO,109,104,213,109.14,103.39,212.52,2.5,190
1996,20-Feb,05:00PM,Tue,Boston,24,19,43,16,39,0,55,98,NO,1,0,NO,Utah,29,32,61,30,21,0,51,112,NO,1,4,NO,104,106,210,104.14,105.39,209.52,-11.5,211
1996,20-Feb,04:30PM,Tue,LAC,34,31,65,19,20,0,39,104,YES,2,0,YES,LAL,31,26,57,41,23,0,64,121,YES,0,3,NO,122,103,225,122.14,102.39,224.52,-11,210
1996,20-Feb,07:30PM,Tue,Milwaukee,24,25,49,25,18,0,43,92,NO,1,0,YES,New York,18,28,46,18,23,0,41,87,YES,0,2,YES,95,84,179,95.14,83.39,178.52,-10,195
1996,20-Feb,07:30PM,Tue,Philadelphia,16,17,33,27,44,0,71,104,NO,2,0,YES,Orlando,33,31,64,26,33,0,59,123,YES,0,2,YES,97,130,227,97.14,129.39,226.52,-16,206
1996,21-Feb,06:00PM,Wed,Houston,27,32,59,19,23,0,42,101,YES,1,0,NO,Minnesota,23,34,57,29,34,0,63,120,NO,1,1,YES,116,105,221,116.14,104.39,220.52,0,0
1996,21-Feb,04:00PM,Wed,Boston,29,29,58,26,23,0,49,107,NO,0,3,NO,Phoenix,40,27,67,27,26,0,53,120,NO,1,1,NO,125,102,227,125.14,101.39,226.52,-10,214
1996,21-Feb,07:30PM,Wed,Washington,33,27,60,14,18,0,32,92,YES,1,1,YES,Charlotte,28,15,43,29,24,0,53,96,YES,1,2,NO,103,85,188,103.14,84.39,187.52,-7,216
1996,21-Feb,06:30PM,Wed,Sacramento,29,18,47,23,21,0,44,91,NO,1,1,YES,Dallas,27,23,50,17,26,0,43,93,NO,1,1,NO,97,87,184,97.14,86.39,183.52,1,214
1996,21-Feb,07:30PM,Wed,New York,21,35,56,23,26,8,49,105,YES,0,1,YES,Detroit,29,29,58,29,18,5,47,105,YES,1,1,NO,114,96,210,114.14,95.39,209.52,-3.5,182
1996,21-Feb,04:30PM,Wed,San Antonio,23,21,44,27,21,0,48,92,NO,0,1,NO,Golden State,21,20,41,27,27,0,54,95,YES,0,1,YES,85,102,187,85.14,101.39,186.52,2.5,216
1996,21-Feb,04:30PM,Wed,LAL,37,23,60,32,20,0,52,112,YES,0,1,NO,LAC,28,30,58,27,23,0,50,108,YES,2,0,YES,118,102,220,118.14,101.39,219.52,5,211
1996,21-Feb,06:30PM,Wed,New Jersey,22,19,41,26,20,7,46,87,NO,1,2,NO,Milwaukee,22,17,39,23,25,5,48,87,NO,1,0,YES,80,94,174,80.14,93.39,173.52,-2,189
1996,21-Feb,07:30PM,Wed,Miami,18,10,28,17,21,0,38,66,NO,1,1,YES,Philadelphia,13,20,33,11,13,0,24,57,YES,1,0,YES,61,62,123,61.14,61.39,122.52,7,187
1996,21-Feb,08:00PM,Wed,Orlando,21,26,47,28,24,0,52,99,YES,0,1,NO,Indiana,20,22,42,32,23,0,55,97,NO,1,2,NO,89,107,196,89.14,106.39,195.52,-3,200
1996,22-Feb,04:00PM,Thu,Denver,12,26,38,16,24,0,40,78,YES,3,1,YES,Portland,28,20,48,35,24,0,59,107,NO,2,1,NO,86,99,185,86.14,98.39,184.52,-5.5,0
1996,22-Feb,07:00PM,Thu,Golden State,19,21,40,23,27,0,50,90,YES,0,1,YES,Seattle,25,30,55,24,27,0,51,106,NO,1,2,NO,95,101,196,95.14,100.39,195.52,-12,209
1996,22-Feb,05:00PM,Thu,Toronto,16,22,38,25,23,0,48,86,NO,4,0,NO,Utah,24,13,37,32,33,0,65,102,YES,1,1,NO,75,113,188,75.14,112.39,187.52,-13.5,201
1996,22-Feb,07:30PM,Thu,Chicago,25,16,41,33,22,0,55,96,YES,1,0,NO,Atlanta,29,25,54,17,20,0,37,91,YES,0,2,YES,95,92,187,95.14,91.39,186.52,7,195
1996,22-Feb,07:30PM,Thu,Houston,21,17,38,25,23,0,48,86,NO,0,1,YES,Cleveland,17,22,39,24,17,0,41,80,NO,1,1,YES,77,89,166,77.14,88.39,165.52,-3.5,183
1996,23-Feb,06:00PM,Fri,LAL,35,25,60,31,23,0,54,114,NO,1,0,NO,Dallas,27,20,47,22,19,0,41,88,NO,1,1,NO,107,95,202,107.14,94.39,201.52,3.5,216
1996,23-Feb,06:00PM,Fri,Detroit,16,25,41,29,23,0,52,93,YES,1,1,NO,Minnesota,31,22,53,18,23,0,41,94,NO,1,1,NO,94,93,187,94.14,92.39,186.52,3.5,187
1996,23-Feb,04:00PM,Fri,Toronto,25,22,47,28,30,0,58,105,NO,0,1,NO,Phoenix,32,22,54,32,24,0,56,110,NO,1,1,NO,101,114,215,101.14,113.39,214.52,-13,206
1996,23-Feb,07:30PM,Fri,Philadelphia,27,23,50,18,27,0,45,95,YES,1,1,NO,Indiana,24,26,50,23,29,0,52,102,YES,0,1,NO,100,97,197,100.14,96.39,196.52,-15,199
1996,23-Feb,07:30PM,Fri,Chicago,21,23,44,24,36,0,60,104,NO,0,1,YES,Miami,31,31,62,29,22,0,51,113,NO,1,1,YES,106,111,217,106.14,110.39,216.52,0,0
1996,23-Feb,06:30PM,Fri,Orlando,34,34,68,29,18,0,47,115,NO,1,1,NO,Milwaukee,21,22,43,28,31,0,59,102,YES,1,1,NO,111,106,217,111.14,105.39,216.52,7,202
1996,23-Feb,07:30PM,Fri,Atlanta,35,28,63,27,18,0,45,108,YES,0,1,NO,New York,25,27,52,22,23,0,45,97,YES,1,1,YES,115,90,205,115.14,89.39,204.52,0,0
1996,23-Feb,04:30PM,Fri,San Antonio,21,34,55,25,32,0,57,112,NO,1,1,NO,Sacramento,26,23,49,18,38,0,56,105,YES,0,1,YES,104,113,217,104.14,112.39,216.52,0,0
1996,23-Feb,07:30PM,Fri,Charlotte,21,23,44,26,30,0,56,100,YES,1,0,YES,Washington,26,26,52,24,18,0,42,94,NO,1,1,YES,96,98,194,96.14,97.39,193.52,3,215
1996,24-Feb,05:00PM,Sat,Utah,25,18,43,14,33,0,47,90,YES,1,1,YES,Denver,26,23,49,15,35,0,50,99,NO,2,1,YES,92,97,189,92.14,96.39,188.52,4,199
1996,24-Feb,07:00PM,Sat,Sacramento,28,17,45,17,29,0,46,91,YES,0,1,YES,Seattle,29,26,55,26,23,0,49,104,YES,0,1,NO,100,95,195,100.14,94.39,194.52,-12.5,208
1996,24-Feb,07:30PM,Sat,Indiana,20,29,49,32,23,0,55,104,YES,0,1,NO,Charlotte,24,27,51,15,24,0,39,90,YES,2,0,YES,100,94,194,100.14,93.39,193.52,1,205
1996,24-Feb,07:30PM,Sat,New Jersey,16,15,31,23,20,0,43,74,NO,2,0,YES,Cleveland,25,25,50,25,28,0,53,103,NO,2,1,NO,81,96,177,81.14,95.39,176.52,-7,172
1996,24-Feb,04:30PM,Sat,LAC,18,29,47,12,21,0,33,80,YES,2,0,YES,Golden State,15,28,43,22,21,0,43,86,YES,2,1,YES,90,76,166,90.14,75.39,165.52,-9,211
1996,24-Feb,06:30PM,Sat,LAL,17,25,42,32,20,0,52,94,NO,0,1,YES,Houston,26,24,50,15,31,0,46,96,NO,2,1,YES,92,98,190,92.14,97.39,189.52,-3.5,205
1996,25-Feb,11:00AM,Sun,Orlando,30,23,53,17,21,0,38,91,NO,1,2,YES,Chicago,28,25,53,21,37,0,58,111,NO,1,1,YES,106,96,202,106.14,95.39,201.52,-7.5,203
1996,25-Feb,12:30PM,Sun,San Antonio,21,22,43,22,30,0,52,95,NO,1,1,NO,Vancouver,27,10,37,26,21,0,47,84,NO,2,5,YES,80,99,179,80.14,98.39,178.52,10,191
1996,25-Feb,01:00PM,Sun,Milwaukee,25,21,46,23,34,0,57,103,YES,1,1,YES,Washington,27,29,56,23,32,0,55,111,YES,1,1,NO,102,112,214,102.14,111.39,213.52,-5.5,203
1996,25-Feb,10:30AM,Sun,New York,26,34,60,17,28,0,45,105,YES,1,0,NO,Phoenix,36,25,61,24,28,0,52,113,YES,0,1,NO,121,97,218,121.14,96.39,217.52,-8,198
1996,25-Feb,01:30PM,Sun,Atlanta,19,25,44,29,19,0,48,92,NO,1,2,YES,Minnesota,22,25,47,18,11,0,29,76,YES,1,1,NO,91,77,168,91.14,76.39,167.52,3,195
1996,25-Feb,12:00PM,Sun,Detroit,22,28,50,11,32,0,43,93,NO,1,0,NO,Portland,27,11,38,23,20,0,43,81,YES,1,2,NO,88,86,174,88.14,85.39,173.52,-1.5,183
1996,25-Feb,03:00PM,Sun,Seattle,23,25,48,30,28,0,58,106,YES,0,2,YES,LAC,18,22,40,31,30,0,61,101,NO,1,0,YES,88,119,207,88.14,118.39,206.52,8.5,204
1996,25-Feb,06:00PM,Sun,Philadelphia,22,38,60,19,22,0,41,101,NO,1,1,NO,Miami,27,25,52,38,18,0,56,108,YES,1,1,NO,112,97,209,112.14,96.39,208.52,-12.5,189
1996,25-Feb,06:00PM,Sun,Toronto,23,23,46,23,29,0,52,98,NO,1,1,NO,Dallas,28,27,55,19,31,0,50,105,NO,1,1,NO,101,102,203,101.14,101.39,202.52,-5.5,207
1996,25-Feb,07:00PM,Sun,Boston,26,27,53,28,24,0,52,105,NO,3,0,YES,New Jersey,26,35,61,28,22,0,50,111,NO,1,0,YES,114,102,216,114.14,101.39,215.52,-4,198
1996,26-Feb,05:00PM,Mon,Phoenix,15,29,44,27,16,0,43,87,YES,0,1,NO,Utah,26,34,60,25,25,0,50,110,NO,1,1,YES,104,93,197,104.14,92.39,196.52,-9,208
1996,26-Feb,07:30PM,Mon,Indiana,32,21,53,22,29,18,51,104,NO,1,0,YES,Boston,27,23,50,24,30,15,54,104,NO,1,0,YES,103,105,208,103.14,104.39,207.52,6,203.5
1996,26-Feb,04:30PM,Mon,New York,22,31,53,22,21,0,43,96,NO,0,1,NO,LAL,36,25,61,29,24,0,53,114,YES,1,1,YES,114,96,210,114.14,95.39,209.52,0,0
1996,26-Feb,04:30PM,Mon,Detroit,21,22,43,25,25,0,50,93,NO,0,1,NO,Sacramento,20,18,38,20,20,0,40,78,NO,1,1,YES,81,90,171,81.14,89.39,170.52,-2,190.5
1996,27-Feb,05:00PM,Tue,Washington,18,18,36,24,32,0,56,92,YES,1,0,NO,Denver,19,28,47,23,26,0,49,96,NO,1,2,NO,83,105,188,83.14,104.39,187.52,-5.5,199
1996,27-Feb,06:00PM,Tue,Charlotte,24,6,30,32,26,0,58,88,YES,2,0,NO,Milwaukee,26,20,46,10,28,0,38,84,NO,1,1,YES,76,96,172,76.14,95.39,171.52,2,211
1996,27-Feb,06:30PM,Tue,Minnesota,25,30,55,21,23,0,44,99,YES,1,0,YES,Chicago,29,29,58,24,38,0,62,120,NO,2,1,NO,113,106,219,113.14,105.39,218.52,-16.5,199
1996,27-Feb,07:30PM,Tue,Golden State,18,20,38,21,21,0,42,80,YES,2,1,NO,Cleveland,23,29,52,18,22,0,40,92,YES,1,2,NO,90,82,172,90.14,81.39,171.52,-6,189
1996,27-Feb,06:30PM,Tue,Philadelphia,31,27,58,31,32,0,63,121,NO,1,1,NO,Dallas,19,28,47,31,37,0,68,115,YES,1,1,NO,105,131,236,105.14,130.39,235.52,-5.5,209
1996,27-Feb,06:30PM,Tue,Toronto,28,25,53,21,26,0,47,100,NO,1,1,NO,Houston,25,31,56,22,27,0,49,105,NO,1,2,NO,109,96,205,109.14,95.39,204.52,-12,198
1996,27-Feb,07:30PM,Tue,Portland,16,22,38,19,30,0,49,87,YES,1,0,NO,Indiana,36,26,62,17,22,0,39,101,NO,1,0,YES,100,88,188,100.14,87.39,187.52,-7,190
1996,27-Feb,04:30PM,Tue,San Antonio,26,18,44,27,19,0,46,90,NO,1,1,YES,LAC,25,24,49,21,25,0,46,95,NO,1,1,NO,93,92,185,93.14,91.39,184.52,7.5,206
1996,27-Feb,07:30PM,Tue,Miami,22,21,43,29,21,0,50,93,YES,1,0,NO,New Jersey,26,24,50,23,17,0,40,90,NO,1,1,NO,93,90,183,93.14,89.39,182.52,-1.5,189
1996,28-Feb,05:00PM,Wed,Detroit,22,26,48,16,16,0,32,80,NO,1,1,NO,Seattle,19,17,36,32,26,0,58,94,YES,1,2,YES,84,90,174,84.14,89.39,173.52,-10,188.5
1996,28-Feb,06:00PM,Wed,Phoenix,25,27,52,34,31,0,65,117,NO,1,1,YES,Minnesota,30,25,55,14,24,0,38,93,NO,1,0,YES,107,103,210,107.14,102.39,209.52,4.5,203.5
1996,28-Feb,05:00PM,Wed,Washington,27,22,49,25,19,0,44,93,NO,0,1,NO,Utah,33,27,60,33,22,0,55,115,NO,1,1,NO,109,99,208,109.14,98.39,207.52,-13.5,204
1996,28-Feb,07:00PM,Wed,LAL,23,33,56,14,29,0,43,99,YES,1,1,YES,Vancouver,23,20,43,19,18,0,37,80,NO,1,2,NO,99,80,179,99.14,79.39,178.52,0,0
1996,28-Feb,07:30PM,Wed,Portland,8,28,36,24,28,0,52,88,NO,0,1,NO,Atlanta,23,24,47,18,25,0,43,90,NO,1,2,YES,83,95,178,83.14,94.39,177.52,-8.5,187
1996,28-Feb,07:30PM,Wed,Charlotte,25,30,55,29,30,2,59,114,NO,0,1,NO,Boston,35,27,62,23,29,7,52,114,NO,1,1,NO,117,111,228,117.14,110.39,227.52,-3,215.5
1996,28-Feb,07:30PM,Wed,Miami,29,29,58,31,23,0,54,112,NO,0,1,YES,Orlando,39,27,66,25,25,0,50,116,YES,0,2,YES,124,104,228,124.14,103.39,227.52,-10.5,197
1996,28-Feb,04:30PM,Wed,New York,25,22,47,24,14,0,38,85,NO,1,1,NO,Sacramento,16,22,38,20,32,0,52,90,YES,0,1,NO,85,90,175,85.14,89.39,174.52,0,0
1996,Feb-29,05:00PM,Thu,Dallas,35,46,81,20,36,0,56,137,YES,1,0,NO,Denver,27,34,61,26,33,0,59,120,NO,1,1,NO,142,115,257,,,,-8.5,208
1996,Feb-29,06:30PM,Thu,Philadelphia,23,20,43,30,22,0,52,95,NO,1,1,NO,Houston,25,27,52,23,34,0,57,109,YES,2,1,NO,95,109,204,,,,-11,202
1996,Feb-29,07:30PM,Thu,Golden State,23,19,42,23,20,0,43,85,NO,1,0,NO,Indiana,28,22,50,18,26,0,44,94,NO,2,1,NO,92,87,179,,,,-9,197
1996,Feb-29,04:30PM,Thu,Sacramento,27,24,51,34,25,0,59,110,YES,0,2,YES,LAC,26,41,67,25,30,0,55,122,NO,1,1,NO,118,114,232,,,,-1.5,203
1996,Feb-29,06:30PM,Thu,Cleveland,18,24,42,25,28,0,53,95,YES,1,0,NO,Milwaukee,25,20,45,18,23,0,41,86,NO,1,1,NO,87,94,181,,,,3,178
1996,Feb-29,07:30PM,Thu,Orlando,29,25,54,32,28,0,60,114,YES,0,1,YES,New Jersey,20,25,45,20,33,0,53,98,NO,1,1,NO,99,113,212,,,,4.5,193
1996,Feb-29,06:30PM,Thu,Toronto,24,18,42,23,30,0,53,95,NO,1,2,NO,San Antonio,32,39,71,24,25,0,49,120,NO,1,1,YES,113,102,215,,,,-12.5,200
1996,1-Mar,04:00PM,Fri,New York,27,27,54,22,12,0,34,88,NO,1,1,YES,Utah,24,25,49,22,28,0,50,99,YES,3,1,NO,103,84,187,103.14,83.39,186.52,-8.5,196
1996,1-Mar,06:00PM,Fri,Charlotte,34,27,61,18,22,0,40,101,NO,1,1,NO,Minnesota,16,34,50,28,27,0,55,105,NO,1,1,NO,111,95,206,111.14,94.39,205.52,3.5,206
1996,1-Mar,04:00PM,Fri,Detroit,24,27,51,17,34,0,51,102,NO,1,0,NO,Phoenix,23,23,46,24,27,0,51,97,YES,1,1,YES,97,102,199,97.14,101.39,198.52,-6.5,194
1996,1-Mar,07:00PM,Fri,Dallas,26,32,58,35,26,0,61,119,NO,0,1,YES,Vancouver,25,23,48,31,32,0,63,111,YES,0,1,NO,106,124,230,106.14,123.39,229.52,2,201.5
1996,1-Mar,07:30PM,Fri,Cleveland,18,20,38,8,22,0,30,68,NO,0,1,YES,Atlanta,23,14,37,20,17,0,37,74,YES,0,1,NO,75,67,142,75.14,66.39,141.52,0,0
1996,1-Mar,07:30PM,Fri,Seattle,30,28,58,28,20,0,48,106,YES,1,0,NO,Boston,32,26,58,13,25,0,38,96,YES,0,1,NO,116,86,202,116.14,85.39,201.52,7,211
1996,1-Mar,06:30PM,Fri,Golden State,19,27,46,19,22,0,41,87,NO,0,1,NO,Chicago,22,29,51,27,32,0,59,110,NO,0,2,NO,97,100,197,97.14,99.39,196.52,-15.5,203
1996,1-Mar,04:30PM,Fri,Washington,29,27,56,21,18,0,39,95,NO,1,1,NO,LAL,41,24,65,14,21,0,35,100,NO,1,1,YES,121,74,195,121.14,73.39,194.52,0,0
1996,1-Mar,07:30PM,Fri,Portland,27,26,53,23,26,0,49,102,NO,1,0,NO,Miami,25,23,48,10,30,0,40,88,YES,1,1,YES,101,89,190,101.14,88.39,189.52,-7.5,190
1996,2-Mar,05:00PM,Sat,Vancouver,25,21,46,12,24,0,36,82,YES,0,1,YES,Denver,32,29,61,17,30,0,47,108,NO,1,1,NO,107,83,190,107.14,82.39,189.52,-10.5,190
1996,2-Mar,06:30PM,Sat,Boston,21,18,39,16,20,0,36,75,YES,0,1,YES,Chicago,25,32,57,19,31,0,50,107,NO,2,0,NO,96,86,182,96.14,85.39,181.52,-15.5,207
1996,2-Mar,04:30PM,Sat,Detroit,30,19,49,29,29,0,58,107,NO,0,1,YES,LAC,29,24,53,20,30,0,50,103,YES,2,1,NO,102,108,210,102.14,107.39,209.52,2,194
1996,2-Mar,06:30PM,Sat,Atlanta,31,30,61,25,20,0,45,106,YES,0,1,NO,Milwaukee,17,33,50,36,24,0,60,110,YES,1,1,NO,111,105,216,111.14,104.39,215.52,3,183
1996,2-Mar,07:30PM,Sat,Seattle,29,22,51,26,26,0,52,103,NO,0,2,NO,New Jersey,25,25,50,16,26,0,42,92,YES,2,1,NO,101,94,195,101.14,93.39,194.52,,
1996,2-Mar,07:30PM,Sat,Portland,33,22,55,19,15,0,34,89,NO,0,2,YES,Orlando,26,32,58,34,23,0,57,115,YES,1,1,YES,113,91,204,113.14,90.39,203.52,-13,204
1996,2-Mar,06:30PM,Sat,Philadelphia,23,30,53,20,28,0,48,101,NO,1,1,YES,San Antonio,35,17,52,33,30,0,63,115,YES,1,1,NO,105,111,216,105.14,110.39,215.52,-15,204
1996,3-Mar,11:00AM,Sun,Phoenix,39,29,68,27,26,0,53,121,YES,1,1,YES,Dallas,33,26,59,25,30,0,55,114,NO,1,1,YES,127,108,235,127.14,107.39,234.52,4.5,218
1996,3-Mar,09:30AM,Sun,Houston,31,28,59,28,24,0,52,111,YES,2,1,NO,LAL,21,27,48,30,29,0,59,107,YES,3,1,NO,107,111,218,107.14,110.39,217.52,-6,203
1996,3-Mar,01:30PM,Sun,Miami,18,27,45,20,22,0,42,87,YES,1,1,YES,Minnesota,28,20,48,20,21,0,41,89,YES,1,1,NO,93,83,176,93.14,82.39,175.52,3.5,192
1996,3-Mar,03:00PM,Sun,Toronto,27,32,59,18,23,0,41,100,NO,2,1,YES,Cleveland,20,19,39,26,24,0,50,89,NO,1,1,YES,98,91,189,98.14,90.39,188.52,0,0
1996,3-Mar,03:30PM,Sun,Charlotte,30,17,47,33,20,0,53,100,NO,1,1,YES,Indiana,34,21,55,23,25,0,48,103,YES,1,2,NO,102,101,203,102.14,100.39,202.52,-8,203
1996,3-Mar,06:00PM,Sun,Golden State,16,23,39,30,25,0,55,94,NO,1,1,YES,New York,28,24,52,38,19,0,57,109,NO,1,1,YES,91,112,203,91.14,111.39,202.52,-6,193
1996,3-Mar,03:00PM,Sun,Washington,28,28,56,33,19,0,52,108,NO,1,0,NO,Sacramento,29,25,54,24,21,0,45,99,NO,1,2,YES,110,97,207,110.14,96.39,206.52,-3.5,202
1996,4-Mar,05:00PM,Mon,San Antonio,24,29,53,27,21,0,48,101,YES,1,1,YES,Denver,27,25,52,19,19,0,38,90,YES,1,1,NO,105,86,191,105.14,85.39,190.52,-4,207
1996,4-Mar,07:00PM,Mon,Washington,24,16,40,29,27,0,56,96,NO,0,1,YES,Vancouver,21,17,38,25,18,0,43,81,YES,0,1,YES,78,99,177,78.14,98.39,176.52,0,0
1996,4-Mar,07:30PM,Mon,Milwaukee,25,18,43,23,32,0,55,98,YES,1,0,NO,Boston,22,31,53,24,28,0,52,105,NO,1,1,YES,96,107,203,96.14,106.39,202.52,10,209
1996,4-Mar,07:30PM,Mon,Atlanta,28,23,51,19,23,0,42,93,NO,1,2,NO,Detroit,29,19,48,26,25,0,51,99,YES,0,1,YES,99,93,192,99.14,92.39,191.52,4,200
1996,4-Mar,07:30PM,Mon,Orlando,33,37,70,26,14,0,40,110,YES,1,0,NO,Philadelphia,25,17,42,25,30,0,55,97,NO,1,1,YES,112,95,207,112.14,94.39,206.52,-5,183
1996,5-Mar,04:00PM,Tue,Indiana,29,20,49,25,21,0,46,95,YES,1,0,NO,Phoenix,39,26,65,17,26,0,43,108,YES,1,1,YES,114,89,203,114.14,88.39,202.52,-3,204
1996,5-Mar,04:00PM,Tue,Houston,30,25,55,19,26,0,45,100,NO,1,1,NO,Portland,21,24,45,25,23,0,48,93,NO,2,2,YES,100,93,193,100.14,92.39,192.52,2,195
1996,5-Mar,07:00PM,Tue,Detroit,16,15,31,35,39,0,74,105,YES,0,1,NO,Toronto,25,17,42,25,17,0,42,84,NO,0,1,YES,73,116,189,73.14,115.39,188.52,2.5,184
1996,5-Mar,06:30PM,Tue,Milwaukee,17,27,44,27,35,0,62,106,NO,0,2,NO,Chicago,34,22,56,38,21,0,59,115,NO,1,2,NO,100,121,221,100.14,120.39,220.52,-17,202
1996,5-Mar,07:30PM,Tue,Seattle,21,21,42,22,19,24,41,83,NO,2,0,NO,Cleveland,16,21,37,23,23,18,46,83,NO,1,1,NO,79,87,166,79.14,86.39,165.52,0,0
1996,5-Mar,06:30PM,Tue,New Jersey,35,31,66,22,29,0,51,117,YES,2,2,NO,Dallas,35,26,61,34,32,0,66,127,YES,1,1,NO,127,117,244,127.14,116.39,243.52,-2,206
1996,5-Mar,04:30PM,Tue,Vancouver,26,16,42,20,16,0,36,78,YES,0,2,YES,Golden State,30,26,56,27,27,0,54,110,NO,1,1,YES,98,90,188,98.14,89.39,187.52,-11.5,193
1996,5-Mar,07:30PM,Tue,Minnesota,14,22,36,12,24,0,36,72,YES,1,0,NO,Miami,33,27,60,28,25,0,53,113,NO,2,1,YES,96,89,185,96.14,88.39,184.52,-9.5,194
1996,5-Mar,07:30PM,Tue,LAC,22,22,44,28,33,0,61,105,YES,2,0,NO,New York,22,19,41,27,20,0,47,88,YES,0,1,NO,85,108,193,85.14,107.39,192.52,-10,198
1996,5-Mar,04:30PM,Tue,Utah,20,33,53,21,38,0,59,112,YES,3,0,YES,Sacramento,25,18,43,25,29,0,54,97,NO,1,1,NO,96,113,209,96.14,112.39,208.52,6.5,202
1996,5-Mar,08:00PM,Tue,Orlando,38,28,66,24,33,0,57,123,NO,0,2,YES,Charlotte,29,24,53,23,21,0,44,97,NO,1,1,YES,119,101,220,119.14,100.39,219.52,3.5,214
1996,6-Mar,06:00PM,Wed,Denver,25,25,50,15,25,0,40,90,YES,1,0,YES,San Antonio,20,31,51,26,23,0,49,100,NO,1,1,YES,101,89,190,101.14,88.39,189.52,0,0
1996,6-Mar,05:00PM,Wed,Indiana,17,27,44,33,17,0,50,94,NO,0,1,NO,Utah,30,24,54,24,23,0,47,101,NO,1,0,YES,98,97,195,98.14,96.39,194.52,0,0
1996,6-Mar,07:00PM,Wed,New York,28,27,55,17,17,0,34,89,YES,0,1,NO,Toronto,23,15,38,20,24,0,44,82,YES,1,0,NO,93,78,171,93.14,77.39,170.52,3.5,190
1996,6-Mar,07:30PM,Wed,LAC,26,33,59,19,19,0,38,97,NO,0,1,NO,Boston,30,33,63,26,21,0,47,110,NO,1,1,NO,122,85,207,122.14,84.39,206.52,-5.5,213
1996,6-Mar,07:30PM,Wed,Minnesota,27,21,48,23,32,0,55,103,NO,0,1,YES,Philadelphia,27,24,51,17,22,0,39,90,NO,1,1,NO,99,94,193,99.14,93.39,192.52,-2,198
1996,6-Mar,07:30PM,Wed,Seattle,22,16,38,23,27,0,50,88,NO,0,1,NO,Washington,20,26,46,32,21,0,53,99,NO,1,1,YES,84,103,187,84.14,102.39,186.52,0,0
1996,7-Mar,05:00PM,Thu,Phoenix,23,27,50,27,15,0,42,92,YES,1,0,YES,Denver,24,25,49,28,26,0,54,103,NO,1,0,YES,99,96,195,99.14,95.39,194.52,0,0
1996,7-Mar,07:30PM,Thu,Dallas,24,24,48,26,31,0,57,105,YES,1,1,NO,Charlotte,35,32,67,32,20,0,52,119,YES,0,1,NO,115,109,224,115.14,108.39,223.52,0,0
1996,7-Mar,06:30PM,Thu,Detroit,15,25,40,28,13,0,41,81,NO,1,1,YES,Chicago,23,21,44,32,26,0,58,102,YES,2,1,NO,84,99,183,84.14,98.39,182.52,-12.5,194
1996,7-Mar,07:30PM,Thu,Atlanta,24,14,38,25,20,0,45,83,NO,2,0,YES,Cleveland,26,17,43,17,12,0,29,72,YES,0,1,NO,81,74,155,81.14,73.39,154.52,1,168
1996,7-Mar,04:30PM,Thu,Houston,21,17,38,26,22,0,48,86,NO,1,0,NO,Golden State,18,19,37,33,25,0,58,95,YES,1,1,NO,75,106,181,75.14,105.39,180.52,-1,197
1996,7-Mar,04:30PM,Thu,LAL,22,30,52,23,27,0,50,102,YES,3,0,NO,Sacramento,35,20,55,21,13,0,34,89,YES,0,1,NO,107,84,191,107.14,83.39,190.52,6,205
1996,8-Mar,06:00PM,Fri,Seattle,37,29,66,35,31,0,66,132,NO,1,1,YES,Minnesota,33,23,56,25,31,0,56,112,NO,1,1,YES,122,122,244,122.14,121.39,243.52,0,0
1996,8-Mar,04:00PM,Fri,LAL,38,28,66,21,32,0,53,119,NO,0,3,YES,Phoenix,21,25,46,24,27,0,51,97,YES,1,0,YES,112,104,216,112.14,103.39,215.52,-2.5,210
1996,8-Mar,04:00PM,Fri,Sacramento,28,34,62,22,21,0,43,105,YES,0,1,NO,Portland,30,34,64,28,25,0,53,117,NO,1,2,NO,126,96,222,126.14,95.39,221.52,-8,196
1996,8-Mar,05:00PM,Fri,Houston,27,23,50,18,21,0,39,89,NO,0,1,NO,Utah,28,29,57,25,27,0,52,109,YES,1,1,NO,107,91,198,107.14,90.39,197.52,-11.5,195
1996,8-Mar,07:00PM,Fri,Indiana,31,21,52,19,23,0,42,94,NO,1,1,NO,Vancouver,18,28,46,14,20,0,34,80,NO,1,2,YES,98,76,174,98.14,75.39,173.52,10,187
1996,8-Mar,07:30PM,Fri,Milwaukee,26,26,52,23,16,0,39,91,NO,2,1,YES,Atlanta,29,34,63,15,16,0,31,94,YES,1,0,YES,115,70,185,115.14,69.39,184.52,-8.5,190
1996,8-Mar,07:30PM,Fri,Cleveland,26,25,51,26,19,0,45,96,YES,0,1,NO,Boston,19,24,43,18,30,0,48,91,YES,1,1,NO,94,93,187,94.14,92.39,186.52,-2.5,187
1996,8-Mar,07:30PM,Fri,Toronto,17,16,33,20,26,0,46,79,YES,1,1,YES,Miami,35,24,59,30,20,0,50,109,NO,1,2,NO,92,96,188,92.14,95.39,187.52,-11,194
1996,8-Mar,07:30PM,Fri,Charlotte,24,26,50,34,19,9,53,103,YES,0,4,YES,Orlando,27,26,53,29,21,14,50,103,NO,1,2,YES,103,103,206,103.14,102.39,205.52,-13,216.5
1996,8-Mar,07:30PM,Fri,New York,28,29,57,14,21,0,35,92,NO,1,1,YES,Philadelphia,29,22,51,25,24,0,49,100,NO,1,1,NO,108,84,192,108.14,83.39,191.52,7,191
1996,8-Mar,06:30PM,Fri,New Jersey,24,22,46,25,29,0,54,100,NO,2,1,NO,San Antonio,22,24,46,29,40,0,69,115,YES,1,1,NO,92,123,215,92.14,122.39,214.52,-11,196
1996,8-Mar,07:30PM,Fri,LAC,29,23,52,16,24,0,40,92,NO,1,1,NO,Washington,23,24,47,20,22,0,42,89,NO,1,1,NO,99,82,181,99.14,81.39,180.52,-7.5,207
1996,9-Mar,05:00PM,Sat,Golden State,20,22,42,25,21,0,46,88,YES,1,0,YES,Denver,25,30,55,18,29,0,47,102,NO,0,1,NO,97,93,190,97.14,92.39,189.52,-4.5,193
1996,9-Mar,07:30PM,Sat,Dallas,21,27,48,22,21,0,43,91,NO,1,0,NO,Detroit,23,20,43,36,13,0,49,92,NO,1,1,YES,91,92,183,91.14,91.39,182.52,0,0
1996,10-Mar,11:00AM,Sun,Boston,25,33,58,27,25,0,52,110,YES,1,2,YES,Milwaukee,32,23,55,23,25,0,48,103,YES,2,1,YES,113,100,213,113.14,99.39,212.52,-4.5,204
1996,10-Mar,09:00AM,Sun,Indiana,37,18,55,17,28,8,45,100,NO,1,4,YES,Portland,25,26,51,31,18,13,49,100,YES,1,1,NO,106,94,200,106.14,93.39,199.52,1,190
1996,10-Mar,12:00PM,Sun,Houston,28,22,50,18,27,0,45,95,NO,1,3,YES,Vancouver,20,17,37,17,35,0,52,89,YES,0,1,NO,87,97,184,87.14,96.39,183.52,9.5,185
1996,10-Mar,12:30PM,Sun,Phoenix,26,26,52,32,22,0,54,106,YES,1,1,NO,Orlando,28,31,59,27,36,0,63,122,YES,1,1,NO,111,117,228,111.14,116.39,227.52,-9.5,217
1996,10-Mar,01:00PM,Sun,Cleveland,15,21,36,18,27,0,45,81,NO,1,3,YES,Miami,25,19,44,20,24,0,44,88,YES,1,1,NO,80,89,169,80.14,88.39,168.52,-7.5,175
1996,10-Mar,01:00PM,Sun,LAC,25,35,60,20,24,0,44,104,NO,1,0,NO,Philadelphia,27,31,58,23,21,0,44,102,NO,1,1,NO,118,88,206,118.14,87.39,205.52,-1,201
1996,10-Mar,01:00PM,Sun,Utah,37,26,63,20,21,0,41,104,YES,1,1,NO,Minnesota,21,30,51,23,22,0,45,96,NO,2,1,NO,114,86,200,114.14,85.39,199.52,9,197
1996,10-Mar,03:00PM,Sun,Atlanta,22,24,46,18,27,0,45,91,YES,1,1,YES,Washington,20,22,42,27,30,0,57,99,YES,2,1,NO,88,102,190,88.14,101.39,189.52,-2,193
1996,10-Mar,05:00PM,Sun,San Antonio,31,30,61,19,26,0,45,106,YES,1,1,NO,Seattle,34,16,50,33,22,0,55,105,NO,2,1,YES,111,100,211,111.14,99.39,210.52,0,0
1996,10-Mar,05:30PM,Sun,Chicago,19,23,42,18,12,0,30,72,YES,2,2,YES,New York,31,19,50,26,28,0,54,104,YES,2,1,YES,92,84,176,92.14,83.39,175.52,8.5,192
1996,10-Mar,05:00PM,Sun,New Jersey,22,27,49,26,24,0,50,99,NO,1,1,YES,Denver,22,23,45,13,30,0,43,88,NO,1,0,NO,94,93,187,94.14,92.39,186.52,-5,191
1996,10-Mar,04:30PM,Sun,Sacramento,20,27,47,22,27,0,49,96,NO,1,0,YES,Golden State,27,14,41,30,24,0,54,95,NO,1,0,YES,88,103,191,88.14,102.39,190.52,-6.5,198
1996,10-Mar,08:00PM,Sun,Dallas,24,33,57,25,30,0,55,112,NO,0,1,YES,Toronto,36,28,64,32,32,0,64,128,YES,1,1,YES,121,119,240,121.14,118.39,239.52,0,0
1996,11-Mar,07:30PM,Mon,LAC,23,22,45,26,19,0,45,90,NO,0,2,YES,Detroit,27,27,54,25,21,0,46,100,NO,1,1,NO,99,91,190,99.14,90.39,189.52,-10,192.5
1996,11-Mar,04:30PM,Mon,Vancouver,26,15,41,21,26,0,47,88,YES,0,3,YES,Sacramento,30,20,50,20,22,0,42,92,NO,1,0,YES,91,89,180,91.14,88.39,179.52,-10.5,190
1996,12-Mar,04:00PM,Tue,Orlando,20,25,45,16,32,0,48,93,YES,1,0,NO,Denver,27,23,50,30,30,0,60,110,YES,2,1,NO,95,108,203,95.14,107.39,202.52,7.5,203
1996,12-Mar,07:30PM,Tue,Utah,21,22,43,30,16,0,46,89,NO,1,0,NO,Atlanta,24,30,54,27,34,0,61,115,YES,1,1,YES,97,107,204,97.14,106.39,203.52,2.5,191
1996,12-Mar,06:30PM,Tue,Miami,24,39,63,27,35,0,62,125,YES,1,1,NO,Dallas,34,36,70,24,24,0,48,118,YES,1,1,YES,133,110,243,133.14,109.39,242.52,0,0
1996,12-Mar,04:30PM,Tue,San Antonio,29,26,55,25,26,0,51,106,NO,1,1,YES,Golden State,23,15,38,26,34,0,60,98,NO,1,1,NO,93,111,204,93.14,110.39,203.52,5,196
1996,12-Mar,04:30PM,Tue,Portland,27,30,57,25,23,0,48,105,YES,1,2,YES,LAL,30,25,55,24,20,0,44,99,YES,1,3,YES,112,92,204,112.14,91.39,203.52,-8.5,204
1996,12-Mar,07:30PM,Tue,Phoenix,23,13,36,30,32,0,62,98,NO,1,0,NO,New Jersey,18,23,41,24,23,0,47,88,NO,1,1,YES,77,109,186,77.14,108.39,185.52,3,199
1996,12-Mar,07:30PM,Tue,Toronto,29,26,55,31,24,0,55,110,YES,1,2,NO,Philadelphia,30,30,60,27,31,0,58,118,YES,0,1,NO,115,113,228,115.14,112.39,227.52,-2,193
1996,13-Mar,06:00PM,Wed,New York,25,32,57,28,21,0,49,106,YES,2,2,YES,Minnesota,16,31,47,19,16,0,35,82,NO,1,2,NO,104,84,188,104.14,83.39,187.52,5.5,188
1996,13-Mar,07:00PM,Wed,Orlando,25,31,56,27,16,0,43,99,NO,0,1,NO,Seattle,27,26,53,24,23,0,47,100,NO,1,2,NO,109,90,199,109.14,89.39,198.52,0,0
1996,13-Mar,07:30PM,Wed,Philadelphia,24,31,55,24,21,0,45,100,YES,0,1,YES,Boston,27,29,56,23,31,0,54,110,YES,0,2,YES,111,99,210,111.14,98.39,209.52,-8,213
1996,13-Mar,07:30PM,Wed,Utah,18,23,41,22,22,0,44,85,NO,0,1,NO,Charlotte,28,26,54,18,19,0,37,91,NO,1,4,YES,95,81,176,95.14,80.39,175.52,4,207
1996,13-Mar,06:30PM,Wed,Washington,21,24,45,22,19,0,41,86,YES,2,0,NO,Chicago,29,22,51,34,18,0,52,103,NO,1,2,YES,96,93,189,96.14,92.39,188.52,-13,196
1996,13-Mar,04:30PM,Wed,Milwaukee,26,22,48,27,20,0,47,95,YES,2,1,NO,Sacramento,23,31,54,25,25,0,50,104,YES,1,1,NO,102,97,199,102.14,96.39,198.52,-5.5,198
1996,13-Mar,08:00PM,Wed,Phoenix,28,31,59,23,33,0,56,115,NO,0,1,NO,Detroit,29,30,59,21,38,0,59,118,NO,1,1,NO,118,115,233,118.14,114.39,232.52,-5,193
1996,14-Mar,07:30PM,Thu,Boston,17,16,33,22,18,0,40,73,YES,0,2,YES,Cleveland,23,30,53,21,24,0,45,98,YES,0,3,YES,86,85,171,86.14,84.39,170.52,-6.5,185
1996,14-Mar,04:30PM,Thu,LAL,34,22,56,24,26,0,50,106,YES,1,0,YES,Golden State,29,22,51,28,24,0,52,103,NO,1,1,NO,107,102,209,107.14,101.39,208.52,5,202
1996,14-Mar,06:30PM,Thu,Atlanta,29,30,59,17,30,0,47,106,YES,1,1,NO,Houston,29,24,53,33,28,0,61,114,NO,1,3,YES,112,108,220,112.14,107.39,219.52,-3.5,193
1996,14-Mar,04:30PM,Thu,Dallas,28,21,49,34,23,0,57,106,YES,1,0,NO,LAC,29,21,50,27,33,0,60,110,YES,0,2,YES,99,117,216,99.14,116.39,215.52,-4.5,232
1996,14-Mar,07:30PM,Thu,Washington,25,20,45,27,28,0,55,100,NO,0,1,YES,New Jersey,27,20,47,17,28,0,45,92,NO,1,1,NO,92,100,192,92.14,99.39,191.52,-3.5,191
1996,14-Mar,06:30PM,Thu,Miami,31,20,51,19,30,0,49,100,NO,1,1,NO,San Antonio,17,39,56,34,30,0,64,120,NO,1,1,YES,107,113,220,107.14,112.39,219.52,-8,199
1996,15-Mar,06:00PM,Fri,Sacramento,25,17,42,21,24,0,45,87,YES,1,1,NO,Minnesota,21,33,54,31,28,0,59,113,NO,1,1,NO,96,104,200,96.14,103.39,199.52,1,195
1996,15-Mar,04:00PM,Fri,LAC,20,21,41,15,23,0,38,79,YES,0,2,NO,Portland,25,21,46,21,19,0,40,86,NO,1,2,YES,87,78,165,87.14,77.39,164.52,-8.5,203.5
1996,15-Mar,07:00PM,Fri,Dallas,27,26,53,21,23,0,44,97,NO,0,1,NO,Seattle,28,30,58,23,39,0,62,120,NO,2,1,NO,111,106,217,111.14,105.39,216.52,0,0
1996,15-Mar,07:00PM,Fri,Orlando,25,20,45,19,19,9,38,83,NO,1,1,NO,Vancouver,23,24,47,18,18,4,36,83,YES,1,3,YES,92,74,166,92.14,73.39,165.52,13,192
1996,15-Mar,07:30PM,Fri,Toronto,29,23,52,29,20,0,49,101,NO,2,1,NO,Charlotte,33,27,60,26,27,0,53,113,NO,1,1,NO,112,102,214,112.14,101.39,213.52,-10.5,207.5
1996,15-Mar,06:30PM,Fri,Denver,20,24,44,22,21,0,43,87,YES,2,1,NO,Chicago,32,21,53,30,25,0,55,108,YES,0,1,NO,97,98,195,97.14,97.39,194.52,-13.5,193
1996,15-Mar,07:30PM,Fri,Cleveland,19,20,39,13,17,0,30,69,YES,0,1,YES,Detroit,21,27,48,10,22,0,32,80,NO,1,1,NO,87,62,149,87.14,61.39,148.52,-6.5,167.5
1996,15-Mar,07:30PM,Fri,Utah,26,22,48,25,22,0,47,95,NO,1,0,NO,Indiana,24,8,32,26,28,0,54,86,NO,1,4,YES,80,101,181,80.14,100.39,180.52,-3,192.5
1996,15-Mar,04:30PM,Fri,Milwaukee,20,31,51,24,20,0,44,95,NO,1,0,NO,LAL,26,31,57,27,33,0,60,117,NO,1,0,YES,108,104,212,108.14,103.39,211.52,-10.5,203
1996,15-Mar,07:30PM,Fri,Phoenix,27,28,55,37,36,0,73,128,NO,1,1,NO,Philadelphia,23,24,47,19,36,0,55,102,YES,0,1,YES,102,128,230,102.14,127.39,229.52,9,211.5
1996,16-Mar,04:30PM,Sat,Milwaukee,37,18,55,19,20,0,39,94,NO,0,1,YES,Golden State,24,28,52,23,24,0,47,99,YES,1,1,NO,107,86,193,107.14,85.39,192.52,-7.5,199
1996,16-Mar,06:30PM,Sat,Miami,30,30,60,30,31,0,61,121,NO,1,3,YES,Houston,25,30,55,22,20,0,42,97,NO,2,1,NO,115,103,218,115.14,102.39,217.52,-3.5,195
1996,16-Mar,07:30PM,Sat,Chicago,26,20,46,25,26,0,51,97,YES,0,1,NO,New Jersey,26,26,52,18,23,0,41,93,YES,0,1,NO,98,92,190,98.14,91.39,189.52,8,191
1996,16-Mar,07:30PM,Sat,Philadelphia,23,16,39,23,26,0,49,88,YES,0,1,YES,New York,32,15,47,17,30,0,47,94,NO,3,2,YES,86,96,182,86.14,95.39,181.52,-13.5,199
1996,16-Mar,06:30PM,Sat,Atlanta,28,26,54,17,21,0,38,92,NO,1,3,YES,San Antonio,30,31,61,30,28,0,58,119,NO,1,1,NO,115,96,211,115.14,95.39,210.52,-7,198
1996,16-Mar,07:30PM,Sat,Utah,25,26,51,31,24,9,55,106,NO,0,1,NO,Washington,26,22,48,28,30,14,58,106,NO,3,1,YES,99,113,212,99.14,112.39,211.52,3,192.5
1996,17-Mar,12:00PM,Sun,Phoenix,22,27,49,28,25,0,53,102,NO,1,3,YES,Charlotte,34,22,56,21,26,0,47,103,NO,1,1,NO,105,100,205,105.14,99.39,204.52,1,217
1996,17-Mar,12:00PM,Sun,Denver,22,15,37,17,27,0,44,81,NO,1,0,NO,Detroit,17,30,47,19,25,0,44,91,YES,1,1,NO,84,88,172,84.14,87.39,171.52,-8,184
1996,17-Mar,01:00PM,Sun,Sacramento,26,13,39,24,21,0,45,84,NO,1,1,NO,Cleveland,32,33,65,19,31,0,50,115,YES,1,1,YES,104,95,199,104.14,94.39,198.52,-8,175
1996,17-Mar,01:30PM,Sun,Vancouver,27,19,46,24,15,0,39,85,YES,1,1,NO,Minnesota,16,25,41,27,22,0,49,90,YES,1,1,NO,87,88,175,87.14,87.39,174.52,0,0
1996,17-Mar,03:00PM,Sun,Toronto,21,27,48,29,19,0,48,96,NO,1,0,YES,Indiana,27,27,54,26,25,0,51,105,YES,1,1,NO,102,99,201,102.14,98.39,200.52,-13.5,197
1996,17-Mar,02:00PM,Sun,Dallas,18,19,37,25,24,0,49,86,NO,1,1,YES,Portland,33,22,55,27,30,0,57,112,NO,1,1,NO,92,106,198,92.14,105.39,197.52,0,0
1996,17-Mar,03:30PM,Sun,Orlando,25,27,52,24,22,0,46,98,NO,1,1,YES,LAL,33,20,53,20,24,0,44,97,NO,1,1,NO,105,90,195,105.14,89.39,194.52,-2,212
1996,17-Mar,07:30PM,Sun,New Jersey,24,28,52,14,24,16,38,90,YES,0,1,YES,Boston,32,13,45,23,22,17,45,90,NO,2,2,YES,97,83,180,97.14,82.39,179.52,-3.5,199
1996,18-Mar,07:00PM,Mon,LAC,34,27,61,17,23,0,40,101,NO,2,1,YES,Seattle,31,25,56,16,32,0,48,104,YES,0,2,NO,117,88,205,117.14,87.39,204.52,-13.5,206
1996,18-Mar,07:00PM,Mon,Denver,27,35,62,24,36,0,60,122,NO,0,2,NO,Toronto,30,29,59,28,27,0,55,114,NO,1,0,YES,121,115,236,121.14,114.39,235.52,2,190
1996,18-Mar,06:30PM,Mon,Utah,20,29,49,32,26,0,58,107,NO,1,1,YES,Milwaukee,22,17,39,26,25,0,51,90,NO,1,1,YES,88,109,197,88.14,108.39,196.52,7.5,196
1996,18-Mar,07:30PM,Mon,Chicago,22,26,48,20,30,0,50,98,NO,1,0,YES,Philadelphia,21,25,46,24,24,0,48,94,YES,1,1,YES,94,98,192,94.14,97.39,191.52,11,199
1996,18-Mar,06:30PM,Mon,Golden State,28,26,54,25,19,0,44,98,YES,1,0,NO,San Antonio,24,42,66,26,12,0,38,104,YES,1,1,NO,120,82,202,120.14,81.39,201.52,-13,206
1996,19-Mar,06:00PM,Tue,Golden State,27,27,54,26,17,8,43,97,NO,0,1,NO,Houston,21,18,39,27,31,5,58,97,NO,1,2,NO,93,101,194,93.14,100.39,193.52,-9,199
1996,19-Mar,04:00PM,Tue,Minnesota,18,22,40,17,21,0,38,78,YES,1,0,NO,Portland,32,24,56,27,23,0,50,106,YES,2,1,NO,96,88,184,96.14,87.39,183.52,-11,196
1996,19-Mar,07:30PM,Tue,Indiana,18,18,36,25,33,0,58,94,YES,1,0,NO,Charlotte,27,27,54,15,33,0,48,102,YES,0,1,NO,90,106,196,90.14,105.39,195.52,2,203
1996,19-Mar,06:30PM,Tue,Sacramento,18,15,33,27,7,0,34,67,NO,1,0,NO,Chicago,22,24,46,18,25,0,43,89,NO,1,0,YES,79,77,156,79.14,76.39,155.52,-12.5,201
1996,19-Mar,06:30PM,Tue,Cleveland,20,25,45,17,19,0,36,81,YES,1,1,NO,Dallas,11,25,36,20,16,0,36,72,NO,2,1,YES,81,72,153,81.14,71.39,152.52,0,0
1996,19-Mar,04:30PM,Tue,Seattle,21,19,40,18,13,0,31,71,YES,0,1,YES,LAL,28,22,50,27,17,0,44,94,YES,1,1,NO,90,75,165,90.14,74.39,164.52,-2,204
1996,19-Mar,07:30PM,Tue,Vancouver,18,23,41,21,15,0,36,77,NO,1,0,NO,New Jersey,22,23,45,14,23,0,37,82,NO,1,1,YES,86,73,159,86.14,72.39,158.52,,
1996,19-Mar,07:30PM,Tue,Detroit,18,19,37,26,28,0,54,91,YES,1,0,NO,Orlando,19,22,41,38,34,0,72,113,YES,0,1,YES,78,126,204,78.14,125.39,203.52,-9.5,194
1996,20-Mar,05:00PM,Wed,Philadelphia,19,20,39,24,21,0,45,84,YES,1,1,NO,Utah,18,31,49,36,22,0,58,107,NO,1,1,YES,88,103,191,88.14,102.39,190.52,-17.5,205
1996,20-Mar,07:00PM,Wed,Charlotte,23,22,45,23,21,0,44,89,YES,0,1,YES,Toronto,30,22,52,27,28,0,55,107,NO,1,1,NO,97,99,196,97.14,98.39,195.52,0,0
1996,20-Mar,07:30PM,Wed,Vancouver,23,28,51,18,24,0,42,93,NO,0,1,NO,Atlanta,23,25,48,16,34,0,50,98,YES,1,3,YES,99,92,191,99.14,91.39,190.52,-14.5,177
1996,20-Mar,07:30PM,Wed,Orlando,29,32,61,19,32,0,51,112,YES,0,1,NO,Boston,20,27,47,13,30,0,43,90,NO,1,2,NO,108,94,202,108.14,93.39,201.52,6,208
1996,20-Mar,04:30PM,Wed,Minnesota,23,27,50,22,24,0,46,96,NO,0,1,NO,LAC,27,29,56,23,31,0,54,110,NO,1,1,YES,106,100,206,106.14,99.39,205.52,-7,195
1996,20-Mar,07:30PM,Wed,Detroit,19,22,41,31,21,0,52,93,NO,0,1,YES,Miami,24,18,42,35,25,0,60,102,YES,1,3,YES,83,112,195,83.14,111.39,194.52,-6,183
1996,20-Mar,06:30PM,Wed,Sacramento,29,28,57,29,36,0,65,122,NO,0,1,YES,Milwaukee,26,32,58,14,25,0,39,97,NO,1,1,NO,115,104,219,115.14,103.39,218.52,-5,195
1996,20-Mar,07:30PM,Wed,San Antonio,31,30,61,30,21,0,51,112,YES,1,1,NO,Washington,28,28,56,29,16,0,45,101,NO,1,3,NO,117,96,213,117.14,95.39,212.52,4,203.5
1996,20-Mar,08:00PM,Wed,Indiana,27,16,43,22,34,0,56,99,NO,0,1,YES,New York,19,23,42,26,34,0,60,102,YES,0,3,NO,85,116,201,85.14,115.39,200.52,-3.5,185
1996,21-Mar,04:00PM,Thu,Golden State,25,11,36,35,25,0,60,96,NO,1,1,YES,Phoenix,29,32,61,23,20,0,43,104,YES,1,3,YES,97,103,200,97.14,102.39,199.52,-9,207
1996,21-Mar,07:00PM,Thu,LAL,25,21,46,23,24,0,47,93,YES,1,2,YES,Seattle,26,33,59,23,22,0,45,104,NO,1,1,YES,105,92,197,105.14,91.39,196.52,-7,198
1996,21-Mar,06:30PM,Thu,New York,25,16,41,19,26,0,45,86,YES,0,2,NO,Chicago,29,32,61,18,28,0,46,107,YES,2,1,NO,102,91,193,102.14,90.39,192.52,-10.5,187
1996,21-Mar,06:30PM,Thu,Cleveland,26,28,54,16,28,0,44,98,NO,1,0,NO,Houston,22,23,45,16,24,0,40,85,NO,1,1,NO,99,84,183,99.14,83.39,182.52,0,0
1996,21-Mar,07:30PM,Thu,Denver,21,18,39,30,20,0,50,89,NO,2,0,NO,New Jersey,27,26,53,18,26,0,44,97,YES,0,1,NO,92,94,186,92.14,93.39,185.52,-2.5,184
1996,22-Mar,05:00PM,Fri,Cleveland,16,27,43,13,19,0,32,75,NO,0,1,YES,Utah,24,18,42,25,21,0,46,88,NO,2,1,NO,85,78,163,85.14,77.39,162.52,-11,184
1996,22-Mar,07:00PM,Fri,San Antonio,31,30,61,32,27,0,59,120,NO,1,1,NO,Toronto,28,29,57,19,32,0,51,108,NO,1,1,NO,118,110,228,118.14,109.39,227.52,9,201
1996,22-Mar,07:30PM,Fri,Denver,25,30,55,20,23,0,43,98,NO,0,1,NO,Boston,22,23,45,30,24,0,54,99,NO,1,1,NO,100,97,197,100.14,96.39,196.52,0,0
1996,22-Mar,07:30PM,Fri,Atlanta,29,20,49,36,32,0,68,117,YES,1,0,YES,Charlotte,29,19,48,23,21,0,44,92,YES,1,1,YES,97,112,209,97.14,111.39,208.52,0,0
1996,22-Mar,06:30PM,Fri,Minnesota,29,26,55,21,34,0,55,110,NO,1,0,NO,Dallas,24,22,46,18,20,0,38,84,NO,1,2,NO,101,93,194,101.14,92.39,193.52,0,0
1996,22-Mar,07:30PM,Fri,New Jersey,26,25,51,20,25,0,45,96,YES,0,1,NO,Detroit,32,29,61,22,28,0,50,111,YES,0,1,YES,112,95,207,112.14,94.39,206.52,-8.5,181
1996,22-Mar,07:30PM,Fri,Vancouver,32,16,48,25,21,0,46,94,NO,1,1,NO,Indiana,32,30,62,26,23,0,49,111,NO,1,1,YES,110,95,205,110.14,94.39,204.52,-14,182
1996,22-Mar,04:30PM,Fri,Philadelphia,19,26,45,16,32,0,48,93,NO,1,0,NO,LAC,22,25,47,31,29,0,60,107,YES,1,1,NO,92,108,200,92.14,107.39,199.52,-9.5,202
1996,22-Mar,06:30PM,Fri,Miami,30,28,58,39,25,0,64,122,YES,1,1,NO,Milwaukee,30,31,61,27,18,0,45,106,NO,1,1,NO,119,109,228,119.14,108.39,227.52,5,192
1996,22-Mar,04:30PM,Fri,Portland,23,21,44,22,12,0,34,78,YES,2,2,YES,Sacramento,23,23,46,19,15,0,34,80,NO,1,1,YES,90,68,158,90.14,67.39,157.52,2,196
1996,22-Mar,07:30PM,Fri,Orlando,24,32,56,21,24,10,45,101,NO,1,3,YES,Washington,23,31,54,22,25,7,47,101,NO,1,1,NO,110,92,202,110.14,91.39,201.52,4.5,205
1996,23-Mar,07:00PM,Sat,Philadelphia,23,25,48,19,22,0,41,89,NO,0,1,NO,Seattle,37,40,77,23,29,0,52,129,YES,0,1,NO,125,93,218,125.14,92.39,217.52,-19,204
1996,23-Mar,07:30PM,Sat,Detroit,18,16,34,22,28,0,50,84,YES,0,2,YES,Atlanta,25,20,45,22,25,0,47,92,YES,2,0,YES,79,97,176,79.14,96.39,175.52,-4,184
1996,23-Mar,04:30PM,Sat,Phoenix,25,24,49,22,18,0,40,89,YES,1,0,YES,Golden State,23,21,44,21,33,0,54,98,NO,2,1,YES,93,94,187,93.14,93.39,186.52,3.5,206
1996,23-Mar,06:30PM,Sat,Minnesota,24,26,50,29,29,0,58,108,NO,0,3,YES,Houston,21,24,45,22,36,0,58,103,NO,2,1,NO,95,116,211,95.14,115.39,210.52,0,0
1996,24-Mar,11:00AM,Sun,New York,26,22,48,24,13,0,37,85,NO,2,1,NO,Dallas,26,11,37,20,22,0,42,79,YES,0,1,NO,85,79,164,85.14,78.39,163.52,0,0
1996,24-Mar,01:00PM,Sun,San Antonio,25,23,48,30,22,0,52,100,NO,1,0,NO,Indiana,20,25,45,27,16,0,43,88,NO,1,1,NO,93,95,188,93.14,94.39,187.52,1,203.5
1996,24-Mar,01:00PM,Sun,Vancouver,21,24,45,18,22,0,40,85,NO,1,1,NO,Cleveland,23,20,43,21,26,0,47,90,NO,1,1,YES,88,87,175,88.14,86.39,174.52,-13,173
1996,24-Mar,01:30PM,Sun,New Jersey,25,21,46,14,24,0,38,84,NO,1,0,YES,Milwaukee,21,19,40,28,12,0,40,80,YES,1,1,NO,86,78,164,86.14,77.39,163.52,1.5,193.5
1996,24-Mar,03:30PM,Sun,Denver,16,27,43,22,25,0,47,90,NO,1,1,YES,Washington,25,25,50,20,22,0,42,92,YES,1,1,NO,93,89,182,93.14,88.39,181.52,-5,193.5
1996,24-Mar,03:30PM,Sun,Chicago,23,31,54,29,25,0,54,108,YES,2,3,YES,Toronto,28,28,56,23,30,0,53,109,NO,1,1,NO,110,107,217,110.14,106.39,216.52,13,205
1996,24-Mar,03:00PM,Sun,Seattle,29,27,56,21,35,0,56,112,YES,0,1,NO,Sacramento,25,28,53,27,30,0,57,110,YES,1,1,NO,109,113,222,109.14,112.39,221.52,7.5,196
1996,24-Mar,03:30PM,Sun,Charlotte,17,30,47,30,26,0,56,103,YES,1,1,NO,LAL,20,24,44,22,28,0,50,94,YES,1,2,YES,91,106,197,91.14,105.39,196.52,0,0
1996,24-Mar,07:00PM,Sun,Miami,32,28,60,27,24,0,51,111,NO,1,2,YES,Boston,18,34,52,23,20,0,43,95,YES,1,1,NO,112,94,206,112.14,93.39,205.52,5.5,207.5
1996,24-Mar,04:00PM,Sun,LAC,14,31,45,22,25,0,47,92,YES,1,1,YES,Phoenix,32,22,54,25,24,0,49,103,NO,1,0,YES,99,96,195,99.14,95.39,194.52,-8,207.5
1996,25-Mar,04:00PM,Mon,Philadelphia,17,19,36,15,20,0,35,71,NO,1,1,YES,Portland,30,25,55,20,19,0,39,94,NO,2,2,YES,91,74,165,91.14,73.39,164.52,-13,197
1996,25-Mar,05:00PM,Mon,Dallas,22,17,39,23,24,0,47,86,YES,0,1,YES,Utah,30,19,49,30,24,0,54,103,NO,1,2,NO,88,101,189,88.14,100.39,188.52,0,0
1996,25-Mar,07:30PM,Mon,San Antonio,28,18,46,31,18,0,49,95,NO,0,1,YES,New Jersey,26,18,44,24,20,0,44,88,YES,3,0,YES,90,93,183,90.14,92.39,182.52,7,197
1996,26-Mar,05:00PM,Tue,Charlotte,21,31,52,23,20,24,43,95,NO,1,0,NO,Denver,26,24,50,21,24,17,45,95,YES,1,1,YES,102,88,190,102.14,87.39,189.52,-3,196
1996,26-Mar,04:00PM,Tue,Sacramento,20,27,47,26,25,0,51,98,YES,1,2,YES,Phoenix,13,38,51,21,30,0,51,102,NO,2,1,NO,98,102,200,98.14,101.39,199.52,-11,207.5
1996,26-Mar,07:00PM,Tue,Atlanta,29,29,58,35,21,0,56,114,YES,2,1,NO,Toronto,33,31,64,25,22,0,47,111,YES,0,1,NO,122,103,225,122.14,102.39,224.52,7,203
1996,26-Mar,07:30PM,Tue,Washington,21,24,45,29,22,0,51,96,YES,1,0,YES,Cleveland,27,26,53,18,18,0,36,89,YES,1,1,NO,98,87,185,98.14,86.39,184.52,-7.5,180
1996,26-Mar,07:30PM,Tue,Vancouver,9,17,26,26,23,0,49,75,NO,1,1,YES,Detroit,18,25,43,22,21,0,43,86,NO,3,2,YES,69,92,161,69.14,91.39,160.52,-12.5,177.5
1996,26-Mar,04:30PM,Tue,Seattle,30,24,54,33,27,0,60,114,NO,1,0,YES,Golden State,27,25,52,30,20,0,50,102,YES,1,2,NO,106,110,216,106.14,109.39,215.52,6,195
1996,26-Mar,06:30PM,Tue,New York,24,28,52,13,18,0,31,83,NO,1,0,NO,Houston,17,13,30,29,15,0,44,74,YES,0,2,NO,82,75,157,82.14,74.39,156.52,2.5,189
1996,26-Mar,07:30PM,Tue,Boston,19,25,44,26,26,0,52,96,YES,1,0,NO,Indiana,27,35,62,20,21,0,41,103,YES,0,1,NO,106,93,199,106.14,92.39,198.52,-11.5,203
1996,26-Mar,04:30PM,Tue,Milwaukee,32,25,57,16,24,0,40,97,YES,1,0,NO,LAC,22,31,53,31,19,0,50,103,NO,1,1,YES,110,90,200,110.14,89.39,199.52,-7,202
1996,26-Mar,08:00PM,Tue,LAL,25,29,54,30,29,0,59,113,YES,1,0,NO,Orlando,27,22,49,21,21,0,42,91,YES,2,3,YES,103,101,204,103.14,100.39,203.52,-6.5,206.5
1996,27-Mar,06:00PM,Wed,Boston,30,30,60,39,22,0,61,121,NO,0,1,NO,Minnesota,30,31,61,30,25,0,55,116,NO,1,3,YES,121,116,237,121.14,115.39,236.52,-5.5,207
1996,27-Mar,06:00PM,Wed,New York,23,19,42,22,20,0,42,84,NO,0,1,YES,San Antonio,23,16,39,29,22,0,51,90,YES,1,1,YES,81,93,174,81.14,92.39,173.52,-9.5,190
1996,27-Mar,07:00PM,Wed,Charlotte,21,29,50,26,19,0,45,95,NO,0,1,NO,Seattle,35,28,63,34,35,0,69,132,NO,2,0,YES,113,114,227,113.14,113.39,226.52,,
1996,27-Mar,05:00PM,Wed,Milwaukee,19,22,41,26,15,0,41,82,NO,0,1,NO,Utah,28,26,54,21,23,0,44,98,NO,1,1,NO,95,85,180,95.14,84.39,179.52,-17,196
1996,27-Mar,06:30PM,Wed,Houston,31,22,53,35,26,0,61,114,YES,0,2,YES,Dallas,32,22,54,24,39,0,63,117,NO,1,1,YES,107,124,231,107.14,123.39,230.52,0,0
1996,27-Mar,07:30PM,Wed,LAL,31,29,60,16,30,0,46,106,NO,0,1,NO,Miami,28,27,55,18,22,0,40,95,NO,1,2,YES,115,86,201,115.14,85.39,200.52,-4.5,206
1996,27-Mar,07:30PM,Wed,Toronto,27,24,51,26,17,0,43,94,YES,0,1,YES,Philadelphia,30,28,58,21,24,0,45,103,NO,1,1,YES,109,88,197,109.14,87.39,196.52,0,0
1996,27-Mar,07:30PM,Wed,Indiana,31,18,49,26,24,0,50,99,YES,0,1,NO,Washington,26,21,47,22,24,0,46,93,YES,1,0,YES,96,96,192,96.14,95.39,191.52,0,0
1996,28-Mar,04:00PM,Thu,Golden State,24,12,36,22,31,0,53,89,YES,1,1,YES,Portland,24,22,46,26,22,0,48,94,YES,1,2,NO,82,101,183,82.14,100.39,182.52,0,0
1996,28-Mar,07:00PM,Thu,Denver,23,28,51,18,23,0,41,92,YES,1,1,YES,Vancouver,26,25,51,16,21,0,37,88,YES,0,1,YES,102,78,180,102.14,77.39,179.52,4,175.5
1996,28-Mar,06:30PM,Thu,Atlanta,18,19,37,17,26,0,43,80,NO,1,0,YES,Chicago,31,31,62,24,25,0,49,111,NO,1,3,YES,99,92,191,99.14,91.39,190.52,0,0
1996,28-Mar,04:30PM,Thu,Cleveland,18,21,39,26,18,0,44,83,YES,1,1,NO,LAC,14,17,31,22,28,0,50,81,YES,1,1,NO,70,94,164,70.14,93.39,163.52,3.5,182
1996,29-Mar,06:00PM,Fri,San Antonio,35,26,61,34,24,0,58,119,YES,1,1,YES,Dallas,30,28,58,20,26,0,46,104,NO,1,1,NO,119,104,223,119.14,103.39,222.52,0,0
1996,29-Mar,06:00PM,Fri,Indiana,16,26,42,18,31,0,49,91,NO,1,1,YES,Minnesota,32,17,49,21,23,0,44,93,NO,1,1,NO,91,93,184,91.14,92.39,183.52,0,0
1996,29-Mar,04:00PM,Fri,Milwaukee,15,23,38,20,27,0,47,85,NO,1,0,NO,Phoenix,29,27,56,30,22,0,52,108,YES,1,2,NO,94,99,193,94.14,98.39,192.52,-11.5,207
1996,29-Mar,07:00PM,Fri,Orlando,30,30,60,35,31,0,66,126,YES,2,1,YES,Toronto,22,18,40,21,25,0,46,86,NO,1,1,YES,100,112,212,100.14,111.39,211.52,0,0
1996,29-Mar,05:00PM,Fri,Vancouver,24,27,51,22,18,0,40,91,YES,0,1,YES,Utah,35,21,56,24,25,0,49,105,YES,0,1,NO,107,89,196,107.14,88.39,195.52,-18.5,184
1996,29-Mar,07:30PM,Fri,LAL,22,22,44,26,32,0,58,102,NO,1,1,NO,Atlanta,22,25,47,23,19,0,42,89,YES,1,0,YES,91,100,191,91.14,99.39,190.52,0,0
1996,29-Mar,07:30PM,Fri,Washington,22,19,41,28,24,0,52,93,YES,1,0,YES,Miami,30,25,55,28,29,0,57,112,YES,0,1,NO,96,109,205,96.14,108.39,204.52,-8,204
1996,29-Mar,07:30PM,Fri,New Jersey,26,26,52,11,15,0,26,78,YES,3,1,NO,New York,27,19,46,28,20,0,48,94,YES,1,1,YES,98,74,172,98.14,73.39,171.52,-7,176
1996,29-Mar,07:30PM,Fri,Boston,34,18,52,22,27,0,49,101,NO,1,1,YES,Philadelphia,17,31,48,27,20,0,47,95,YES,0,1,NO,100,96,196,100.14,95.39,195.52,2,214
1996,29-Mar,04:30PM,Fri,Charlotte,27,23,50,29,14,8,43,93,NO,1,1,NO,Sacramento,28,21,49,24,20,14,44,93,NO,1,2,YES,99,87,186,99.14,86.39,185.52,0,0
1996,30-Mar,11:00AM,Sat,LAC,16,26,42,19,24,0,43,85,YES,1,0,NO,Chicago,28,34,62,24,20,0,44,106,YES,2,1,NO,104,87,191,104.14,86.39,190.52,-15.5,196
1996,30-Mar,05:00PM,Sat,Milwaukee,20,15,35,26,24,0,50,85,NO,0,2,YES,Denver,26,26,52,26,20,0,46,98,NO,2,1,YES,87,96,183,87.14,95.39,182.52,-9,192.5
1996,30-Mar,07:00PM,Sat,Utah,24,23,47,23,28,0,51,98,YES,0,2,YES,Seattle,25,24,49,23,28,0,51,100,YES,2,2,NO,96,102,198,96.14,101.39,197.52,-6.5,200.5
1996,30-Mar,07:30PM,Sat,Miami,18,32,50,18,27,0,45,95,YES,0,2,YES,Detroit,27,21,48,18,19,0,37,85,YES,2,3,NO,98,82,180,98.14,81.39,179.52,-4.5,190
1996,30-Mar,04:30PM,Sat,Cleveland,28,17,45,22,23,0,45,90,NO,1,0,NO,Golden State,11,15,26,20,18,0,38,64,NO,2,1,YES,71,83,154,71.14,82.39,153.52,0,0
1996,30-Mar,06:30PM,Sat,Portland,28,28,56,25,28,0,53,109,YES,1,0,NO,Houston,30,23,53,21,20,0,41,94,YES,2,2,YES,109,94,203,109.14,93.39,202.52,0,0
1996,30-Mar,07:30PM,Sat,Philadelphia,26,27,53,26,26,0,52,105,YES,0,3,YES,Washington,32,18,50,28,29,0,57,107,YES,4,0,YES,103,109,212,103.14,108.39,211.52,-10,203
1996,31-Mar,12:00PM,Sun,New York,21,22,43,22,14,0,36,79,YES,1,1,NO,Orlando,27,25,52,29,17,0,46,98,YES,2,1,YES,95,82,177,95.14,81.39,176.52,-9.5,190.5
1996,31-Mar,02:30PM,Sun,Atlanta,22,33,55,18,20,0,38,93,YES,1,1,YES,Boston,27,19,46,19,27,0,46,92,YES,1,1,YES,101,84,185,101.14,83.39,184.52,5.5,202.5
1996,31-Mar,02:30PM,Sun,New Jersey,16,26,42,30,28,0,58,100,NO,1,2,YES,Indiana,36,33,69,25,24,0,49,118,NO,1,1,YES,111,107,218,111.14,106.39,217.52,-9.5,185
1996,31-Mar,01:30PM,Sun,LAC,26,34,60,26,24,0,50,110,NO,0,1,NO,Minnesota,26,29,55,30,22,0,52,107,YES,1,1,NO,115,102,217,115.14,101.39,216.52,-4,198
1996,31-Mar,02:30PM,Sun,Charlotte,31,29,60,37,24,0,61,121,NO,1,1,YES,Vancouver,30,18,48,24,16,0,40,88,YES,1,1,YES,108,101,209,108.14,100.39,208.52,,
1996,31-Mar,03:00PM,Sun,LAL,37,16,53,28,30,0,58,111,NO,1,1,NO,Toronto,26,28,54,25,27,0,52,106,NO,1,1,NO,107,110,217,107.14,109.39,216.52,10,210
1996,31-Mar,03:00PM,Sun,Cleveland,13,27,40,18,31,11,49,89,NO,0,2,YES,Sacramento,21,27,48,21,20,16,41,89,YES,1,1,NO,88,90,178,88.14,89.39,177.52,2,173
1996,31-Mar,05:00PM,Sun,Phoenix,16,22,38,20,25,0,45,83,YES,1,1,YES,San Antonio,25,25,50,21,26,0,47,97,YES,1,1,YES,88,92,180,88.14,91.39,179.52,-7.5,209
1996,31-Mar,06:00PM,Sun,Portland,36,30,66,25,24,0,49,115,NO,0,1,YES,Dallas,27,23,50,18,32,0,50,100,NO,1,1,NO,116,99,215,116.14,98.39,214.52,0,0
1996,2-Apr,05:00PM,Tue,Minnesota,12,22,34,30,14,0,44,78,YES,1,0,NO,Denver,24,21,45,23,18,0,41,86,YES,1,2,NO,79,85,164,79.14,84.39,163.52,-7.5,195.5
1996,2-Apr,04:00PM,Tue,San Antonio,26,27,53,27,24,0,51,104,YES,1,0,YES,Phoenix,27,24,51,28,32,0,60,111,NO,1,1,YES,104,111,215,104.14,110.39,214.52,1.5,204.5
1996,2-Apr,04:00PM,Tue,Vancouver,16,20,36,25,24,0,49,85,YES,1,0,YES,Portland,29,31,60,22,19,0,41,101,YES,2,1,YES,96,90,186,96.14,89.39,185.52,-15,186
1996,2-Apr,05:00PM,Tue,Seattle,33,21,54,21,25,0,46,100,YES,2,0,YES,Utah,18,28,46,26,19,0,45,91,YES,1,2,YES,100,91,191,100.14,90.39,190.52,-5,196
1996,2-Apr,07:00PM,Tue,LAC,27,26,53,19,25,6,44,97,NO,1,0,NO,Toronto,25,16,41,36,20,7,56,97,NO,1,1,NO,94,100,194,94.14,99.39,193.52,0,0
1996,2-Apr,07:30PM,Tue,Boston,24,18,42,20,27,0,47,89,YES,1,1,NO,Atlanta,35,25,60,25,24,0,49,109,NO,1,1,YES,102,96,198,102.14,95.39,197.52,-10,199
1996,2-Apr,06:30PM,Tue,Sacramento,26,27,53,18,33,0,51,104,YES,1,0,NO,Dallas,25,19,44,27,26,0,53,97,NO,3,1,NO,97,104,201,97.14,103.39,200.52,0,0
1996,2-Apr,04:30PM,Tue,Houston,22,29,51,31,30,0,61,112,YES,2,0,NO,Golden State,23,28,51,26,29,0,55,106,NO,1,2,NO,102,116,218,102.14,115.39,217.52,0,0
1996,2-Apr,07:30PM,Tue,New York,25,15,40,26,24,0,50,90,NO,1,0,YES,Indiana,22,20,42,23,21,0,44,86,YES,0,1,NO,82,94,176,82.14,93.39,175.52,-6,181
1996,2-Apr,07:30PM,Tue,Chicago,26,28,54,24,32,0,56,110,YES,2,1,YES,Miami,23,19,42,24,26,0,50,92,YES,1,2,YES,96,106,202,96.14,105.39,201.52,6,195
1996,2-Apr,06:30PM,Tue,Detroit,28,28,56,25,17,0,42,98,YES,2,0,YES,Milwaukee,31,20,51,24,30,0,54,105,NO,2,2,YES,107,96,203,107.14,95.39,202.52,5.5,189
1996,2-Apr,08:00PM,Tue,LAL,26,29,55,18,24,0,42,97,NO,1,0,NO,Charlotte,28,25,53,25,24,0,49,102,YES,0,1,YES,108,91,199,108.14,90.39,198.52,4.5,205
1996,3-Apr,07:00PM,Wed,Houston,20,25,45,30,28,0,58,103,NO,0,1,NO,Seattle,26,31,57,32,29,0,61,118,NO,1,0,YES,102,119,221,102.14,118.39,220.52,0,0
1996,3-Apr,07:00PM,Wed,Minnesota,30,32,62,22,19,0,41,103,NO,0,1,NO,Vancouver,25,27,52,20,33,0,53,105,YES,1,0,YES,114,94,208,114.14,93.39,207.52,2.5,186
1996,3-Apr,07:30PM,Wed,LAL,15,21,36,30,23,0,53,89,NO,0,1,YES,Cleveland,22,24,46,32,27,0,59,105,YES,0,2,YES,82,112,194,82.14,111.39,193.52,-1.5,177
1996,3-Apr,07:30PM,Wed,Charlotte,24,13,37,25,21,0,46,83,YES,0,1,YES,Detroit,27,27,54,19,25,0,44,98,YES,1,0,YES,91,90,181,91.14,89.39,180.52,-5,190
1996,3-Apr,07:30PM,Wed,LAC,33,26,59,17,18,0,35,94,NO,0,2,NO,New Jersey,30,26,56,20,24,0,44,100,NO,1,2,YES,115,79,194,115.14,78.39,193.52,0,0
1996,3-Apr,07:30PM,Wed,Indiana,28,25,53,23,26,0,49,102,YES,0,2,YES,Philadelphia,17,36,53,16,18,0,34,87,NO,1,3,YES,106,83,189,106.14,82.39,188.52,9,197
1996,3-Apr,06:30PM,Wed,Sacramento,30,21,51,24,21,0,45,96,NO,0,1,YES,San Antonio,31,28,59,29,29,0,58,117,NO,1,0,YES,110,103,213,110.14,102.39,212.52,-12,201
1996,3-Apr,08:00PM,Wed,Orlando,25,24,49,24,25,0,49,98,YES,2,0,YES,New York,19,25,44,18,23,0,41,85,YES,1,0,YES,93,90,183,93.14,89.39,182.52,0,0
1996,4-Apr,04:00PM,Thu,Utah,23,25,48,25,27,0,52,100,YES,1,0,YES,Phoenix,31,30,61,24,22,0,46,107,YES,0,1,NO,109,98,207,109.14,97.39,206.52,-1.5,200
1996,4-Apr,07:00PM,Thu,Cleveland,23,29,52,20,26,0,46,98,YES,0,1,YES,Toronto,19,10,29,23,25,0,48,77,NO,1,1,NO,81,94,175,81.14,93.39,174.52,0,0
1996,4-Apr,07:30PM,Thu,Washington,26,27,53,33,27,0,60,113,YES,4,0,NO,Atlanta,27,39,66,29,15,0,44,110,YES,0,1,NO,119,104,223,119.14,103.39,222.52,-7.5,196
1996,4-Apr,06:30PM,Thu,Miami,25,23,48,25,19,0,44,92,YES,1,1,NO,Chicago,24,21,45,34,21,0,55,100,YES,0,1,YES,93,99,192,93.14,98.39,191.52,-13,200
1996,4-Apr,04:30PM,Thu,Denver,17,26,43,15,32,0,47,90,YES,1,0,YES,Golden State,24,27,51,24,23,0,47,98,NO,1,1,NO,94,94,188,94.14,93.39,187.52,-4.5,187.5
1996,4-Apr,07:30PM,Thu,Boston,24,19,43,30,27,0,57,100,NO,1,2,YES,Orlando,31,22,53,30,15,0,45,98,NO,2,0,YES,96,102,198,96.14,101.39,197.52,0,0
1996,5-Apr,05:00PM,Fri,Portland,31,20,51,24,22,0,46,97,YES,2,0,YES,Denver,39,14,53,21,17,0,38,91,NO,1,0,YES,104,84,188,104.14,83.39,187.52,2,185
1996,5-Apr,07:00PM,Fri,Phoenix,35,27,62,20,22,17,42,104,YES,0,1,NO,Seattle,30,24,54,31,19,26,50,104,YES,0,1,NO,116,92,208,116.14,91.39,207.52,-10,209.5
1996,5-Apr,05:00PM,Fri,Minnesota,30,31,61,16,26,0,42,103,NO,1,0,NO,Utah,19,27,46,30,23,0,53,99,YES,1,0,YES,107,95,202,107.14,94.39,201.52,-15.5,196
1996,5-Apr,04:30PM,Fri,Vancouver,18,29,47,21,26,0,47,94,YES,1,1,YES,LAL,23,28,51,22,31,0,53,104,NO,1,1,YES,98,100,198,98.14,99.39,197.52,-16,196.5
1996,5-Apr,06:30PM,Fri,New York,28,16,44,26,16,0,42,86,YES,1,0,NO,Milwaukee,22,24,46,18,15,0,33,79,YES,0,2,NO,90,75,165,90.14,74.39,164.52,7,185
1996,5-Apr,07:30PM,Fri,Atlanta,24,17,41,25,16,0,41,82,YES,0,0,YES,New Jersey,11,17,28,23,19,0,42,70,NO,0,1,NO,69,83,152,69.14,82.39,151.52,2.5,189
1996,5-Apr,07:30PM,Fri,Detroit,25,33,58,32,18,0,50,108,YES,1,1,NO,Philadelphia,13,30,43,20,24,0,44,87,YES,0,1,NO,101,94,195,101.14,93.39,194.52,9,191
1996,5-Apr,04:30PM,Fri,Houston,18,25,43,22,26,0,48,91,NO,1,1,NO,Sacramento,21,18,39,25,32,0,57,96,NO,1,1,YES,82,105,187,82.14,104.39,186.52,0,0
1996,5-Apr,06:30PM,Fri,Washington,34,24,58,25,21,0,46,104,NO,0,2,YES,San Antonio,24,23,47,21,16,0,37,84,YES,1,1,NO,105,83,188,105.14,82.39,187.52,-13,209.5
1996,5-Apr,08:00PM,Fri,Chicago,42,31,73,25,28,0,53,126,YES,0,1,NO,Charlotte,15,19,34,31,27,0,58,92,YES,0,1,YES,107,111,218,107.14,110.39,217.52,7.5,198
1996,6-Apr,06:00PM,Sat,Miami,22,24,46,27,22,0,49,95,NO,1,1,NO,Indiana,24,22,46,27,26,0,53,99,NO,1,2,YES,92,102,194,92.14,101.39,193.52,-4.5,194
1996,6-Apr,06:00PM,Sat,New York,33,34,67,27,45,0,72,139,NO,0,1,YES,Toronto,23,36,59,24,23,0,47,106,YES,1,1,NO,126,119,245,126.14,118.39,244.52,0,0
1996,6-Apr,04:00PM,Sat,Seattle,24,27,51,22,19,0,41,92,YES,0,1,NO,Portland,27,24,51,23,21,0,44,95,YES,1,0,YES,102,85,187,102.14,84.39,186.52,-2,194.5
1996,6-Apr,07:30PM,Sat,Philadelphia,27,21,48,25,27,0,52,100,YES,0,1,YES,Atlanta,29,33,62,20,17,0,37,99,YES,1,0,YES,110,89,199,110.14,88.39,198.52,0,0
1996,6-Apr,07:30PM,Sat,Charlotte,29,17,46,22,25,0,47,93,YES,0,1,NO,Cleveland,20,25,45,17,27,0,44,89,YES,3,1,YES,91,91,182,91.14,90.39,181.52,-7.5,180
1996,6-Apr,06:30PM,Sat,LAC,17,29,46,25,25,0,50,96,NO,2,1,YES,Dallas,25,27,52,26,23,0,49,101,YES,1,3,NO,98,99,197,98.14,98.39,196.52,0,0
1996,6-Apr,04:30PM,Sat,Minnesota,21,26,47,29,30,0,59,106,NO,0,1,YES,Golden State,26,28,54,26,31,0,57,111,NO,1,1,NO,101,116,217,101.14,115.39,216.52,-8,197
1996,6-Apr,07:30PM,Sat,Milwaukee,28,29,57,18,34,0,52,109,YES,0,2,YES,New Jersey,26,18,44,25,19,0,44,88,YES,1,0,NO,101,96,197,101.14,95.39,196.52,-6,184
1996,7-Apr,09:00AM,Sun,San Antonio,26,29,55,23,19,0,42,97,YES,1,0,NO,LAL,23,34,57,29,21,0,50,107,YES,1,1,NO,112,92,204,112.14,91.39,203.52,-2.5,204
1996,7-Apr,12:00PM,Sun,Phoenix,33,28,61,27,24,0,51,112,NO,1,1,YES,Vancouver,24,22,46,22,24,0,46,92,YES,1,1,YES,107,97,204,107.14,96.39,203.52,8,198
1996,7-Apr,12:30PM,Sun,Detroit,19,28,47,19,31,0,50,97,NO,1,1,NO,Boston,23,21,44,26,28,0,54,98,YES,1,2,YES,91,104,195,91.14,103.39,194.52,4.5,195
1996,7-Apr,05:30PM,Sun,Chicago,28,22,50,25,15,0,40,90,NO,1,0,YES,Orlando,21,21,42,26,18,0,44,86,NO,2,2,NO,92,84,176,92.14,83.39,175.52,1.5,200
1996,7-Apr,04:00PM,Sun,Houston,21,33,54,30,21,0,51,105,NO,1,1,YES,Denver,18,29,47,32,32,0,64,111,NO,1,1,NO,101,115,216,101.14,114.39,215.52,0,0
1996,7-Apr,03:00PM,Sun,Utah,19,29,48,25,34,0,59,107,YES,1,0,YES,Sacramento,19,25,44,29,19,0,48,92,NO,1,1,NO,92,107,199,92.14,106.39,198.52,4.5,192.5
1996,8-Apr,12:30PM,Mon,Seattle,32,33,65,23,20,0,43,108,NO,1,1,YES,New York,27,26,53,29,16,0,45,98,NO,0,1,YES,118,88,206,118.14,87.39,205.52,2.5,185
1996,8-Apr,06:00PM,Mon,Toronto,28,23,51,21,29,0,50,101,YES,1,0,NO,Minnesota,29,30,59,27,29,0,56,115,NO,1,1,YES,110,106,216,110.14,105.39,215.52,0,0
1996,8-Apr,05:00PM,Mon,San Antonio,21,22,43,32,17,0,49,92,NO,0,1,YES,Utah,26,22,48,19,24,0,43,91,NO,1,0,YES,91,92,183,91.14,91.39,182.52,-4,197
1996,8-Apr,06:30PM,Mon,Charlotte,17,23,40,35,23,0,58,98,NO,1,1,YES,Chicago,21,29,50,22,25,0,47,97,YES,2,0,YES,90,105,195,90.14,104.39,194.52,-11.5,199
1996,8-Apr,04:30PM,Mon,Dallas,32,20,52,25,27,0,52,104,YES,1,0,NO,Golden State,29,19,48,28,26,0,54,102,YES,2,1,NO,100,106,206,100.14,105.39,205.52,0,0
1996,8-Apr,07:30PM,Mon,Atlanta,21,23,44,28,23,0,51,95,YES,1,3,YES,Indiana,21,34,55,20,22,0,42,97,YES,3,1,NO,99,93,192,99.14,92.39,191.52,-6,188
1996,8-Apr,04:30PM,Mon,Portland,25,20,45,25,19,0,44,89,YES,1,0,NO,LAC,22,35,57,24,21,0,45,102,NO,2,1,YES,102,89,191,102.14,88.39,190.52,5,191
1996,8-Apr,07:30PM,Mon,New Jersey,15,27,42,20,17,0,37,79,YES,1,0,YES,Philadelphia,21,11,32,27,23,0,50,82,YES,1,1,YES,74,87,161,74.14,86.39,160.52,5,188
1996,8-Apr,07:30PM,Mon,Miami,23,17,40,26,33,0,59,99,NO,1,1,NO,Washington,26,33,59,34,18,0,52,111,YES,1,2,YES,99,111,210,99.14,110.39,209.52,2,202.5
1996,9-Apr,04:00PM,Tue,LAL,19,34,53,17,21,0,38,91,YES,1,0,NO,Denver,27,32,59,19,20,0,39,98,YES,1,1,NO,112,77,189,112.14,76.39,188.52,0,0
1996,9-Apr,04:00PM,Tue,Portland,27,18,45,28,25,0,53,98,NO,0,1,YES,Phoenix,22,18,40,26,25,0,51,91,YES,0,1,YES,85,104,189,85.14,103.39,188.52,-5,198
1996,9-Apr,06:30PM,Tue,Vancouver,17,19,36,30,18,0,48,84,YES,1,0,NO,Houston,22,22,44,17,29,0,46,90,NO,1,1,YES,80,94,174,80.14,93.39,173.52,0,0
1996,9-Apr,06:30PM,Tue,Toronto,38,19,57,22,23,0,45,102,NO,0,2,NO,Milwaukee,22,25,47,30,19,0,49,96,YES,1,2,YES,104,94,198,104.14,93.39,197.52,-10,208
1996,9-Apr,07:30PM,Tue,Detroit,28,29,57,33,21,0,54,111,NO,1,0,YES,New Jersey,24,22,46,18,30,0,48,94,NO,1,0,YES,103,102,205,103.14,101.39,204.52,5,182
1996,9-Apr,07:30PM,Tue,Boston,27,28,55,21,17,0,38,93,YES,1,0,YES,New York,30,31,61,18,18,0,36,97,NO,1,0,NO,116,74,190,116.14,73.39,189.52,-8,190
1996,9-Apr,04:30PM,Tue,Dallas,25,14,39,24,23,0,47,86,NO,0,1,NO,Sacramento,24,26,50,19,26,0,45,95,YES,0,1,NO,89,92,181,89.14,91.39,180.52,0,0
1996,10-Apr,04:00PM,Wed,Phoenix,16,19,35,26,18,0,44,79,YES,0,3,NO,Utah,29,26,55,20,28,0,48,103,YES,2,1,NO,90,92,182,90.14,91.39,181.52,-9.5,198.5
1996,10-Apr,06:00PM,Wed,LAL,35,29,64,23,24,0,47,111,NO,0,1,YES,Minnesota,31,24,55,17,18,0,35,90,YES,1,1,NO,119,82,201,119.14,81.39,200.52,0,0
1996,10-Apr,07:00PM,Wed,Sacramento,17,25,42,19,28,0,47,89,YES,0,1,NO,Seattle,29,28,57,29,22,0,51,108,YES,2,1,YES,99,98,197,99.14,97.39,196.52,-13,202
1996,10-Apr,07:30PM,Wed,Washington,29,28,57,30,35,0,65,122,YES,1,1,YES,Boston,27,28,55,27,26,0,53,108,NO,1,0,YES,112,118,230,112.14,117.39,229.52,3.5,207
1996,10-Apr,07:30PM,Wed,Miami,28,22,50,41,25,0,66,116,NO,1,0,YES,Charlotte,18,23,41,35,19,0,54,95,YES,3,1,YES,91,120,211,91.14,119.39,210.52,-1.5,198
1996,10-Apr,07:30PM,Wed,Philadelphia,15,26,41,14,21,0,35,76,YES,1,1,NO,Detroit,29,26,55,24,13,0,37,92,YES,2,0,YES,96,72,168,96.14,71.39,167.52,-14,193
1996,10-Apr,07:30PM,Wed,Cleveland,21,27,48,29,27,0,56,104,YES,3,0,NO,Orlando,35,30,65,27,24,0,51,116,NO,1,2,NO,113,107,220,113.14,106.39,219.52,-9.5,182
1996,10-Apr,06:30PM,Wed,Vancouver,27,21,48,12,22,0,34,82,NO,0,1,YES,San Antonio,23,27,50,33,22,0,55,105,NO,2,1,YES,98,89,187,98.14,88.39,186.52,0,0
1996,11-Apr,04:00PM,Thu,Dallas,17,24,41,27,31,0,58,99,NO,1,1,NO,Portland,20,36,56,29,29,0,58,114,YES,2,1,YES,97,116,213,97.14,115.39,212.52,0,0
1996,11-Apr,06:30PM,Thu,Denver,27,33,60,28,21,0,49,109,YES,1,2,NO,Houston,31,29,60,28,25,0,53,113,NO,1,1,NO,120,102,222,120.14,101.39,221.52,0,0
1996,11-Apr,04:30PM,Thu,Golden State,34,27,61,28,22,0,50,111,YES,2,0,NO,LAC,26,21,47,20,34,0,54,101,NO,1,2,NO,108,104,212,108.14,103.39,211.52,2,197
1996,11-Apr,07:30PM,Thu,Milwaukee,27,16,43,30,32,0,62,105,YES,1,0,NO,Miami,27,29,56,26,33,0,59,115,NO,1,0,YES,99,121,220,99.14,120.39,219.52,-12,203
1996,11-Apr,07:30PM,Thu,Chicago,29,25,54,31,28,0,59,113,YES,2,0,YES,New Jersey,20,18,38,34,28,0,62,100,NO,2,1,NO,92,121,213,92.14,120.39,212.52,13.5,192
1996,11-Apr,08:00PM,Thu,Cleveland,20,22,42,34,25,0,59,101,NO,0,2,YES,New York,18,27,45,31,21,0,52,97,YES,1,1,NO,87,111,198,87.14,110.39,197.52,-3,169
1996,12-Apr,07:00PM,Fri,Sacramento,26,25,51,22,25,0,47,98,NO,1,1,YES,Vancouver,21,32,53,27,19,0,46,99,NO,1,1,YES,104,93,197,104.14,92.39,196.52,0,0
1996,12-Apr,07:30PM,Fri,Milwaukee,23,22,45,33,19,0,52,97,NO,0,1,YES,Atlanta,28,31,59,15,30,0,45,104,YES,1,3,YES,104,97,201,104.14,96.39,200.52,0,0
1996,12-Apr,07:30PM,Fri,Toronto,26,27,53,26,29,0,55,108,NO,2,1,NO,Boston,33,30,63,35,38,0,73,136,YES,1,1,NO,116,128,244,116.14,127.39,243.52,-9,212
1996,12-Apr,06:30PM,Fri,Philadelphia,21,16,37,22,23,0,45,82,NO,1,1,YES,Chicago,20,29,49,35,28,0,63,112,YES,1,0,YES,86,108,194,86.14,107.39,193.52,-19.5,197
1996,12-Apr,04:30PM,Fri,Golden State,26,23,49,19,13,0,32,81,NO,0,1,YES,LAL,26,17,43,25,26,0,51,94,NO,1,1,YES,92,83,175,92.14,82.39,174.52,-9.5,206.5
1996,12-Apr,07:30PM,Fri,Minnesota,24,28,52,22,32,0,54,106,YES,1,1,YES,Washington,38,25,63,22,31,0,53,116,NO,1,1,YES,115,107,222,115.14,106.39,221.52,0,0
1996,12-Apr,08:00PM,Fri,Indiana,24,31,55,32,24,0,56,111,YES,3,0,YES,Orlando,27,20,47,26,28,0,54,101,YES,1,1,NO,102,110,212,102.14,109.39,211.52,-7,195
1996,13-Apr,01:30PM,Sat,Seattle,26,19,45,24,12,0,36,81,YES,2,1,NO,San Antonio,24,26,50,20,14,0,34,84,YES,1,2,NO,95,70,165,95.14,69.39,164.52,-3.5,203
1996,13-Apr,03:30PM,Sat,New York,21,26,47,22,26,0,48,95,YES,1,1,YES,Miami,19,30,49,30,24,0,54,103,NO,1,1,NO,96,102,198,96.14,101.39,197.52,-7,188
1996,13-Apr,04:00PM,Sat,Dallas,21,26,47,35,29,0,64,111,NO,1,2,YES,Houston,35,27,62,24,26,0,50,112,NO,1,1,NO,109,114,223,109.14,113.39,222.52,0,0
1996,13-Apr,06:00PM,Sat,Detroit,19,29,48,22,16,0,38,86,YES,2,0,YES,Indiana,28,12,40,18,33,0,51,91,NO,1,0,YES,88,89,177,88.14,88.39,176.52,-5,187.5
1996,13-Apr,04:30PM,Sat,Utah,20,17,37,24,20,0,44,81,YES,2,0,NO,LAC,26,22,48,20,23,0,43,91,YES,0,1,NO,85,87,172,85.14,86.39,171.52,0,0
1996,14-Apr,12:00PM,Sun,Portland,27,15,42,21,18,0,39,81,YES,2,0,YES,Vancouver,26,23,49,16,14,0,30,79,NO,1,1,NO,91,69,160,91.14,68.39,159.52,9,189
1996,14-Apr,09:30AM,Sun,Phoenix,31,27,58,27,29,0,56,114,NO,3,1,YES,LAL,33,31,64,27,27,0,54,118,YES,1,1,NO,122,110,232,122.14,109.39,231.52,-6,205
1996,14-Apr,01:00PM,Sun,Chicago,24,22,46,25,27,0,52,98,YES,1,1,NO,Cleveland,17,18,35,14,23,0,37,72,YES,1,2,YES,81,89,170,81.14,88.39,169.52,7,182
1996,14-Apr,01:00PM,Sun,Atlanta,30,23,53,23,23,0,46,99,YES,1,1,YES,New Jersey,15,26,41,22,27,0,49,90,YES,0,2,NO,94,95,189,94.14,94.39,188.52,5.5,188
1996,14-Apr,01:00PM,Sun,Charlotte,27,25,52,18,24,0,42,94,YES,3,0,NO,Philadelphia,27,16,43,21,14,0,35,78,NO,2,1,YES,95,77,172,95.14,76.39,171.52,9,197
1996,14-Apr,01:00PM,Sun,Toronto,23,31,54,25,18,0,43,97,NO,1,0,NO,Washington,30,31,61,26,23,0,49,110,YES,1,1,NO,115,92,207,115.14,91.39,206.52,0,0
1996,14-Apr,01:30PM,Sun,Denver,27,14,41,32,25,0,57,98,NO,2,0,YES,Minnesota,26,20,46,20,25,0,45,91,NO,2,1,YES,87,102,189,87.14,101.39,188.52,0,0
1996,14-Apr,05:00PM,Sun,Orlando,28,24,52,30,19,0,49,101,YES,1,1,YES,Milwaukee,32,32,64,22,28,0,50,114,NO,1,1,YES,116,99,215,116.14,98.39,214.52,0,0
1996,14-Apr,03:00PM,Sun,LAC,16,32,48,19,29,0,48,96,YES,0,1,NO,Sacramento,21,19,40,32,29,0,61,101,YES,0,1,YES,88,109,197,88.14,108.39,196.52,-10,196
1996,14-Apr,07:00PM,Sun,Boston,22,27,49,14,28,5,42,91,YES,1,2,NO,Detroit,22,22,44,21,26,14,47,91,NO,2,0,YES,93,89,182,93.14,88.39,181.52,-10,196
1996,14-Apr,04:30PM,Sun,Utah,20,25,45,17,20,0,37,82,NO,0,1,YES,Golden State,23,19,42,27,24,0,51,93,YES,2,1,YES,87,88,175,87.14,87.39,174.52,4,194.5
1996,15-Apr,05:00PM,Mon,Sacramento,21,23,44,25,21,0,46,90,YES,0,1,YES,Denver,23,21,44,20,22,0,42,86,YES,2,0,YES,88,88,176,88.14,87.39,175.52,0,0
1996,15-Apr,06:30PM,Mon,Seattle,28,28,56,27,29,0,56,112,NO,1,1,YES,Houston,22,31,53,27,26,0,53,106,YES,0,1,NO,109,109,218,109.14,108.39,217.52,1.5,206.5
1996,15-Apr,07:30PM,Mon,Charlotte,28,24,52,19,16,0,35,87,NO,0,2,YES,Indiana,21,19,40,21,29,0,50,90,YES,1,1,NO,92,85,177,92.14,84.39,176.52,0,0
1996,15-Apr,07:30PM,Mon,New Jersey,34,19,53,11,26,0,37,90,YES,0,1,YES,Miami,23,26,49,27,34,0,61,110,YES,1,1,NO,102,98,200,102.14,97.39,199.52,-14,199
1996,15-Apr,07:30PM,Mon,Toronto,17,18,35,25,19,0,44,79,NO,0,1,NO,New York,29,26,55,32,38,0,70,125,YES,2,1,YES,90,114,204,90.14,113.39,203.52,-14,202
1996,15-Apr,04:30PM,Mon,San Antonio,19,37,56,29,12,0,41,97,YES,1,0,NO,Portland,28,34,62,27,32,0,59,121,YES,1,0,YES,118,100,218,118.14,99.39,217.52,0,0
1996,16-Apr,03:00PM,Tue,Houston,21,25,46,23,31,0,54,100,YES,0,1,YES,Phoenix,20,25,45,38,28,0,66,111,YES,0,1,YES,91,120,211,91.14,119.39,210.52,0,0
1996,16-Apr,05:00PM,Tue,LAC,26,19,45,22,18,0,40,85,NO,1,1,NO,Utah,31,27,58,25,25,0,50,108,YES,1,1,YES,103,90,193,103.14,89.39,192.52,-14,195
1996,16-Apr,07:00PM,Tue,San Antonio,27,21,48,25,22,0,47,95,NO,0,1,YES,Vancouver,19,24,43,17,26,0,43,86,NO,1,1,NO,91,90,181,91.14,89.39,180.52,11,189
1996,16-Apr,07:30PM,Tue,Cleveland,15,18,33,26,21,0,47,80,YES,1,1,YES,Atlanta,30,17,47,10,20,0,30,77,YES,1,1,YES,80,77,157,80.14,76.39,156.52,-3,174
1996,16-Apr,06:30PM,Tue,LAL,32,27,59,23,31,0,54,113,YES,1,1,NO,Dallas,21,28,49,15,31,0,46,95,NO,1,2,YES,108,100,208,108.14,99.39,207.52,0,0
1996,16-Apr,06:30PM,Tue,Chicago,28,12,40,22,24,0,46,86,NO,1,1,YES,Milwaukee,25,24,49,19,12,0,31,80,YES,1,1,NO,89,77,166,89.14,76.39,165.52,14.5,203
1996,16-Apr,07:30PM,Tue,Washington,30,19,49,21,25,0,46,95,YES,1,0,YES,Orlando,27,30,57,31,25,0,56,113,NO,1,1,YES,106,102,208,106.14,101.39,207.52,0,0
1996,17-Apr,06:00PM,Wed,Golden State,32,23,55,28,26,0,54,109,YES,2,1,YES,Minnesota,26,32,58,25,20,0,45,103,YES,1,2,NO,113,99,212,113.14,98.39,211.52,0,0
1996,17-Apr,07:00PM,Wed,Portland,26,18,44,20,26,0,46,90,YES,1,1,NO,Seattle,19,25,44,34,18,0,52,96,NO,1,1,YES,88,98,186,88.14,97.39,185.52,0,0
1996,17-Apr,07:30PM,Wed,Toronto,29,25,54,26,15,0,41,95,NO,1,1,YES,New Jersey,31,25,56,23,28,0,51,107,NO,1,1,YES,110,92,202,110.14,91.39,201.52,-11,203.5
1996,17-Apr,07:30PM,Wed,Miami,20,23,43,22,21,0,43,86,YES,1,1,NO,Philadelphia,20,21,41,21,28,0,49,90,NO,1,2,NO,84,92,176,84.14,91.39,175.52,12.5,196
1996,17-Apr,04:30PM,Wed,Phoenix,32,22,54,23,25,0,48,102,YES,0,1,YES,Sacramento,28,17,45,30,28,0,58,103,YES,2,1,YES,99,106,205,99.14,105.39,204.52,0,0
1996,17-Apr,07:30PM,Wed,Boston,32,25,57,23,41,0,64,121,NO,2,1,NO,Washington,25,27,52,26,28,0,54,106,YES,1,0,YES,109,118,227,109.14,117.39,226.52,8,215
1996,17-Apr,08:00PM,Wed,Indiana,24,21,45,28,20,0,48,93,YES,1,2,NO,Detroit,20,30,50,29,23,0,52,102,YES,0,2,NO,95,100,195,95.14,99.39,194.52,-6.5,180
1996,18-Apr,07:00PM,Thu,Utah,27,20,47,27,20,0,47,94,YES,1,1,YES,Vancouver,24,20,44,14,21,0,35,79,YES,0,1,NO,91,82,173,91.14,81.39,172.52,0,0
1996,18-Apr,07:30PM,Thu,Milwaukee,28,32,60,28,23,0,51,111,YES,1,0,YES,Charlotte,31,22,53,25,25,0,50,103,YES,0,2,YES,113,101,214,113.14,100.39,213.52,-11,201
1996,18-Apr,06:30PM,Thu,Detroit,17,26,43,21,15,0,36,79,YES,0,1,NO,Chicago,30,29,59,23,28,0,51,110,NO,1,1,YES,102,87,189,102.14,86.39,188.52,-12,188
1996,18-Apr,07:30PM,Thu,New York,13,15,28,19,30,0,49,77,YES,2,0,YES,Cleveland,22,21,43,28,21,0,49,92,NO,1,1,YES,71,98,169,71.14,97.39,168.52,-4.5,169
1996,18-Apr,06:30PM,Thu,Denver,16,27,43,29,26,0,55,98,YES,2,0,YES,Dallas,32,33,65,38,29,0,67,132,YES,0,1,NO,108,122,230,108.14,121.39,229.52,0,0
1996,18-Apr,06:30PM,Thu,LAC,32,28,60,27,20,0,47,107,NO,1,2,YES,Houston,29,26,55,29,31,0,60,115,NO,2,1,YES,115,107,222,115.14,106.39,221.52,0,0
1996,18-Apr,07:30PM,Thu,Atlanta,18,30,48,20,36,0,56,104,YES,1,1,YES,Orlando,36,32,68,23,28,0,51,119,YES,0,1,NO,116,107,223,116.14,106.39,222.52,-8.5,199
1996,18-Apr,06:30PM,Thu,LAL,35,28,63,29,8,0,37,100,NO,1,1,YES,San Antonio,24,25,49,29,25,0,54,103,NO,2,1,YES,112,91,203,112.14,90.39,202.52,-7.5,198.5
1996,19-Apr,05:00PM,Fri,Vancouver,21,26,47,18,27,0,45,92,YES,0,1,NO,Denver,17,15,32,24,22,0,46,78,NO,1,0,YES,79,91,170,79.14,90.39,169.52,0,0
1996,19-Apr,04:00PM,Fri,Dallas,24,25,49,31,23,0,54,103,YES,0,1,NO,Phoenix,34,32,66,25,32,0,57,123,YES,1,1,YES,115,111,226,115.14,110.39,225.52,0,0
1996,19-Apr,07:00PM,Fri,Minnesota,17,29,46,23,17,0,40,86,YES,1,0,NO,Seattle,26,16,42,28,24,0,52,94,YES,1,1,NO,88,92,180,88.14,91.39,179.52,-13.5,207.5
1996,19-Apr,07:00PM,Fri,Washington,32,27,59,15,29,0,44,103,YES,1,1,YES,Toronto,21,30,51,30,26,0,56,107,NO,1,1,YES,110,100,210,110.14,99.39,209.52,7,217.5
1996,19-Apr,04:30PM,Fri,Portland,27,20,47,23,25,0,48,95,NO,1,1,YES,Golden State,21,28,49,18,20,0,38,87,YES,1,1,YES,96,86,182,96.14,85.39,181.52,-4,189.5
1996,19-Apr,06:30PM,Fri,Miami,31,27,58,23,25,0,48,106,NO,1,1,YES,Milwaukee,31,25,56,21,23,0,44,100,YES,1,0,YES,114,92,206,114.14,91.39,205.52,8.5,204.5
1996,19-Apr,07:30PM,Fri,Boston,30,27,57,26,29,0,55,112,NO,1,1,YES,New Jersey,32,26,58,18,30,0,48,106,YES,0,1,NO,115,103,218,115.14,102.39,217.52,-2,206.5
1996,19-Apr,07:30PM,Fri,Orlando,21,28,49,31,32,0,63,112,YES,0,1,NO,Philadelphia,21,24,45,21,26,0,47,92,YES,1,1,NO,94,110,204,94.14,109.39,203.52,11.5,199.5
1996,19-Apr,08:00PM,Fri,Charlotte,27,31,58,24,33,0,57,115,YES,0,1,YES,New York,33,20,53,31,24,0,55,108,YES,1,0,YES,111,112,223,111.14,111.39,222.52,-4,191
1996,20-Apr,01:00PM,Sat,Detroit,22,18,40,13,20,0,33,73,NO,1,0,YES,Cleveland,23,19,42,18,15,0,33,75,YES,0,1,NO,82,66,148,82.14,65.39,147.52,0,0
1996,20-Apr,01:30PM,Sat,Indiana,27,25,52,25,23,0,48,100,NO,2,0,YES,Chicago,30,20,50,27,22,0,49,99,YES,0,1,NO,102,97,199,102.14,96.39,198.52,-13,190
1996,20-Apr,05:00PM,Sat,Sacramento,25,23,48,27,17,0,44,92,YES,2,0,YES,Utah,24,30,54,30,20,0,50,104,NO,194,1,YES,102,94,196,102.14,93.39,195.52,-12.5,194
1996,20-Apr,07:30PM,Sat,New Jersey,23,32,55,15,29,0,44,99,YES,0,194,YES,Atlanta,32,26,58,34,29,0,63,121,YES,0,1,YES,113,107,220,113.14,106.39,219.52,-12,195
1996,20-Apr,04:30PM,Sat,Minnesota,25,24,49,19,14,0,33,82,NO,0,194,YES,LAL,28,27,55,23,28,0,51,106,YES,0,1,YES,104,84,188,104.14,83.39,187.52,-9.5,205
1996,21-Apr,01:00PM,Sun,New York,39,30,69,33,20,0,53,122,YES,1,193,NO,Boston,32,30,62,25,24,0,49,111,NO,193,1,YES,131,102,233,131.14,101.39,232.52,3,203
1996,21-Apr,01:00PM,Sun,Chicago,31,20,51,29,23,0,52,103,YES,0,193,NO,Washington,22,30,52,23,18,0,41,93,YES,193,1,YES,103,93,196,103.14,92.39,195.52,9,205.5
1996,21-Apr,01:00PM,Sun,Philadelphia,28,29,57,25,17,10,42,99,YES,1,193,YES,Toronto,33,18,51,29,19,6,48,99,NO,193,1,NO,108,90,198,108.14,89.39,197.52,-4,206
1996,21-Apr,11:30AM,Sun,Seattle,28,25,53,20,15,0,35,88,YES,1,193,NO,Denver,19,26,45,29,25,0,54,99,NO,193,1,NO,98,89,187,98.14,88.39,186.52,0,0
1996,21-Apr,01:30PM,Sun,Phoenix,23,29,52,32,26,0,58,110,YES,1,193,NO,Houston,33,26,59,27,32,0,59,118,NO,193,2,NO,111,117,228,111.14,116.39,227.52,0,0
1996,21-Apr,02:30PM,Sun,Cleveland,28,25,53,12,23,0,35,88,YES,0,193,NO,Indiana,19,25,44,17,28,0,45,89,YES,193,0,YES,97,80,177,97.14,79.39,176.52,-3,177
1996,21-Apr,01:30PM,Sun,Dallas,19,31,50,26,27,0,53,103,NO,1,193,NO,San Antonio,31,20,51,23,24,0,47,98,YES,193,2,NO,101,100,201,101.14,99.39,200.52,-13.5,217
1996,21-Apr,12:00PM,Sun,Vancouver,25,20,45,25,38,0,63,108,NO,1,193,YES,LAC,22,24,46,29,26,0,55,101,YES,193,2,YES,91,118,209,91.14,117.39,208.52,-8.5,191
1996,21-Apr,03:30PM,Sun,Orlando,26,20,46,29,28,0,57,103,NO,1,193,YES,Charlotte,37,22,59,20,21,0,41,100,NO,194,1,YES,105,98,203,105.14,97.39,202.52,4.5,212.5
1996,21-Apr,06:00PM,Sun,Atlanta,19,30,49,26,29,0,55,104,YES,0,193,NO,Miami,24,21,45,12,35,0,47,92,NO,193,1,YES,94,102,196,94.14,101.39,195.52,-4,200
1996,21-Apr,03:00PM,Sun,LAL,27,26,53,24,15,0,39,92,YES,0,193,YES,Portland,31,28,59,17,12,0,29,88,YES,193,1,YES,112,68,180,112.14,67.39,179.52,0,0
1996,21-Apr,03:00PM,Sun,Golden State,29,23,52,33,15,0,48,100,YES,1,193,YES,Sacramento,31,21,52,24,31,0,55,107,YES,193,0,YES,104,103,207,104.14,102.39,206.52,-5,201
1996,21-Apr,07:00PM,Sun,Milwaukee,31,17,48,27,17,0,44,92,YES,1,193,NO,Detroit,31,31,62,25,21,0,46,108,NO,193,0,YES,110,90,200,110.14,89.39,199.52,-9.5,193
1996,1-Nov,07:00PM,Fri,Chicago,27,21,48,32,27,0,59,107,NO,193,0,YES,Boston,28,31,59,18,21,0,39,98,YES,0,193,NO,107,98,205,111.44,101.26,212.69,11,207
1996,1-Nov,05:00PM,Fri,Dallas,26,22,48,20,24,0,44,92,NO,193,0,YES,Denver,26,22,48,23,20,0,43,91,YES,1,193,NO,96,87,183,100.44,90.26,190.69,-4,205.5
1996,1-Nov,06:00PM,Fri,San Antonio,15,25,40,11,27,0,38,78,YES,193,1,YES,Minnesota,24,15,39,15,28,0,43,82,YES,1,194,YES,79,81,160,83.44,84.26,167.69,0,0
1996,1-Nov,05:00PM,Fri,Seattle,23,23,46,25,20,0,45,91,NO,193,0,YES,Utah,28,25,53,22,24,0,46,99,YES,0,194,NO,99,91,190,103.44,94.26,197.69,-4,196.5
1996,1-Nov,07:30PM,Fri,Indiana,17,28,45,14,30,0,44,89,YES,193,0,YES,Detroit,16,25,41,27,27,0,54,95,YES,0,193,NO,86,98,184,90.44,101.26,191.69,-4.5,182
1996,1-Nov,04:30PM,Fri,LAC,27,18,45,30,22,0,52,97,YES,193,0,YES,Golden State,29,13,42,23,20,0,43,85,YES,1,193,YES,87,95,182,91.44,98.26,189.69,-7.5,208
1996,1-Nov,06:30PM,Fri,Sacramento,24,11,35,19,31,0,50,85,YES,193,0,NO,Houston,31,21,52,24,20,0,44,96,YES,0,193,NO,87,94,181,91.44,97.26,188.69,-6.5,201
1996,1-Nov,04:30PM,Fri,Phoenix,20,20,40,29,13,0,42,82,NO,193,0,YES,LAL,26,31,57,15,24,0,39,96,NO,1,193,YES,97,81,178,101.44,84.26,185.69,-12,210
1996,1-Nov,07:30PM,Fri,Atlanta,15,24,39,27,15,0,42,81,NO,193,0,YES,Miami,25,28,53,23,18,0,41,94,YES,0,193,NO,92,83,175,96.44,86.26,182.69,-4.5,184
1996,1-Nov,07:30PM,Fri,Cleveland,28,25,53,17,20,0,37,90,NO,193,0,NO,New Jersey,19,20,39,16,22,0,38,77,NO,5,194,YES,92,75,167,96.44,78.26,174.69,2.5,181.5
1996,1-Nov,07:30PM,Fri,Washington,18,27,45,24,27,0,51,96,YES,193,0,YES,Orlando,26,26,52,19,21,0,40,92,YES,5,193,YES,97,91,188,101.44,94.26,195.69,-5.5,206
1996,1-Nov,07:30PM,Fri,Milwaukee,31,27,58,29,24,0,53,111,NO,193,0,YES,Philadelphia,28,23,51,29,23,0,52,103,YES,0,193,YES,109,105,214,113.44,108.26,221.69,-1,203
1996,1-Nov,07:30PM,Fri,Portland,29,27,56,30,28,0,58,114,YES,193,0,NO,Vancouver,26,27,53,16,16,0,32,85,NO,1,193,YES,109,90,199,113.44,93.26,206.69,7,186
1996,1-Nov,08:00PM,Fri,New York,26,23,49,25,33,0,58,107,NO,193,1,YES,Toronto,28,17,45,30,24,0,54,99,YES,0,193,NO,94,112,206,98.44,115.26,213.69,7,192.5
1996,2-Nov,04:00PM,Sat,Houston,31,18,49,28,33,0,61,110,YES,0,1,NO,Phoenix,13,27,40,25,30,0,55,95,NO,2,0,YES,89,116,205,93.44,119.26,212.69,2.5,201.5
1996,2-Nov,07:00PM,Sat,Portland,26,11,37,27,29,0,56,93,NO,0,1,YES,Seattle,27,27,54,28,22,0,50,104,NO,2,0,YES,91,106,197,95.44,109.26,204.69,-8,195
1996,2-Nov,07:30PM,Sat,Detroit,23,17,40,24,26,0,50,90,YES,0,2,NO,Atlanta,20,24,44,15,19,0,34,78,YES,1,0,YES,84,84,168,88.44,87.26,175.69,-4.5,179
1996,2-Nov,07:30PM,Sat,Toronto,27,23,50,29,19,0,48,98,YES,0,2,YES,Charlotte,30,22,52,33,24,0,57,109,YES,0,194,NO,102,105,207,106.44,108.26,214.69,-8.5,202
1996,2-Nov,06:30PM,Sat,Philadelphia,17,21,38,26,22,0,48,86,YES,0,2,YES,Chicago,27,35,62,33,20,0,53,115,NO,2,0,YES,100,101,201,104.44,104.26,208.69,-17.5,201
1996,2-Nov,06:30PM,Sat,Sacramento,25,31,56,28,23,0,51,107,NO,0,2,YES,Dallas,24,13,37,22,35,0,57,94,YES,2,0,YES,93,108,201,97.44,111.26,208.69,-4.5,196
1996,2-Nov,07:30PM,Sat,Miami,22,25,47,28,22,0,50,97,YES,0,3,YES,Indiana,29,19,48,18,29,0,47,95,YES,3,0,YES,95,97,192,99.44,100.26,199.69,-3.5,180
1996,2-Nov,04:30PM,Sat,Utah,26,20,46,32,17,0,49,95,YES,0,1,YES,LAC,21,20,41,22,27,0,49,90,YES,2,0,YES,87,98,185,91.44,101.26,192.69,7,191
1996,2-Nov,06:30PM,Sat,Boston,21,15,36,33,33,0,66,102,YES,0,3,YES,Milwaukee,35,29,64,32,28,0,60,124,NO,3,0,YES,100,126,226,104.44,129.26,233.69,-9,205
1996,2-Nov,07:30PM,Sat,Cleveland,22,20,42,24,24,8,48,90,NO,0,2,YES,Washington,18,24,42,31,17,6,48,90,NO,3,0,YES,84,96,180,88.44,99.26,187.69,-5,186
1996,3-Nov,06:00PM,Sun,Charlotte,11,25,36,20,30,0,50,86,YES,0,2,YES,New York,37,33,70,19,24,0,43,113,NO,1,1,YES,106,93,199,110.44,96.26,206.69,-8.5,191.5
1996,3-Nov,05:00PM,Sun,Denver,25,27,52,12,24,0,36,88,YES,1,1,YES,San Antonio,18,16,34,22,23,0,45,79,YES,1,1,YES,86,81,167,90.44,84.26,174.69,-4.5,188.5
1996,3-Nov,06:00PM,Sun,Golden State,33,19,52,23,30,0,53,105,YES,1,1,YES,Vancouver,20,26,46,25,24,0,49,95,YES,1,1,NO,98,102,200,102.44,105.26,207.69,0,185.5
1996,3-Nov,03:30PM,Sun,Minnesota,23,24,47,22,16,0,38,85,YES,1,1,NO,LAL,17,23,40,25,26,0,51,91,YES,1,1,NO,87,89,176,91.44,92.26,183.69,-14,193
1996,4-Nov,04:00PM,Mon,Atlanta,32,28,60,17,17,0,34,94,YES,1,0,NO,Portland,13,27,40,19,17,0,36,76,YES,0,1,YES,100,70,170,104.44,73.26,177.69,-4.5,184.5
1996,4-Nov,05:00PM,Mon,Houston,19,11,30,26,19,0,45,75,NO,1,0,NO,Utah,19,18,37,26,9,0,35,72,YES,4,1,YES,67,80,147,71.44,83.26,154.69,-4,191
1996,5-Nov,05:00PM,Tue,LAC,18,19,37,23,22,0,45,82,YES,2,2,YES,Denver,30,17,47,19,12,0,31,78,NO,1,1,YES,84,76,160,88.44,79.26,167.69,-7,187
1996,5-Nov,04:00PM,Tue,Minnesota,24,30,54,25,19,0,44,98,NO,1,1,NO,Phoenix,28,19,47,20,28,0,48,95,NO,1,2,NO,101,92,193,105.44,95.26,200.69,-6,187.5
1996,5-Nov,07:00PM,Tue,Atlanta,34,21,55,36,26,0,62,117,NO,0,1,NO,Seattle,29,29,58,18,19,0,37,95,YES,1,2,NO,113,99,212,117.44,102.26,219.69,-10,184
1996,5-Nov,07:00PM,Tue,Dallas,26,27,53,28,15,0,43,96,YES,2,0,NO,Toronto,20,20,40,34,26,0,60,100,NO,2,2,YES,93,103,196,97.44,106.26,203.69,1,194.5
1996,5-Nov,06:30PM,Tue,Vancouver,27,16,43,13,17,0,30,73,YES,1,0,NO,Chicago,25,32,57,19,20,0,39,96,YES,0,2,NO,100,69,169,104.44,72.26,176.69,-19,190
1996,5-Nov,07:30PM,Tue,San Antonio,15,16,31,19,24,0,43,74,YES,1,0,NO,Cleveland,13,21,34,21,13,0,34,68,NO,2,2,YES,65,77,142,69.44,80.26,149.69,-8,174
1996,5-Nov,04:30PM,Tue,Portland,31,28,59,23,29,0,52,111,YES,0,1,YES,Golden State,27,29,56,14,23,0,37,93,NO,1,1,YES,115,89,204,119.44,92.26,211.69,2,191
1996,5-Nov,07:30PM,Tue,Detroit,20,19,39,22,22,0,44,83,NO,2,0,YES,Philadelphia,27,17,44,23,14,0,37,81,YES,2,2,YES,83,81,164,87.44,84.26,171.69,5,189
1996,5-Nov,04:30PM,Tue,Houston,25,24,49,22,31,0,53,102,NO,0,1,NO,Sacramento,20,15,35,20,25,0,45,80,NO,1,2,YES,84,98,182,88.44,101.26,189.69,2,191
1996,5-Nov,08:00PM,Tue,LAL,25,24,49,24,25,0,49,98,YES,1,0,NO,New York,22,23,45,23,24,0,47,92,YES,1,1,NO,94,96,190,98.44,99.26,197.69,-4,190
1996,6-Nov,07:00PM,Wed,Indiana,30,28,58,8,18,0,26,84,YES,3,2,YES,Boston,17,18,35,38,21,0,59,94,NO,1,3,YES,93,85,178,97.44,88.26,185.69,5,197
1996,6-Nov,07:30PM,Wed,LAL,18,23,41,26,11,0,37,78,NO,0,1,NO,Charlotte,18,15,33,37,18,0,55,88,YES,1,2,YES,74,92,166,78.44,95.26,173.69,5,0
1996,6-Nov,07:30PM,Wed,Dallas,22,17,39,15,30,0,45,84,NO,0,2,YES,Detroit,25,23,48,23,32,0,55,103,NO,1,0,YES,87,100,187,91.44,103.26,194.69,-7,181
1996,6-Nov,06:30PM,Wed,Vancouver,19,20,39,22,28,0,50,89,NO,0,1,NO,Milwaukee,24,26,50,23,32,0,55,105,YES,1,3,NO,89,105,194,93.44,108.26,201.69,-11.5,193.5
1996,6-Nov,07:30PM,Wed,San Antonio,23,24,47,20,19,0,39,86,NO,0,1,YES,Washington,26,17,43,27,26,0,53,96,NO,1,3,NO,90,92,182,94.44,95.26,189.69,-10,181.5
1996,6-Nov,08:00PM,Wed,Chicago,19,38,57,26,23,0,49,106,YES,0,1,NO,Miami,30,23,53,20,27,0,47,100,NO,1,3,YES,110,96,206,114.44,99.26,213.69,5.5,186
1996,7-Nov,04:30AM,Thu,Orlando,22,29,51,31,26,0,57,108,YES,5,0,YES,New Jersey,22,27,49,22,24,0,46,95,YES,0,5,NO,100,103,203,104.44,106.26,210.69,7,181.5
1996,7-Nov,05:00PM,Thu,Houston,30,20,50,27,17,16,44,94,NO,1,1,YES,Denver,29,23,52,19,23,14,42,94,NO,0,1,NO,102,86,188,106.44,89.26,195.69,6.5,186
1996,7-Nov,04:00PM,Thu,Seattle,30,22,52,29,22,0,51,103,YES,1,0,NO,Phoenix,23,14,37,28,33,0,61,98,YES,1,1,NO,89,112,201,93.44,115.26,208.69,6,198
1996,7-Nov,04:00PM,Thu,Minnesota,22,25,47,14,27,6,41,88,NO,1,2,NO,Portland,25,25,50,23,15,7,38,88,YES,1,1,YES,97,79,176,101.44,82.26,183.69,-8,188
1996,7-Nov,04:30PM,Thu,New York,28,16,44,29,32,0,61,105,YES,1,0,NO,Golden State,26,22,48,25,27,0,52,100,YES,0,1,NO,92,113,205,96.44,116.26,212.69,6,196
1996,7-Nov,04:30PM,Thu,Atlanta,16,18,34,29,28,0,57,91,NO,1,2,NO,Sacramento,21,24,45,20,22,0,42,87,NO,1,1,NO,79,99,178,83.44,102.26,185.69,2,186
1996,8-Nov,07:00PM,Fri,Philadelphia,27,28,55,25,35,0,60,115,YES,2,0,YES,Boston,24,35,59,20,26,0,46,105,YES,0,1,NO,114,106,220,118.44,109.26,227.69,-5,206
1996,8-Nov,05:00PM,Fri,Golden State,20,32,52,26,13,0,39,91,YES,0,3,NO,Denver,24,29,53,24,17,0,41,94,YES,1,0,NO,105,80,185,109.44,83.26,192.69,-4.5,194
1996,8-Nov,07:00PM,Fri,LAL,24,23,47,26,19,0,45,92,NO,1,1,YES,Toronto,32,27,59,21,13,0,34,93,NO,2,2,NO,106,79,185,110.44,82.26,192.69,8,198
1996,8-Nov,04:30PM,Fri,New York,26,17,43,22,12,11,34,77,NO,0,1,NO,LAC,18,22,40,15,22,4,37,77,NO,1,2,YES,83,71,154,87.44,74.26,161.69,6,189
1996,8-Nov,07:30PM,Fri,Milwaukee,23,13,36,24,29,0,53,89,YES,1,0,NO,Miami,26,27,53,20,28,0,48,101,YES,0,1,NO,89,101,190,93.44,104.26,197.69,-6.5,199
1996,8-Nov,06:30PM,Fri,Seattle,24,21,45,19,23,0,42,87,NO,0,2,NO,San Antonio,15,22,37,15,23,0,38,75,YES,1,1,YES,82,80,162,86.44,83.26,169.69,7.5,182
1996,8-Nov,07:30PM,Fri,Charlotte,25,22,47,25,30,0,55,102,YES,1,0,YES,Washington,21,23,44,18,25,0,43,87,YES,0,1,NO,91,98,189,95.44,101.26,196.69,-8.5,0
1996,8-Nov,07:30PM,Fri,Vancouver,15,13,28,16,28,0,44,72,NO,1,1,YES,Cleveland,21,21,42,29,17,0,46,88,NO,1,2,NO,70,90,160,74.44,93.26,167.69,-11.5,171
1996,8-Nov,08:00PM,Fri,Chicago,30,19,49,25,24,0,49,98,NO,1,0,YES,Detroit,24,18,42,17,21,0,38,80,YES,3,1,NO,91,87,178,95.44,90.26,185.69,7.5,0
1996,8-Nov,10:30PM,Fri,New Jersey,13,25,38,15,29,0,44,82,YES,0,4,YES,Orlando,18,24,42,24,20,0,44,86,NO,5,0,YES,80,88,168,84.44,91.26,175.69,-6.5,190
1996,9-Nov,07:30PM,Sat,Milwaukee,24,30,54,28,18,0,46,100,NO,0,2,YES,Charlotte,27,36,63,19,16,0,35,98,YES,2,0,YES,117,81,198,121.44,84.26,205.69,-3,202
1996,9-Nov,06:30PM,Sat,Boston,30,18,48,20,24,0,44,92,YES,0,3,YES,Chicago,23,29,52,30,22,0,52,104,NO,1,0,YES,100,96,196,104.44,99.26,203.69,-17,204
1996,9-Nov,06:30PM,Sat,Miami,24,26,50,23,18,0,41,91,YES,0,2,YES,Dallas,19,22,41,24,19,0,43,84,NO,2,2,YES,91,84,175,95.44,87.26,182.69,2.5,191
1996,9-Nov,06:30PM,Sat,Utah,19,24,43,22,20,0,42,85,YES,4,3,YES,Houston,21,21,42,20,29,0,49,91,NO,2,1,YES,85,91,176,89.44,94.26,183.69,-4.5,183
1996,9-Nov,07:30PM,Sat,Washington,27,27,54,24,16,6,40,94,YES,0,2,YES,Indiana,24,30,54,19,21,9,40,94,YES,2,2,YES,108,80,188,112.44,83.26,195.69,-4,189
1996,9-Nov,07:30PM,Sat,Phoenix,17,22,39,25,31,0,56,95,YES,1,1,NO,Philadelphia,25,36,61,23,28,0,51,112,YES,2,0,YES,100,107,207,104.44,110.26,214.69,1,205.5
1996,9-Nov,04:30PM,Sat,Portland,20,28,48,29,25,0,54,102,YES,1,0,YES,Sacramento,31,24,55,18,30,0,48,103,NO,1,1,NO,103,102,205,107.44,105.26,212.69,1.5,187
1996,10-Nov,01:30PM,Sun,Denver,23,15,38,24,24,0,48,86,YES,1,0,NO,Cleveland,22,31,53,20,28,0,48,101,YES,1,1,NO,91,96,187,95.44,99.26,194.69,-8,170
1996,10-Nov,03:00PM,Sun,Minnesota,22,19,41,14,15,0,29,70,NO,2,1,YES,LAC,19,26,45,8,28,0,36,81,YES,1,1,NO,86,65,151,90.44,68.26,158.69,-1.5,180
1996,10-Nov,06:00PM,Sun,New York,26,21,47,29,25,0,54,101,NO,1,1,YES,Vancouver,24,21,45,17,20,0,37,82,NO,1,1,YES,92,91,183,96.44,94.26,190.69,10.5,179
1996,10-Nov,03:30PM,Sun,Atlanta,22,30,52,15,18,0,33,85,NO,2,1,YES,LAL,22,16,38,32,22,0,54,92,YES,1,1,YES,90,87,177,94.44,90.26,184.69,-6,182
1996,10-Nov,04:00PM,Sun,San Antonio,19,27,46,16,19,0,35,81,YES,1,2,YES,Portland,30,22,52,19,23,0,42,94,YES,1,0,YES,98,77,175,102.44,80.26,182.69,-9,178
1996,11-Nov,07:00PM,Mon,Denver,31,22,53,24,27,0,51,104,NO,0,1,NO,Toronto,17,17,34,33,26,0,59,93,NO,1,2,NO,87,110,197,91.44,113.26,204.69,-3,194
1996,11-Nov,06:30PM,Mon,Phoenix,23,18,41,14,24,0,38,79,NO,1,0,NO,Chicago,21,18,39,29,29,0,58,97,NO,1,1,NO,80,96,176,84.44,99.26,183.69,-15,197
1996,11-Nov,04:30PM,Mon,Seattle,27,28,55,29,26,0,55,110,NO,2,0,YES,Sacramento,22,22,44,24,26,0,50,94,YES,1,1,NO,99,105,204,103.44,108.26,211.69,5.5,189
1996,12-Nov,06:00PM,Tue,LAL,30,19,49,29,22,26,51,100,YES,1,0,NO,Houston,23,26,49,21,30,15,51,100,NO,1,2,NO,98,102,200,102.44,105.26,207.69,0,0
1996,12-Nov,06:00PM,Tue,Portland,20,24,44,27,26,0,53,97,YES,1,0,NO,Minnesota,25,26,51,28,21,0,49,100,NO,1,1,YES,95,102,197,99.44,105.26,204.69,1.5,185
1996,12-Nov,07:00PM,Tue,Golden State,38,19,57,24,21,0,45,102,NO,3,1,YES,Seattle,29,28,57,27,37,0,64,121,YES,1,0,YES,114,109,223,118.44,112.26,230.69,-12,203
1996,12-Nov,07:00PM,Tue,LAC,13,23,36,24,21,18,45,81,YES,1,1,YES,Vancouver,30,16,46,20,15,11,35,81,NO,1,1,NO,82,80,162,86.44,83.26,169.69,4,175
1996,12-Nov,07:30PM,Tue,Cleveland,14,21,35,26,22,0,48,83,YES,1,0,YES,Atlanta,19,17,36,21,30,0,51,87,YES,0,1,YES,71,99,170,75.44,102.26,177.69,-3,171
1996,12-Nov,06:30PM,Tue,Indiana,24,14,38,24,20,0,44,82,YES,2,1,NO,Dallas,29,34,63,17,23,0,40,103,YES,1,2,NO,101,84,185,105.44,87.26,192.69,0,182
1996,12-Nov,07:30PM,Tue,Charlotte,22,20,42,27,28,0,55,97,YES,2,1,NO,Miami,22,29,51,26,28,0,54,105,YES,0,2,YES,93,109,202,97.44,112.26,209.69,-8,187
1996,12-Nov,06:30PM,Tue,Phoenix,27,16,43,27,16,3,43,86,NO,0,1,NO,Milwaukee,27,18,45,16,25,13,41,86,YES,1,2,YES,88,84,172,92.44,87.26,179.69,-7.5,207
1996,12-Nov,07:30PM,Tue,Philadelphia,30,19,49,23,29,0,52,101,YES,2,0,NO,New York,26,20,46,28,23,0,51,97,NO,1,1,YES,95,103,198,99.44,106.26,205.69,-10,199
1996,12-Nov,07:30PM,Tue,Detroit,28,20,48,25,19,0,44,92,YES,3,0,YES,Washington,15,15,30,23,26,0,49,79,YES,0,2,YES,78,93,171,82.44,96.26,178.69,-5,176
1996,13-Nov,07:00PM,Wed,Atlanta,22,22,44,21,20,0,41,85,YES,0,1,YES,Boston,41,21,62,23,18,0,41,103,NO,1,3,YES,106,82,188,110.44,85.26,195.69,2,189.5
1996,13-Nov,05:00PM,Wed,Sacramento,21,14,35,19,20,0,39,74,YES,1,1,YES,Utah,29,25,54,27,24,0,51,105,NO,1,3,YES,89,90,179,93.44,93.26,186.69,-12,187
1996,13-Nov,07:00PM,Wed,Philadelphia,23,21,44,22,32,0,54,98,NO,0,1,YES,Toronto,23,24,47,35,28,0,63,110,YES,0,1,NO,91,117,208,95.44,120.26,215.69,-1,211
1996,13-Nov,06:30PM,Wed,Miami,18,20,38,13,20,0,33,71,YES,0,1,NO,Chicago,21,25,46,27,30,0,57,103,YES,1,1,NO,84,90,174,88.44,93.26,181.69,-11,190
1996,13-Nov,07:30PM,Wed,Portland,18,17,35,16,19,0,35,70,NO,0,1,NO,Cleveland,22,23,45,16,20,0,36,81,YES,1,0,YES,80,71,151,84.44,74.26,158.69,-4.5,175
1996,13-Nov,07:30PM,Wed,Denver,14,21,35,27,26,6,53,88,NO,1,1,NO,Detroit,16,21,37,32,19,7,51,88,NO,1,0,YES,72,104,176,76.44,107.26,183.69,-7.5,178
1996,13-Nov,07:30PM,Wed,Washington,26,30,56,25,25,0,50,106,YES,0,1,NO,New Jersey,21,16,37,28,26,0,54,91,NO,1,4,YES,93,104,197,97.44,107.26,204.69,4,187
1996,13-Nov,06:30PM,Wed,LAL,20,18,38,17,28,0,45,83,NO,0,1,YES,San Antonio,22,30,52,21,22,0,43,95,NO,1,2,YES,90,88,178,94.44,91.26,185.69,6.5,175
1996,14-Nov,06:00PM,Thu,Dallas,23,24,47,18,25,0,43,90,YES,1,1,YES,Minnesota,22,19,41,28,31,0,59,100,YES,1,1,NO,88,102,190,92.44,105.26,197.69,-2,189
1996,14-Nov,07:00PM,Thu,Phoenix,30,8,38,23,28,0,51,89,NO,1,2,YES,Vancouver,25,14,39,26,27,0,53,92,YES,0,1,NO,77,104,181,81.44,107.26,188.69,5,182
1996,14-Nov,04:30PM,Thu,Milwaukee,25,26,51,19,16,0,35,86,YES,1,0,NO,Golden State,27,16,43,28,24,0,52,95,YES,1,1,YES,94,87,181,98.44,90.26,188.69,2,205
1996,14-Nov,06:30PM,Thu,Indiana,25,21,46,26,16,0,42,88,NO,1,0,NO,Houston,24,23,47,16,27,0,43,90,NO,1,1,NO,93,85,178,97.44,88.26,185.69,-7.5,182
1996,14-Nov,04:30PM,Thu,Seattle,29,20,49,23,22,0,45,94,YES,1,1,YES,LAC,19,17,36,25,17,0,42,78,YES,0,1,YES,85,87,172,89.44,90.26,179.69,7,189
1996,14-Nov,07:30PM,Thu,Toronto,26,21,47,29,20,0,49,96,YES,0,1,NO,New York,19,28,47,23,29,0,52,99,NO,1,1,NO,94,101,195,98.44,104.26,202.69,-12.5,201
1996,14-Nov,07:30PM,Thu,Charlotte,22,18,40,27,22,0,49,89,NO,1,0,YES,Orlando,27,21,48,19,29,0,48,96,NO,1,5,NO,88,97,185,92.44,100.26,192.69,-6,192
1996,15-Nov,07:00PM,Fri,Denver,17,15,32,28,22,0,50,82,NO,1,0,NO,Boston,20,22,42,20,18,0,38,80,YES,0,1,NO,74,88,162,78.44,91.26,169.69,-3.5,202
1996,15-Nov,05:00PM,Fri,Vancouver,25,21,46,18,32,0,50,96,YES,0,1,NO,Utah,21,24,45,25,34,0,59,104,YES,0,1,NO,91,109,200,95.44,112.26,207.69,-18,176
1996,15-Nov,07:30PM,Fri,Miami,27,29,56,13,8,0,21,77,NO,1,0,YES,Atlanta,19,19,38,28,19,0,47,85,YES,0,1,YES,94,68,162,98.44,71.26,169.69,0,0
1996,15-Nov,07:30PM,Fri,Washington,21,26,47,12,25,0,37,84,NO,1,0,YES,Detroit,27,17,44,30,21,0,51,95,YES,0,1,NO,91,88,179,95.44,91.26,186.69,-3,179
1996,15-Nov,04:30PM,Fri,LAC,23,26,49,27,24,0,51,100,YES,0,1,YES,LAL,28,28,56,31,20,0,51,107,YES,1,1,YES,105,102,207,109.44,105.26,214.69,-10,175
1996,15-Nov,07:30PM,Fri,Portland,18,22,40,24,29,0,53,93,NO,1,1,NO,New Jersey,19,23,42,16,27,0,43,85,NO,0,1,NO,82,96,178,86.44,99.26,185.69,6,187
1996,15-Nov,07:30PM,Fri,Cleveland,23,25,48,21,36,0,57,105,YES,1,0,YES,Philadelphia,24,28,52,20,17,0,37,89,YES,0,1,YES,100,94,194,104.44,97.26,201.69,2,179
1996,15-Nov,04:30PM,Fri,Milwaukee,34,24,58,20,21,0,41,99,NO,0,1,NO,Sacramento,22,29,51,31,21,0,52,103,YES,0,1,YES,109,93,202,113.44,96.26,209.69,-1,195
1996,15-Nov,06:30PM,Fri,Indiana,26,25,51,21,21,0,42,93,NO,0,1,YES,San Antonio,25,15,40,12,26,0,38,78,NO,1,1,NO,91,80,171,95.44,83.26,178.69,1,174
1996,15-Nov,08:00PM,Fri,Chicago,26,29,55,34,21,0,55,110,YES,1,0,YES,Charlotte,18,18,36,19,32,0,51,87,NO,4,0,YES,91,106,197,95.44,109.26,204.69,9.5,190
1996,16-Nov,01:00PM,Sat,Minnesota,23,18,41,21,17,0,38,79,YES,1,2,NO,New York,22,17,39,20,23,0,43,82,YES,2,1,NO,80,81,161,84.44,84.26,168.69,-9,184
1996,16-Nov,07:00PM,Sat,Sacramento,18,29,47,25,24,0,49,96,YES,0,1,NO,Seattle,27,27,54,26,28,0,54,108,NO,0,1,YES,101,103,204,105.44,106.26,211.69,-14,198.5
1996,16-Nov,06:30PM,Sat,Atlanta,16,17,33,23,13,0,36,69,YES,0,2,NO,Chicago,19,25,44,27,26,0,53,97,YES,3,0,YES,77,89,166,81.44,92.26,173.69,-16,177.5
1996,16-Nov,07:30PM,Sat,Detroit,18,23,41,28,33,0,61,102,YES,0,3,NO,Cleveland,18,24,42,29,27,0,56,98,NO,2,0,YES,83,117,200,87.44,120.26,207.69,-3.5,166
1996,16-Nov,06:30PM,Sat,Utah,15,23,38,29,21,0,50,88,YES,0,3,NO,Dallas,15,20,35,18,34,0,52,87,YES,2,1,YES,73,102,175,77.44,105.26,182.69,4,186
1996,16-Nov,06:30PM,Sat,Golden State,23,30,53,25,25,0,50,103,YES,1,0,NO,Houston,27,26,53,35,27,0,62,115,NO,2,1,NO,106,112,218,110.44,115.26,225.69,-10.5,196
1996,16-Nov,07:30PM,Sat,Philadelphia,24,27,51,19,21,0,40,91,YES,0,3,YES,Miami,25,27,52,24,13,0,37,89,YES,2,0,YES,103,77,180,107.44,80.26,187.69,-12,0
1996,16-Nov,07:30PM,Sat,Toronto,25,22,47,21,19,0,40,87,NO,1,2,YES,Orlando,25,21,46,29,17,0,46,92,NO,2,1,NO,93,86,179,97.44,89.26,186.69,-4.5,0
1996,16-Nov,07:30PM,Sat,Boston,24,24,48,34,10,0,44,92,YES,0,3,YES,Washington,23,30,53,24,29,0,53,106,NO,3,0,YES,101,97,198,105.44,100.26,205.69,-9.5,0
1996,16-Nov,08:00PM,Sat,Denver,17,22,39,26,34,0,60,99,NO,0,2,YES,New Jersey,21,31,52,21,33,0,54,106,YES,4,0,NO,91,114,205,95.44,117.26,212.69,1,181.5
1996,17-Nov,06:00PM,Sun,Portland,23,16,39,26,23,0,49,88,NO,1,1,YES,Indiana,22,22,44,16,23,0,39,83,YES,2,1,YES,83,88,171,87.44,91.26,178.69,-4.5,180
1996,17-Nov,03:00PM,Sun,Milwaukee,27,25,52,27,15,0,42,94,NO,1,1,YES,LAC,26,24,50,30,22,0,52,102,YES,2,1,YES,102,94,196,106.44,97.26,203.69,-3,182
1996,17-Nov,05:00PM,Sun,Golden State,15,28,43,33,26,0,59,102,NO,0,1,YES,San Antonio,24,23,47,16,29,0,45,92,NO,2,1,NO,90,104,194,94.44,107.26,201.69,-2.5,185
1996,17-Nov,06:00PM,Sun,Vancouver,21,17,38,18,25,0,43,81,NO,1,0,YES,Seattle,24,18,42,23,26,0,49,91,YES,1,0,NO,80,92,172,84.44,95.26,179.69,,
1996,17-Nov,04:00PM,Sun,LAL,21,26,47,24,31,0,55,102,YES,1,1,NO,Phoenix,17,23,40,20,28,0,48,88,NO,2,2,YES,87,103,190,91.44,106.26,197.69,5.5,0
1996,18-Nov,07:00PM,Mon,Sacramento,22,17,39,20,25,0,45,84,NO,1,0,NO,Vancouver,20,17,37,26,20,0,46,83,NO,1,0,YES,76,91,167,80.44,94.26,174.69,4.5,185
1996,19-Nov,05:00PM,Tue,Miami,28,25,53,24,27,0,51,104,YES,2,0,NO,Denver,21,19,40,21,25,0,46,86,NO,1,2,YES,93,97,190,97.44,100.26,197.69,2.5,182
1996,19-Nov,04:00PM,Tue,Sacramento,24,16,40,22,23,5,45,85,NO,0,2,YES,Portland,18,29,47,20,18,7,38,85,NO,3,1,YES,87,83,170,91.44,86.26,177.69,-11,186
1996,19-Nov,07:00PM,Tue,Seattle,29,32,61,21,24,0,45,106,YES,1,0,NO,Toronto,24,12,36,32,30,0,62,98,NO,1,2,YES,97,107,204,101.44,110.26,211.69,9.5,0
1996,19-Nov,07:30PM,Tue,Atlanta,15,22,37,16,10,0,26,63,NO,2,1,NO,Cleveland,20,19,39,17,17,0,34,73,YES,1,2,NO,76,60,136,80.44,63.26,143.69,-6,0
1996,19-Nov,04:30PM,Tue,LAL,38,19,57,31,24,0,55,112,NO,1,0,YES,Golden State,33,24,57,25,27,0,52,109,YES,1,1,YES,114,107,221,118.44,110.26,228.69,4.5,201.5
1996,19-Nov,06:30PM,Tue,Minnesota,24,24,48,16,29,0,45,93,NO,2,1,NO,Houston,34,37,71,26,25,0,51,122,NO,1,2,NO,119,96,215,123.44,99.26,222.69,-9,183.5
1996,19-Nov,06:30PM,Tue,Dallas,25,25,50,20,27,0,47,97,YES,2,1,YES,Milwaukee,23,26,49,20,31,0,51,100,NO,1,1,YES,99,98,197,103.44,101.26,204.69,-4.5,192
1996,19-Nov,08:00PM,Tue,New York,22,28,50,22,20,0,42,92,YES,2,0,NO,Orlando,11,19,30,24,34,0,58,88,NO,1,2,NO,80,100,180,84.44,103.26,187.69,5,180.5
1996,20-Nov,07:00PM,Wed,Detroit,26,25,51,30,27,0,57,108,NO,3,0,YES,Boston,23,16,39,17,27,0,44,83,NO,1,3,YES,90,101,191,94.44,104.26,198.69,6,183.5
1996,20-Nov,07:00PM,Wed,Miami,19,32,51,24,19,0,43,94,NO,0,1,NO,Vancouver,25,20,45,18,12,0,30,75,NO,3,1,NO,96,73,169,100.44,76.26,176.69,7.5,175
1996,20-Nov,04:30PM,Wed,Utah,22,24,46,34,33,0,67,113,NO,3,0,YES,LAL,27,21,48,21,28,0,49,97,NO,1,0,YES,94,116,210,98.44,119.26,217.69,-3,183
1996,20-Nov,07:30PM,Wed,Indiana,26,21,47,28,28,0,56,103,YES,2,0,YES,Philadelphia,29,18,47,22,23,0,45,92,YES,1,3,YES,94,101,195,98.44,104.26,202.69,3,183
1996,20-Nov,06:30PM,Wed,LAC,22,26,48,22,23,0,45,93,YES,2,0,NO,San Antonio,20,17,37,24,20,0,44,81,YES,1,2,NO,85,89,174,89.44,92.26,181.69,-2.5,172
1996,20-Nov,07:30PM,Wed,Seattle,23,28,51,24,22,18,46,97,NO,0,1,NO,Washington,28,20,48,19,30,13,49,97,NO,1,3,NO,99,95,194,103.44,98.26,201.69,1.5,0
1996,20-Nov,08:00PM,Wed,New York,23,28,51,19,16,0,35,86,NO,0,2,NO,Charlotte,23,22,45,23,25,0,48,93,YES,0,4,NO,96,83,179,100.44,86.26,186.69,2.5,185
1996,20-Nov,05:30PM,Wed,Chicago,35,27,62,25,26,0,51,113,YES,3,0,NO,Phoenix,26,21,47,23,29,0,52,99,YES,0,2,NO,109,103,212,113.44,106.26,219.69,12,190
1996,21-Nov,05:00PM,Thu,Chicago,27,25,52,29,29,0,58,110,NO,0,1,NO,Denver,24,21,45,19,28,0,47,92,YES,1,1,NO,97,105,202,101.44,108.26,209.69,11.5,191
1996,21-Nov,05:00PM,Thu,Golden State,22,27,49,29,18,8,47,96,YES,1,1,YES,Utah,24,34,58,22,16,13,38,96,NO,1,0,YES,107,85,192,111.44,88.26,199.69,-10,200
1996,21-Nov,07:00PM,Thu,Cleveland,29,19,48,16,25,0,41,89,YES,1,2,YES,Toronto,15,20,35,23,23,0,46,81,NO,1,1,NO,83,87,170,87.44,90.26,177.69,0,0
1996,21-Nov,06:30PM,Thu,LAC,25,25,50,17,27,0,44,94,NO,0,1,NO,Dallas,23,34,57,26,22,0,48,105,YES,1,1,YES,107,92,199,111.44,95.26,206.69,-5,182
1996,21-Nov,07:30PM,Thu,New Jersey,26,24,50,19,19,0,38,88,YES,4,1,YES,Detroit,31,25,56,18,22,0,40,96,YES,1,0,YES,106,78,184,110.44,81.26,191.69,-11.5,182.5
1996,21-Nov,06:30PM,Thu,Phoenix,22,21,43,24,38,0,62,105,YES,0,2,YES,Houston,23,26,49,31,35,0,66,115,YES,1,1,NO,92,128,220,96.44,131.26,227.69,-8,0
1996,21-Nov,07:30PM,Thu,Charlotte,29,24,53,21,16,0,37,90,YES,0,1,YES,Indiana,15,25,40,28,19,0,47,87,NO,1,0,YES,93,84,177,97.44,87.26,184.69,-5.5,181.5
1996,21-Nov,06:30PM,Thu,Atlanta,21,15,36,24,13,0,37,73,NO,1,1,NO,Milwaukee,15,14,29,21,15,0,36,65,NO,1,1,NO,65,73,138,69.44,76.26,145.69,-4.5,182
1996,21-Nov,07:30PM,Thu,Minnesota,36,19,55,15,16,0,31,86,NO,1,1,YES,Orlando,17,28,45,21,24,0,45,90,YES,1,1,NO,100,76,176,104.44,79.26,183.69,-2.5,180
1996,22-Nov,07:00PM,Fri,Seattle,26,36,62,25,31,0,56,118,NO,1,1,NO,Boston,28,17,45,26,20,0,46,91,NO,1,1,NO,107,102,209,111.44,105.26,216.69,9.5,202
1996,22-Nov,04:30PM,Fri,San Antonio,26,15,41,22,23,0,45,86,YES,1,1,NO,LAL,22,22,44,28,24,0,52,96,NO,1,1,NO,85,97,182,89.44,100.26,189.69,0,0
1996,22-Nov,04:30PM,Fri,Miami,18,32,50,18,22,21,40,90,NO,1,1,NO,Sacramento,24,16,40,24,26,18,50,90,YES,1,2,YES,90,90,180,94.44,93.26,187.69,4,186
1996,22-Nov,08:00PM,Fri,Philadelphia,18,17,35,14,27,0,41,76,YES,1,0,YES,Washington,25,23,48,20,20,0,40,88,YES,0,1,NO,83,81,164,87.44,84.26,171.69,-10.5,200
1996,23-Nov,09:00AM,Sat,Houston,21,25,46,40,22,12,62,108,YES,1,0,NO,Golden State,24,35,59,23,26,7,49,108,NO,2,1,YES,105,111,216,109.44,114.26,223.69,2,206
1996,23-Nov,06:00PM,Sat,Atlanta,26,19,45,24,22,0,46,91,NO,1,2,YES,Toronto,26,21,47,23,18,0,41,88,NO,2,1,NO,92,87,179,96.44,90.26,186.69,1,0
1996,23-Nov,06:00PM,Sat,LAC,21,31,52,20,24,0,44,96,NO,1,1,YES,Minnesota,33,22,55,19,24,0,43,98,YES,1,1,YES,107,87,194,111.44,90.26,201.69,-4.5,183
1996,23-Nov,04:00PM,Sat,Denver,13,12,25,26,14,0,40,65,YES,1,2,YES,Portland,32,20,52,25,28,0,53,105,YES,2,3,NO,77,93,170,81.44,96.26,177.69,-9,183.5
1996,23-Nov,05:00PM,Sat,Chicago,30,29,59,26,15,0,41,100,NO,1,1,NO,Utah,35,24,59,23,23,0,46,105,NO,1,1,NO,118,87,205,122.44,90.26,212.69,5,187
1996,23-Nov,07:30PM,Sat,Detroit,18,17,35,26,24,0,50,85,YES,1,3,YES,Charlotte,17,24,41,29,23,0,52,93,NO,2,1,YES,76,102,178,80.44,105.26,185.69,2,181
1996,23-Nov,07:30PM,Sat,Orlando,16,16,32,23,21,0,44,76,YES,1,1,YES,Indiana,21,19,40,23,10,0,33,73,NO,4,1,NO,72,77,149,76.44,80.26,156.69,-6,177
1996,23-Nov,06:30PM,Sat,Washington,26,22,48,18,29,0,47,95,YES,0,1,YES,Milwaukee,28,27,55,21,14,0,35,90,YES,1,1,NO,103,82,185,107.44,85.26,192.69,0,192
1996,23-Nov,07:30PM,Sat,Dallas,26,18,44,24,23,0,47,91,YES,1,0,NO,New Jersey,32,30,62,31,21,0,52,114,YES,1,1,YES,106,99,205,110.44,102.26,212.69,0,189
1996,23-Nov,07:30PM,Sat,New York,26,15,41,31,20,0,51,92,NO,2,0,YES,Philadelphia,21,22,43,33,33,0,66,109,NO,2,0,YES,84,117,201,88.44,120.26,208.69,8,0
1996,24-Nov,01:30PM,Sun,Sacramento,18,22,40,17,17,0,34,74,YES,1,1,NO,Cleveland,17,30,47,31,25,0,56,103,YES,2,2,YES,87,90,177,91.44,93.26,184.69,-9,177
1996,24-Nov,06:00PM,Sun,San Antonio,25,19,44,24,23,0,47,91,NO,1,1,NO,Vancouver,21,32,53,22,21,0,43,96,YES,1,3,NO,97,90,187,101.44,93.26,194.69,0,0
1996,24-Nov,03:30PM,Sun,Houston,22,14,36,26,28,0,54,90,NO,0,1,YES,LAL,16,25,41,22,22,0,44,85,YES,1,1,NO,77,98,175,81.44,101.26,182.69,-6.5,197.5
1996,24-Nov,07:00PM,Sun,Dallas,20,20,40,23,28,0,51,91,NO,0,1,YES,Boston,29,27,56,28,21,0,49,105,NO,2,1,NO,96,100,196,100.44,103.26,203.69,1,199.5
1996,24-Nov,04:00PM,Sun,Miami,23,24,47,16,24,0,40,87,NO,1,1,NO,Phoenix,21,18,39,23,22,0,45,84,YES,1,2,YES,86,85,171,90.44,88.26,178.69,4.5,196
1996,24-Nov,08:00PM,Sun,Seattle,24,25,49,36,17,0,53,102,NO,1,1,NO,New York,23,24,47,23,22,0,45,92,NO,5,0,YES,96,98,194,100.44,101.26,201.69,2,190
1996,25-Nov,05:00PM,Mon,New Jersey,22,24,46,16,30,0,46,92,YES,1,1,NO,Utah,30,35,65,27,16,0,43,108,NO,1,1,NO,111,89,200,115.44,92.26,207.69,-12.5,191
1996,25-Nov,04:30PM,Mon,Chicago,18,27,45,19,24,0,43,88,NO,1,3,NO,LAC,25,26,51,15,18,0,33,84,NO,1,1,YES,96,76,172,100.44,79.26,179.69,13,187.5
1996,25-Nov,07:30PM,Mon,Milwaukee,25,20,45,23,32,0,55,100,YES,1,1,YES,Orlando,24,21,45,20,23,0,43,88,NO,1,1,YES,90,98,188,94.44,101.26,195.69,-3.5,182
1996,25-Nov,07:30PM,Mon,Minnesota,12,28,40,24,34,0,58,98,YES,1,1,YES,Washington,24,34,58,20,27,0,47,105,YES,3,1,YES,98,105,203,102.44,108.26,210.69,-8.5,188.5
1996,26-Nov,05:00PM,Tue,Phoenix,21,27,48,26,34,0,60,108,YES,1,0,YES,Denver,23,25,48,33,36,0,69,117,YES,0,2,YES,96,129,225,100.44,132.26,232.69,-3,190
1996,26-Nov,06:00PM,Tue,Portland,36,16,52,18,23,8,41,93,YES,2,0,NO,Houston,19,29,48,22,23,9,45,93,YES,2,1,YES,100,86,186,104.44,89.26,193.69,-7.5,191
1996,26-Nov,07:00PM,Tue,Sacramento,31,28,59,11,28,0,39,98,NO,1,1,NO,Toronto,20,23,43,23,21,0,44,87,NO,0,2,NO,102,83,185,106.44,86.26,192.69,-1,195
1996,26-Nov,07:30PM,Tue,Vancouver,19,20,39,23,18,0,41,80,YES,1,0,NO,Atlanta,37,16,53,25,23,0,48,101,YES,0,2,YES,92,89,181,96.44,92.26,188.69,-10,0
1996,26-Nov,07:30PM,Tue,Seattle,28,26,54,13,22,0,35,89,NO,1,0,NO,Charlotte,23,25,48,24,25,0,49,97,YES,0,2,NO,102,84,186,106.44,87.26,193.69,,
1996,26-Nov,06:30PM,Tue,San Antonio,24,26,50,24,27,0,51,101,NO,1,0,YES,Dallas,30,19,49,31,25,0,56,105,NO,2,1,YES,99,107,206,103.44,110.26,213.69,-5.5,0
1996,26-Nov,04:30PM,Tue,Miami,27,25,52,23,32,0,55,107,NO,1,0,NO,Golden State,25,11,36,27,25,0,52,88,NO,1,2,NO,88,107,195,92.44,110.26,202.69,2,198
1996,26-Nov,07:30PM,Tue,LAL,25,19,44,27,29,0,56,100,YES,1,0,NO,Philadelphia,29,25,54,16,18,0,34,88,NO,2,2,NO,98,90,188,102.44,93.26,195.69,4.5,199.5
1996,27-Nov,06:00PM,Wed,Seattle,33,28,61,18,27,0,45,106,NO,0,1,YES,Minnesota,24,22,46,23,29,0,52,98,YES,1,1,YES,107,97,204,111.44,100.26,211.69,5.5,193
1996,27-Nov,04:00PM,Wed,New Jersey,24,20,44,18,15,0,33,77,NO,1,0,NO,Phoenix,28,22,50,30,19,0,49,99,YES,1,0,YES,94,82,176,98.44,85.26,183.69,-5,202
1996,27-Nov,05:00PM,Wed,Denver,37,33,70,15,18,0,33,103,YES,0,1,YES,Utah,19,17,36,36,35,0,71,107,NO,1,1,NO,106,104,210,110.44,107.26,217.69,-12.5,192
1996,27-Nov,07:00PM,Wed,Charlotte,25,28,53,13,22,0,35,88,YES,0,2,NO,Toronto,29,24,53,20,19,0,39,92,YES,2,0,NO,106,74,180,110.44,77.26,187.69,4.5,190.5
1996,27-Nov,07:30PM,Wed,Vancouver,21,24,45,11,22,0,33,78,NO,0,1,NO,Detroit,23,19,42,25,20,0,45,87,NO,1,3,YES,87,78,165,91.44,81.26,172.69,0,0
1996,27-Nov,04:30PM,Wed,Miami,40,19,59,18,21,0,39,98,NO,0,2,YES,LAC,14,26,40,17,25,0,42,82,YES,1,1,NO,99,81,180,103.44,84.26,187.69,2.5,178
1996,27-Nov,06:30PM,Wed,Cleveland,17,25,42,21,12,0,33,75,YES,2,2,YES,Milwaukee,33,18,51,23,18,0,41,92,NO,2,1,YES,93,74,167,97.44,77.26,174.69,2,178
1996,27-Nov,07:30PM,Wed,Atlanta,24,18,42,21,12,0,33,75,YES,0,1,YES,Orlando,19,18,37,24,18,0,42,79,YES,1,1,NO,79,75,154,83.44,78.26,161.69,0,173
1996,27-Nov,06:30PM,Wed,Portland,30,21,51,29,40,0,69,120,NO,0,1,YES,San Antonio,31,14,45,30,34,0,64,109,NO,2,0,YES,96,133,229,100.44,136.26,236.69,5,178
1996,27-Nov,08:00PM,Wed,LAL,30,22,52,21,21,0,42,94,NO,0,1,NO,Boston,29,22,51,31,28,0,59,110,NO,1,2,NO,103,101,204,107.44,104.26,211.69,5,188
1996,28-Nov,04:30PM,Thu,New Jersey,36,28,64,33,21,0,54,118,NO,0,1,NO,Golden State,39,33,72,20,32,0,52,124,YES,0,1,NO,136,106,242,140.44,109.26,249.69,-6.5,205
1996,28-Nov,07:30PM,Thu,Sacramento,21,17,38,20,25,0,45,83,NO,1,1,NO,Indiana,24,19,43,25,33,0,58,101,NO,0,4,NO,81,103,184,85.44,106.26,191.69,-7,179.5
1996,29-Nov,07:00PM,Fri,Houston,35,28,63,30,27,0,57,120,YES,2,0,NO,Boston,17,23,40,24,30,0,54,94,YES,0,1,NO,103,111,214,107.44,114.26,221.69,7,202
1996,29-Nov,05:00PM,Fri,Minnesota,24,32,56,21,31,0,52,108,YES,1,0,YES,Denver,22,27,49,24,30,0,54,103,YES,1,1,YES,105,106,211,109.44,109.26,218.69,-4,196
1996,29-Nov,04:00PM,Fri,Golden State,26,30,56,22,15,0,37,93,YES,0,1,YES,Portland,30,29,59,30,30,0,60,119,YES,1,1,YES,115,97,212,119.44,100.26,219.69,-9,202
1996,29-Nov,07:00PM,Fri,Phoenix,19,28,47,19,26,0,45,92,YES,1,4,YES,Seattle,25,24,49,21,35,0,56,105,NO,1,1,YES,96,101,197,100.44,104.26,204.69,-12,206
1996,29-Nov,05:00PM,Fri,LAC,24,25,49,20,25,0,45,94,YES,1,0,YES,Utah,29,23,52,34,25,0,59,111,YES,1,1,NO,101,104,205,105.44,107.26,212.69,-11.5,188
1996,29-Nov,07:30PM,Fri,Washington,18,27,45,15,21,0,36,81,YES,3,0,YES,Atlanta,30,32,62,28,20,0,48,110,NO,3,1,YES,107,84,191,111.44,87.26,198.69,-2.5,177
1996,29-Nov,06:30PM,Fri,Chicago,26,35,61,22,33,0,55,116,NO,3,0,NO,Dallas,15,27,42,25,30,0,55,97,YES,2,2,NO,103,110,213,107.44,113.26,220.69,12,199
1996,29-Nov,07:30PM,Fri,Vancouver,24,18,42,30,22,0,52,94,NO,1,0,NO,Indiana,26,24,50,28,26,0,54,104,YES,3,0,NO,92,106,198,96.44,109.26,205.69,0,0
1996,29-Nov,07:30PM,Fri,Orlando,26,24,50,18,23,0,41,91,YES,1,0,NO,Philadelphia,33,25,58,16,26,0,42,100,NO,0,2,NO,108,83,191,112.44,86.26,198.69,-3.5,190
1996,29-Nov,08:00PM,Fri,LAL,19,24,43,20,21,0,41,84,NO,1,1,YES,Detroit,13,22,35,18,23,0,41,76,NO,1,1,NO,78,82,160,82.44,85.26,167.69,-3,183
1996,30-Nov,01:00PM,Sat,Sacramento,22,26,48,29,24,0,53,101,NO,1,0,NO,New York,26,27,53,21,41,0,62,115,NO,2,5,NO,101,115,216,105.44,118.26,223.69,-9.5,186
1996,30-Nov,06:00PM,Sat,Toronto,17,16,33,24,13,0,37,70,YES,2,1,YES,Minnesota,23,17,40,22,17,0,39,79,NO,2,0,YES,73,76,149,77.44,79.26,156.69,-7,193
1996,30-Nov,07:30PM,Sat,Orlando,29,21,50,15,21,0,36,86,NO,0,1,YES,Cleveland,20,17,37,25,20,0,45,82,NO,2,2,YES,87,81,168,91.44,84.26,175.69,-9,168.5
1996,30-Nov,04:30PM,Sat,New Jersey,13,19,32,25,24,25,49,81,NO,1,3,YES,LAC,17,20,37,19,25,14,44,81,NO,2,0,YES,69,93,162,73.44,96.26,169.69,-4.5,190
1996,30-Nov,07:30PM,Sat,Boston,22,14,36,19,22,0,41,77,YES,0,2,NO,Miami,22,15,37,20,21,0,41,78,YES,2,2,YES,73,82,155,77.44,85.26,162.69,-11,197.5
1996,30-Nov,06:30PM,Sat,Charlotte,16,32,48,26,20,0,46,94,NO,2,1,NO,Milwaukee,28,17,45,21,21,0,42,87,NO,2,2,NO,93,88,181,97.44,91.26,188.69,-3,189
1996,30-Nov,07:30PM,Sat,Vancouver,18,18,36,30,24,0,54,90,NO,0,3,YES,Philadelphia,27,27,54,21,21,0,42,96,YES,3,0,NO,90,96,186,94.44,99.26,193.69,-10.5,191
1996,30-Nov,06:30PM,Sat,Chicago,23,21,44,27,26,0,53,97,NO,0,2,NO,San Antonio,26,19,45,19,24,0,43,88,NO,3,2,NO,89,96,185,93.44,99.26,192.69,13,189
1996,30-Nov,07:30PM,Sat,Houston,25,25,50,27,26,0,53,103,NO,0,1,NO,Washington,26,28,54,25,20,0,45,99,YES,4,0,YES,104,98,202,108.44,101.26,209.69,-2.5,201
1996,1-Dec,09:00AM,Sun,Portland,14,18,32,20,18,0,38,70,YES,1,1,YES,Golden State,25,26,51,23,24,0,47,98,NO,1,1,YES,83,85,168,87.44,88.26,175.69,3,208
1996,1-Dec,05:00PM,Sun,Utah,18,31,49,19,28,0,47,96,YES,1,0,YES,Seattle,15,23,38,25,27,0,52,90,YES,1,1,NO,87,99,186,91.44,102.26,193.69,-5.5,194
1996,1-Dec,03:30PM,Sun,Denver,9,20,29,27,40,0,67,96,YES,1,1,NO,LAL,23,26,49,25,30,0,55,104,NO,1,1,YES,78,122,200,82.44,125.26,207.69,-9,193
1996,1-Dec,07:00PM,Sun,Sacramento,16,16,32,16,18,0,34,66,NO,0,1,NO,Detroit,31,21,52,22,21,0,43,95,NO,2,1,NO,84,77,161,88.44,80.26,168.69,-10,179
1996,2-Dec,05:00PM,Mon,Charlotte,21,18,39,31,27,0,58,97,NO,1,0,NO,Utah,27,24,51,24,32,0,56,107,NO,1,0,YES,90,114,204,94.44,117.26,211.69,-8,188.5
1996,2-Dec,07:00PM,Mon,Houston,22,19,41,25,23,0,48,89,NO,1,1,YES,Toronto,26,28,54,24,22,0,46,100,YES,0,1,YES,95,94,189,99.44,97.26,196.69,6.5,0
1996,2-Dec,07:30PM,Mon,Dallas,25,25,50,22,22,14,44,94,YES,2,1,NO,Orlando,25,28,53,25,16,8,41,94,NO,1,1,YES,103,85,188,107.44,88.26,195.69,-5.5,181
1996,3-Dec,06:00PM,Tue,Sacramento,30,20,50,23,23,0,46,96,NO,1,2,YES,Minnesota,25,18,43,24,22,0,46,89,YES,1,2,NO,93,92,185,97.44,95.26,192.69,-6.5,189
1996,3-Dec,04:00PM,Tue,Indiana,28,26,54,20,11,13,31,85,YES,3,0,NO,Portland,17,25,42,28,15,8,43,85,YES,1,1,YES,96,74,170,100.44,77.26,177.69,-6,182
1996,3-Dec,07:30PM,Tue,Boston,23,22,45,17,33,0,50,95,NO,2,0,NO,Atlanta,22,25,47,29,29,0,58,105,YES,0,3,NO,92,108,200,96.44,111.26,207.69,-9.5,189
1996,3-Dec,07:30PM,Tue,Toronto,11,23,34,19,21,0,40,74,YES,0,1,YES,Cleveland,29,21,50,19,24,0,43,93,YES,0,2,NO,84,83,167,88.44,86.26,174.69,-12,173.5
1996,3-Dec,04:30PM,Tue,Denver,25,20,45,26,28,0,54,99,NO,1,1,YES,Golden State,31,26,57,32,25,0,57,114,YES,0,1,NO,102,111,213,106.44,114.26,220.69,-6,207
1996,3-Dec,04:30PM,Tue,Charlotte,27,24,51,22,16,0,38,89,NO,0,2,NO,LAC,24,24,48,27,21,0,48,96,YES,1,2,NO,99,86,185,103.44,89.26,192.69,2.5,179
1996,3-Dec,04:30PM,Tue,Seattle,28,30,58,26,22,0,48,106,YES,1,1,YES,LAL,26,29,55,35,20,0,55,110,YES,0,1,NO,113,103,216,117.44,106.26,223.69,1,193
1996,3-Dec,06:30PM,Tue,Chicago,26,27,53,27,27,0,54,107,NO,2,1,YES,Milwaukee,23,26,49,31,24,0,55,104,YES,3,2,NO,102,109,211,106.44,112.26,218.69,10,191
1996,3-Dec,08:00PM,Tue,Miami,27,20,47,28,24,0,52,99,YES,2,0,YES,New York,14,24,38,21,16,0,37,75,YES,0,2,NO,85,89,174,89.44,92.26,181.69,-3,182
1996,4-Dec,04:00PM,Wed,LAL,22,13,35,14,26,0,40,75,YES,0,1,YES,Utah,24,23,47,31,23,0,54,101,NO,1,1,NO,82,94,176,86.44,97.26,183.69,-7,195
1996,4-Dec,04:00PM,Wed,Golden State,17,22,39,37,11,0,48,87,YES,0,1,YES,Phoenix,37,29,66,28,24,0,52,118,YES,1,4,YES,105,100,205,109.44,103.26,212.69,-3.5,206
1996,4-Dec,07:00PM,Wed,Indiana,36,32,68,30,29,0,59,127,NO,0,1,NO,Vancouver,21,19,40,21,19,0,40,80,YES,1,3,YES,108,99,207,112.44,102.26,214.69,6,176
1996,4-Dec,07:30PM,Wed,Atlanta,25,22,47,24,19,0,43,90,YES,0,2,YES,Detroit,29,23,52,21,27,0,48,100,NO,1,2,NO,99,91,190,103.44,94.26,197.69,-4.5,170
1996,4-Dec,06:30PM,Wed,Boston,25,25,50,22,17,0,39,89,NO,0,1,YES,Houston,27,26,53,26,15,0,41,94,NO,2,1,YES,103,80,183,107.44,83.26,190.69,0,0
1996,4-Dec,07:30PM,Wed,Dallas,21,22,43,22,14,0,36,79,NO,1,0,YES,Miami,29,19,48,28,25,0,53,101,NO,1,0,YES,91,89,180,95.44,92.26,187.69,-9,189
1996,4-Dec,07:30PM,Wed,New York,21,27,48,24,37,0,61,109,YES,0,1,NO,New Jersey,25,23,48,28,26,0,54,102,YES,1,3,YES,96,115,211,100.44,118.26,218.69,5,188
1996,4-Dec,07:30PM,Wed,Cleveland,22,21,43,19,22,0,41,84,YES,0,1,NO,Orlando,16,16,32,14,11,0,25,57,YES,1,1,NO,75,66,141,79.44,69.26,148.69,4,166
1996,4-Dec,06:30PM,Wed,Philadelphia,30,15,45,28,30,0,58,103,YES,3,0,NO,San Antonio,30,21,51,31,31,0,62,113,NO,1,3,NO,96,120,216,100.44,123.26,223.69,-2,191
1996,5-Dec,05:00PM,Thu,Portland,25,21,46,37,32,0,69,115,YES,1,0,YES,Denver,26,25,51,22,31,0,53,104,NO,1,1,YES,97,122,219,101.44,125.26,226.69,3.5,196
1996,5-Dec,07:00PM,Thu,Minnesota,19,17,36,18,32,0,50,86,YES,1,0,NO,Seattle,26,32,58,30,29,0,59,117,NO,1,1,YES,94,109,203,98.44,112.26,210.69,-15.5,196
1996,5-Dec,07:00PM,Thu,Washington,27,24,51,15,14,0,29,80,YES,4,1,YES,Toronto,22,16,38,23,21,0,44,82,YES,1,1,YES,89,73,162,93.44,76.26,169.69,7,191
1996,5-Dec,06:30PM,Thu,LAC,25,32,57,21,18,0,39,96,YES,1,1,NO,Chicago,35,27,62,19,33,0,52,114,NO,1,1,YES,119,91,210,123.44,94.26,217.69,-17.5,188
1996,5-Dec,06:30PM,Thu,Philadelphia,29,18,47,26,29,0,55,102,NO,0,1,NO,Dallas,24,26,50,20,36,0,56,106,NO,1,0,YES,97,111,208,101.44,114.26,215.69,-2.5,203.5
1996,6-Dec,02:00PM,Fri,Phoenix,20,28,48,23,30,0,53,101,YES,1,1,YES,Sacramento,24,19,43,25,27,0,52,95,NO,1,2,YES,91,105,196,95.44,108.26,203.69,-2,194
1996,6-Dec,07:00PM,Fri,New Jersey,26,21,47,34,21,8,55,102,YES,1,0,YES,Boston,33,29,62,14,26,6,40,102,YES,1,1,YES,109,95,204,113.44,98.26,211.69,-4.5,205
1996,6-Dec,04:00PM,Fri,Charlotte,29,26,55,20,18,0,38,93,NO,2,0,NO,Portland,24,25,49,25,23,0,48,97,NO,3,0,YES,104,86,190,108.44,89.26,197.69,-4.5,185.5
1996,6-Dec,05:00PM,Fri,Minnesota,36,20,56,12,27,0,39,95,NO,0,1,NO,Utah,29,17,46,25,35,0,60,106,YES,0,1,NO,102,99,201,106.44,102.26,208.69,-16,194
1996,6-Dec,07:30PM,Fri,Cleveland,24,21,45,17,19,0,36,81,NO,1,1,YES,Detroit,19,24,43,24,26,0,50,93,YES,0,1,NO,88,86,174,92.44,89.26,181.69,-4.5,166
1996,6-Dec,04:30PM,Fri,Indiana,23,25,48,25,13,0,38,86,NO,1,1,NO,Golden State,22,19,41,15,15,0,30,71,NO,1,1,YES,89,68,157,93.44,71.26,164.69,1,196.5
1996,6-Dec,04:30PM,Fri,Orlando,25,17,42,12,27,0,39,81,YES,1,1,NO,LAL,21,21,42,23,27,0,50,92,NO,1,1,YES,84,89,173,88.44,92.26,180.69,-10.5,183
1996,6-Dec,07:30PM,Fri,New York,21,21,42,32,29,0,61,103,NO,1,0,YES,Miami,27,19,46,20,19,0,39,85,YES,0,1,NO,88,100,188,92.44,103.26,195.69,-4,180
1996,6-Dec,06:30PM,Fri,Vancouver,22,29,51,23,31,0,54,105,YES,1,0,NO,San Antonio,22,18,40,25,24,0,49,89,YES,1,1,NO,91,103,194,95.44,106.26,201.69,0,0
1996,7-Dec,05:00PM,Sat,Utah,30,25,55,31,18,0,49,104,YES,0,2,YES,Denver,23,25,48,17,26,0,43,91,YES,2,1,NO,103,92,195,107.44,95.26,202.69,5,202.5
1996,7-Dec,07:00PM,Sat,Charlotte,29,29,58,20,16,0,36,94,NO,0,1,NO,Seattle,27,31,58,24,10,0,34,92,YES,1,1,NO,116,70,186,120.44,73.26,193.69,,
1996,7-Dec,07:30PM,Sat,Toronto,19,19,38,18,19,0,37,75,YES,1,0,YES,Atlanta,21,20,41,26,34,0,60,101,NO,2,2,YES,79,97,176,83.44,100.26,183.69,-12,181
1996,7-Dec,06:30PM,Sat,Miami,22,16,38,27,18,0,45,83,YES,0,2,NO,Chicago,19,17,36,25,19,0,44,80,YES,0,1,NO,74,89,163,78.44,92.26,170.69,-12,185
1996,7-Dec,06:30PM,Sat,Vancouver,27,22,49,17,19,0,36,85,NO,0,1,YES,Dallas,31,23,54,24,18,0,42,96,YES,2,1,NO,103,78,181,107.44,81.26,188.69,-8.5,189
1996,7-Dec,06:30PM,Sat,Philadelphia,32,21,53,18,37,0,55,108,NO,1,1,YES,Houston,35,25,60,25,38,0,63,123,YES,2,2,NO,113,118,231,117.44,121.26,238.69,-10.5,204
1996,7-Dec,07:30PM,Sat,LAC,8,33,41,27,12,0,39,80,NO,1,0,NO,New York,25,27,52,12,25,0,37,89,NO,2,0,YES,93,76,169,97.44,79.26,176.69,-8,189.5
1996,7-Dec,07:30PM,Sat,Milwaukee,33,26,59,33,34,0,67,126,YES,3,0,YES,Washington,30,24,54,23,41,0,64,118,YES,2,1,YES,113,131,244,117.44,134.26,251.69,-5.5,195
1996,7-Dec,08:00PM,Sat,Detroit,20,24,44,29,22,0,51,95,YES,0,2,NO,New Jersey,21,15,36,17,16,0,33,69,NO,3,0,YES,80,84,164,84.44,87.26,171.69,6,186.5
1996,8-Dec,02:00PM,Sun,San Antonio,26,22,48,15,25,0,40,88,YES,1,1,NO,Golden State,31,24,55,31,28,0,59,114,YES,1,1,NO,103,99,202,107.44,102.26,209.69,-4,196
1996,8-Dec,06:00PM,Sun,LAC,20,20,40,13,16,0,29,69,NO,0,1,YES,Cleveland,24,12,36,24,30,0,54,90,NO,1,1,YES,76,83,159,80.44,86.26,166.69,-11,174
1996,8-Dec,05:00PM,Sun,Boston,26,29,55,22,10,0,32,87,YES,1,2,YES,Milwaukee,36,26,62,17,21,0,38,100,NO,1,0,YES,117,70,187,121.44,73.26,194.69,-5.5,201
1996,8-Dec,03:00PM,Sun,Orlando,20,13,33,22,29,0,51,84,NO,1,1,NO,Sacramento,28,21,49,20,22,0,42,91,NO,1,1,NO,82,93,175,86.44,96.26,182.69,-2.5,181
1996,8-Dec,03:30PM,Sun,Minnesota,20,20,40,20,26,0,46,86,NO,1,1,YES,LAL,37,24,61,26,23,0,49,110,YES,1,1,NO,101,95,196,105.44,98.26,203.69,-11,188.5
1996,8-Dec,04:00PM,Sun,Indiana,14,28,42,22,29,0,51,93,NO,1,1,NO,Phoenix,27,32,59,27,20,0,47,106,NO,1,1,YES,101,98,199,105.44,101.26,206.69,0,187.5
1996,8-Dec,08:30PM,Sun,Chicago,21,28,49,21,19,0,40,89,YES,0,2,YES,Toronto,22,26,48,15,34,0,49,97,NO,1,0,YES,97,89,186,101.44,92.26,193.69,13,191
1996,9-Dec,07:00PM,Mon,Charlotte,22,23,45,32,30,0,62,107,NO,1,1,YES,Vancouver,27,27,54,15,22,0,37,91,YES,2,1,YES,99,99,198,103.44,102.26,205.69,,
1996,9-Dec,07:30PM,Mon,Seattle,31,26,57,32,29,0,61,118,YES,1,1,NO,Philadelphia,25,28,53,24,17,0,41,94,NO,1,1,YES,110,102,212,114.44,105.26,219.69,7.5,207
1996,10-Dec,06:00PM,Tue,Houston,29,21,50,27,19,0,46,96,YES,2,1,YES,Minnesota,25,26,51,30,13,0,43,94,YES,0,1,YES,101,89,190,105.44,92.26,197.69,8,196.5
1996,10-Dec,04:00PM,Tue,San Antonio,21,17,38,25,13,0,38,76,NO,1,1,NO,Phoenix,20,23,43,26,24,0,50,93,YES,1,1,NO,81,88,169,85.44,91.26,176.69,-3.5,198
1996,10-Dec,04:00PM,Tue,Orlando,21,29,50,17,32,0,49,99,NO,1,2,NO,Portland,29,21,50,19,24,0,43,93,NO,1,3,NO,100,92,192,104.44,95.26,199.69,0,0
1996,10-Dec,05:00PM,Tue,Indiana,18,25,43,18,25,0,43,86,NO,1,0,NO,Utah,25,28,53,24,33,0,57,110,NO,1,2,YES,96,100,196,100.44,103.26,203.69,-8.5,187.5
1996,10-Dec,07:00PM,Tue,Golden State,26,24,50,28,23,0,51,101,YES,1,1,NO,Toronto,27,17,44,15,32,0,47,91,YES,0,1,NO,94,98,192,98.44,101.26,199.69,-1,195
1996,10-Dec,07:30PM,Tue,Denver,18,17,35,21,32,0,53,88,YES,2,0,NO,Atlanta,19,21,40,28,21,0,49,89,NO,3,2,NO,75,102,177,79.44,105.26,184.69,-10.5,191
1996,10-Dec,07:30PM,Tue,Miami,25,14,39,18,19,0,37,76,NO,2,0,NO,Cleveland,16,19,35,22,17,0,39,74,YES,0,1,NO,74,76,150,78.44,79.26,157.69,-2,165.5
1996,10-Dec,04:30PM,Tue,Dallas,27,19,46,28,26,0,54,100,YES,2,1,NO,LAC,27,30,57,18,20,0,38,95,NO,1,1,YES,103,92,195,107.44,95.26,202.69,-2,188
1996,10-Dec,06:30PM,Tue,Detroit,21,26,47,22,24,0,46,93,NO,2,1,NO,Milwaukee,16,27,43,27,15,0,42,85,NO,1,1,NO,90,88,178,94.44,91.26,185.69,0,0
1996,10-Dec,07:30PM,Tue,Washington,16,17,33,20,20,0,40,73,YES,2,0,YES,New York,17,25,42,22,21,0,43,85,NO,1,2,NO,75,83,158,79.44,86.26,165.69,-4,190
1996,10-Dec,04:30PM,Tue,LAL,31,24,55,14,23,0,37,92,YES,1,0,YES,Sacramento,24,22,46,26,18,0,44,90,NO,1,1,NO,101,81,182,105.44,84.26,189.69,5,189
1996,11-Dec,07:00PM,Wed,Toronto,22,25,47,22,23,21,45,92,YES,0,2,NO,Boston,25,18,43,24,25,23,49,92,YES,1,2,YES,90,94,184,94.44,97.26,191.69,-7,194
1996,11-Dec,07:30PM,Wed,Denver,25,24,49,24,24,0,48,97,NO,0,1,NO,Charlotte,24,32,56,20,25,0,45,101,NO,1,1,YES,105,93,198,109.44,96.26,205.69,-8,193
1996,11-Dec,06:30PM,Wed,Minnesota,22,28,50,12,24,0,36,86,YES,0,1,YES,Chicago,26,23,49,31,23,0,54,103,YES,1,2,YES,99,90,189,103.44,93.26,196.69,-17,192
1996,11-Dec,04:30PM,Wed,Indiana,15,15,30,23,23,0,46,76,NO,0,1,YES,LAL,14,23,37,19,23,0,42,79,NO,1,0,YES,67,88,155,71.44,91.26,162.69,-5.5,185
1996,11-Dec,07:30PM,Wed,Seattle,27,17,44,33,24,0,57,101,NO,1,0,NO,New Jersey,26,35,61,20,29,0,49,110,NO,1,3,NO,105,106,211,109.44,109.26,218.69,,
1996,11-Dec,07:30PM,Wed,Cleveland,28,19,47,29,19,0,48,95,YES,0,1,YES,Washington,31,30,61,19,26,0,45,106,NO,1,0,YES,108,93,201,112.44,96.26,208.69,-3,173
1996,11-Dec,08:00PM,Wed,Miami,28,13,41,20,23,0,43,84,NO,0,2,YES,Philadelphia,23,23,46,23,10,0,33,79,YES,1,1,NO,87,76,163,91.44,79.26,170.69,5.5,0
1996,12-Dec,04:00PM,Thu,Vancouver,22,16,38,21,19,0,40,78,YES,2,0,YES,Portland,25,24,49,23,27,0,50,99,YES,0,1,NO,87,90,177,91.44,93.26,184.69,-12,184
1996,12-Dec,05:00PM,Thu,Phoenix,33,20,53,12,30,0,42,95,YES,1,0,NO,Utah,26,18,44,22,21,0,43,87,NO,1,1,NO,97,85,182,101.44,88.26,189.69,-9.5,198
1996,12-Dec,06:30PM,Thu,Detroit,21,22,43,23,30,0,53,96,NO,1,2,YES,Houston,29,31,60,29,26,0,55,115,YES,1,1,YES,103,108,211,107.44,111.26,218.69,-5,183
1996,12-Dec,04:30PM,Thu,San Antonio,21,25,46,20,28,0,48,94,NO,1,1,YES,LAC,30,24,54,21,22,0,43,97,NO,1,1,NO,100,91,191,104.44,94.26,198.69,3.5,182
1996,12-Dec,06:30PM,Thu,Seattle,23,28,51,18,28,0,46,97,NO,0,1,YES,Milwaukee,27,17,44,28,28,0,56,100,NO,1,1,NO,95,102,197,99.44,105.26,204.69,0,0
1996,12-Dec,07:30PM,Thu,Golden State,26,15,41,18,20,0,38,79,NO,1,0,NO,New York,25,21,46,30,14,0,44,90,NO,1,1,NO,87,82,169,91.44,85.26,176.69,-7.5,194
1996,12-Dec,04:30PM,Thu,Dallas,24,21,45,21,20,0,41,86,NO,1,1,NO,Sacramento,36,20,56,17,20,0,37,93,YES,1,1,NO,101,78,179,105.44,81.26,186.69,-2,194
1996,13-Dec,06:00PM,Fri,Phoenix,30,34,64,19,22,0,41,105,NO,0,1,YES,Minnesota,33,23,56,21,31,0,52,108,NO,0,1,YES,120,93,213,124.44,96.26,220.69,1,192
1996,13-Dec,07:00PM,Fri,Orlando,21,20,41,19,33,0,52,93,NO,2,0,NO,Vancouver,24,25,49,22,24,0,46,95,YES,1,0,YES,90,98,188,94.44,101.26,195.69,9.5,182
1996,13-Dec,07:30PM,Fri,Philadelphia,20,19,39,24,12,0,36,75,YES,1,0,NO,Charlotte,20,17,37,25,22,0,47,84,YES,0,1,NO,76,83,159,80.44,86.26,166.69,-9,0
1996,13-Dec,07:30PM,Fri,Boston,26,15,41,28,25,0,53,94,YES,1,1,NO,Indiana,28,20,48,14,35,0,49,97,YES,3,1,YES,89,102,191,93.44,105.26,198.69,-9,190
1996,13-Dec,04:30PM,Fri,Portland,21,27,48,34,25,12,59,107,YES,0,1,YES,LAL,28,24,52,25,30,13,55,107,YES,3,1,NO,100,114,214,104.44,117.26,221.69,-5,188
1996,13-Dec,07:30PM,Fri,Chicago,31,31,62,32,19,0,51,113,YES,1,0,YES,New Jersey,20,20,40,32,20,0,52,92,YES,0,1,NO,102,103,205,106.44,106.26,212.69,10,199
1996,13-Dec,07:30PM,Fri,Denver,33,22,55,18,31,0,49,104,NO,1,0,NO,Washington,23,30,53,26,29,0,55,108,YES,1,1,NO,108,104,212,112.44,107.26,219.69,-9,202
1996,13-Dec,08:00PM,Fri,Golden State,26,19,45,25,17,0,42,87,NO,0,1,YES,Cleveland,23,25,48,20,33,0,53,101,YES,0,1,YES,93,95,188,97.44,98.26,195.69,-9,179
1996,14-Dec,01:00PM,Sat,Toronto,21,22,43,13,32,0,45,88,NO,2,1,YES,Miami,24,22,46,22,21,0,43,89,NO,2,2,YES,89,88,177,93.44,91.26,184.69,-13,180
1996,14-Dec,06:00PM,Sat,Cleveland,22,21,43,21,37,0,58,101,YES,0,3,YES,Minnesota,25,26,51,19,23,0,42,93,YES,3,0,NO,94,100,194,98.44,103.26,201.69,4,175.5
1996,14-Dec,07:00PM,Sat,Houston,32,25,57,20,32,0,52,109,YES,1,0,NO,Seattle,22,25,47,23,30,0,53,100,NO,2,1,YES,104,105,209,108.44,108.26,216.69,-4.5,200.5
1996,14-Dec,05:00PM,Sat,Orlando,20,16,36,19,13,0,32,68,NO,0,3,YES,Utah,28,21,49,29,23,0,52,101,YES,2,1,NO,85,84,169,89.44,87.26,176.69,-14,189
1996,14-Dec,07:30PM,Sat,Philadelphia,20,17,37,25,19,0,44,81,NO,0,2,YES,Atlanta,26,25,51,26,29,0,55,106,YES,2,3,NO,88,99,187,92.44,102.26,194.69,-12,183
1996,14-Dec,06:30PM,Sat,Charlotte,17,26,43,15,24,0,39,82,YES,0,2,NO,Chicago,20,20,40,19,28,0,47,87,NO,2,0,YES,83,86,169,87.44,89.26,176.69,-13.5,189
1996,14-Dec,04:30PM,Sat,Sacramento,22,21,43,27,24,0,51,94,YES,1,1,YES,LAC,20,31,51,25,30,0,55,106,NO,1,1,NO,94,106,200,98.44,109.26,207.69,-2.5,183
1996,14-Dec,07:30PM,Sat,Denver,25,22,47,20,15,0,35,82,NO,0,3,YES,New York,23,19,42,23,24,0,47,89,NO,2,1,NO,89,82,171,93.44,85.26,178.69,-10.5,191
1996,14-Dec,06:30PM,Sat,Dallas,33,24,57,22,26,0,48,105,NO,1,2,YES,San Antonio,30,26,56,25,25,0,50,106,YES,4,1,YES,113,98,211,117.44,101.26,218.69,-6,194
1996,14-Dec,07:00PM,Sat,New Jersey,33,20,53,23,15,0,38,91,YES,0,2,YES,Milwaukee,32,29,61,22,18,0,40,101,YES,1,1,NO,114,78,192,118.44,81.26,199.69,-9.5,199
1996,15-Dec,02:00PM,Sun,Washington,33,27,60,36,14,0,50,110,YES,1,0,NO,Golden State,29,31,60,19,23,0,42,102,YES,1,1,YES,120,92,212,124.44,95.26,219.69,2.5,203
1996,15-Dec,07:00PM,Sun,Boston,26,16,42,21,26,0,47,89,NO,1,0,YES,Detroit,27,29,56,17,26,0,43,99,YES,0,2,YES,98,90,188,102.44,93.26,195.69,-10,188.5
1996,15-Dec,04:00PM,Sun,Vancouver,18,20,38,22,24,0,46,84,YES,1,1,YES,Phoenix,21,27,48,22,33,0,55,103,YES,0,1,YES,86,101,187,90.44,104.26,194.69,-13,189
1996,15-Dec,04:00PM,Sun,Houston,25,21,46,20,33,0,53,99,NO,0,1,NO,Portland,25,12,37,25,27,0,52,89,NO,2,1,YES,83,105,188,87.44,108.26,195.69,1,194.5
1996,16-Dec,07:00PM,Mon,Milwaukee,28,23,51,27,29,0,56,107,YES,1,1,YES,Boston,19,27,46,21,24,0,45,91,YES,4,0,YES,97,101,198,101.44,104.26,205.69,2,201.5
1996,16-Dec,07:00PM,Mon,Detroit,26,23,49,21,28,0,49,98,YES,0,1,YES,Toronto,20,22,42,29,21,0,50,92,YES,0,1,YES,91,99,190,95.44,102.26,197.69,5.5,177
1996,16-Dec,04:30PM,Mon,Phoenix,28,29,57,32,24,8,56,113,YES,0,1,YES,LAC,35,25,60,30,23,9,53,113,NO,2,1,NO,117,109,226,121.44,112.26,233.69,3.5,187.5
1996,16-Dec,04:30PM,Mon,Washington,31,30,61,15,21,0,36,97,NO,0,1,NO,Sacramento,27,24,51,15,23,0,38,89,YES,1,1,YES,112,74,186,116.44,77.26,193.69,2.5,193
1996,17-Dec,06:00PM,Tue,LAL,36,36,72,29,15,7,44,116,YES,3,0,NO,Chicago,22,35,57,26,33,13,59,116,YES,1,2,NO,129,103,232,133.44,106.26,239.69,-9,186
1996,17-Dec,07:00PM,Tue,Golden State,17,20,37,29,17,0,46,83,YES,1,0,YES,Seattle,34,36,70,27,26,0,53,123,YES,0,2,NO,107,99,206,111.44,102.26,213.69,-12.5,206
1996,17-Dec,07:00PM,Tue,Houston,10,29,39,34,19,0,53,92,NO,1,1,YES,Vancouver,25,22,47,20,26,0,46,93,NO,1,1,YES,86,99,185,90.44,102.26,192.69,10,188
1996,17-Dec,06:30PM,Tue,Atlanta,27,35,62,19,28,0,47,109,YES,2,2,YES,Dallas,19,17,36,10,27,0,37,73,YES,1,2,YES,98,84,182,102.44,87.26,189.69,3.5,184.5
1996,17-Dec,07:30PM,Tue,Indiana,27,18,45,27,31,0,58,103,YES,3,0,NO,Miami,18,16,34,24,31,0,55,89,NO,1,2,NO,79,113,192,83.44,116.26,199.69,-6,174
1996,17-Dec,07:30PM,Tue,Toronto,25,29,54,19,24,0,43,97,YES,0,1,YES,New Jersey,19,19,38,21,29,0,50,88,YES,0,2,YES,92,93,185,96.44,96.26,192.69,0,0
1996,17-Dec,07:30PM,Tue,Utah,18,27,45,21,28,0,49,94,YES,2,1,NO,New York,22,18,40,35,24,0,59,99,YES,0,2,NO,85,108,193,89.44,111.26,200.69,1,182
1996,17-Dec,07:30PM,Tue,Charlotte,23,25,48,27,18,0,45,93,NO,2,1,YES,Philadelphia,27,22,49,25,10,0,35,84,NO,2,2,YES,97,80,177,101.44,83.26,184.69,0,0
1996,18-Dec,05:00PM,Wed,Sacramento,15,19,34,26,19,0,45,79,YES,1,0,YES,Denver,20,28,48,16,31,0,47,95,NO,1,3,YES,82,92,174,86.44,95.26,181.69,0,0
1996,18-Dec,04:00PM,Wed,Washington,38,24,62,22,23,0,45,107,NO,1,0,NO,Phoenix,33,29,62,29,23,0,52,114,YES,2,1,YES,124,97,221,128.44,100.26,228.69,-2.5,202
1996,18-Dec,04:00PM,Wed,Seattle,23,30,53,23,30,0,53,106,YES,0,1,YES,Portland,26,27,53,22,27,0,49,102,NO,1,2,NO,106,102,208,110.44,105.26,215.69,2,196
1996,18-Dec,07:30PM,Wed,New Jersey,25,16,41,17,23,0,40,81,YES,0,1,NO,Cleveland,22,21,43,32,24,0,56,99,NO,1,3,YES,84,96,180,88.44,99.26,187.69,-14,180.5
1996,18-Dec,04:30PM,Wed,Minnesota,22,21,43,26,27,0,53,96,YES,3,0,NO,Golden State,25,35,60,27,36,0,63,123,NO,3,0,YES,103,116,219,107.44,119.26,226.69,-2,200
1996,18-Dec,06:30PM,Wed,LAL,25,29,54,28,29,0,57,111,NO,0,2,NO,Milwaukee,32,29,61,19,25,0,44,105,YES,0,1,YES,115,101,216,119.44,104.26,223.69,-3,193.5
1996,18-Dec,07:30PM,Wed,Indiana,26,20,46,26,16,14,42,88,NO,0,1,YES,Orlando,26,31,57,16,15,7,31,88,NO,1,3,YES,103,73,176,107.44,76.26,183.69,3.5,174
1996,18-Dec,08:00PM,Wed,New York,21,22,43,15,20,0,35,78,YES,0,1,NO,Detroit,33,27,60,31,21,0,52,112,YES,1,1,YES,103,87,190,107.44,90.26,197.69,-4.5,179.5
1996,19-Dec,07:00PM,Thu,Milwaukee,24,26,50,25,18,0,43,93,YES,0,1,YES,Toronto,26,34,60,15,21,0,36,96,YES,0,1,YES,110,79,189,114.44,82.26,196.69,2.5,191
1996,19-Dec,07:00PM,Thu,Dallas,21,37,58,21,26,0,47,105,YES,1,0,NO,Vancouver,31,25,56,28,14,0,42,98,YES,0,1,NO,114,89,203,118.44,92.26,210.69,3.5,184
1996,19-Dec,07:30PM,Thu,Chicago,24,30,54,15,24,0,39,93,YES,1,1,NO,Charlotte,14,22,36,20,16,0,36,72,NO,1,1,YES,90,75,165,94.44,78.26,172.69,7,189
1996,19-Dec,06:30PM,Thu,San Antonio,23,27,50,35,30,0,65,115,YES,4,1,YES,Houston,29,22,51,22,28,0,50,101,NO,1,1,YES,101,115,216,105.44,118.26,223.69,-8.5,198
1996,19-Dec,04:30PM,Thu,Washington,31,28,59,24,19,0,43,102,NO,0,2,NO,LAC,16,31,47,27,19,0,46,93,YES,0,2,NO,106,89,195,110.44,92.26,202.69,3,198
1996,19-Dec,07:30PM,Thu,Utah,16,22,38,18,27,11,45,83,NO,1,0,NO,Miami,26,16,42,15,26,4,41,83,YES,1,1,NO,80,86,166,84.44,89.26,173.69,3.5,0
1996,19-Dec,04:30PM,Thu,Minnesota,28,25,53,28,24,0,52,105,NO,0,1,YES,Sacramento,29,27,56,29,27,0,56,112,NO,1,0,YES,109,108,217,113.44,111.26,224.69,0,0
1996,20-Dec,05:00PM,Fri,Vancouver,17,29,46,16,31,0,47,93,YES,0,1,YES,Denver,30,22,52,29,27,0,56,108,YES,2,1,NO,98,103,201,102.44,106.26,208.69,-10.5,191
1996,20-Dec,04:00PM,Fri,Dallas,23,22,45,10,22,0,32,77,NO,0,1,NO,Portland,29,20,49,31,27,0,58,107,YES,0,1,NO,94,90,184,98.44,93.26,191.69,-11,195.5
1996,20-Dec,07:00PM,Fri,LAC,26,25,51,11,24,0,35,86,YES,0,1,NO,Seattle,29,19,48,38,16,0,54,102,NO,1,1,YES,99,89,188,103.44,92.26,195.69,-15,199
1996,20-Dec,07:30PM,Fri,New Jersey,17,23,40,26,29,0,55,95,NO,1,0,YES,Atlanta,30,38,68,19,22,0,41,109,YES,0,2,YES,108,96,204,112.44,99.26,211.69,0,0
1996,20-Dec,07:30PM,Fri,Toronto,20,18,38,16,28,0,44,82,YES,0,1,NO,Cleveland,22,25,47,23,21,0,44,91,NO,1,1,NO,85,88,173,89.44,91.26,180.69,-11.5,175
1996,20-Dec,07:30PM,Fri,Detroit,25,13,38,24,22,0,46,84,YES,1,0,NO,Indiana,18,18,36,22,17,0,39,75,NO,1,1,YES,74,85,159,78.44,88.26,166.69,2,178.5
1996,20-Dec,07:30PM,Fri,New York,20,28,48,26,36,0,62,110,NO,1,0,YES,Philadelphia,26,25,51,10,42,0,52,103,NO,0,2,NO,99,114,213,103.44,117.26,220.69,6,190.5
1996,20-Dec,08:00PM,Fri,Utah,17,18,35,29,34,0,63,98,NO,0,1,NO,Orlando,22,19,41,25,27,0,52,93,YES,0,1,NO,76,115,191,80.44,118.26,198.69,5,180
1996,21-Dec,06:00PM,Sat,LAL,28,20,48,29,11,0,40,88,NO,2,3,NO,Minnesota,21,35,56,26,21,0,47,103,NO,1,1,YES,104,87,191,108.44,90.26,198.69,6,197
1996,21-Dec,07:30PM,Sat,Atlanta,23,15,38,17,38,0,55,93,YES,0,1,NO,Charlotte,22,27,49,23,26,0,49,98,YES,0,1,NO,87,104,191,91.44,107.26,198.69,-1.5,178.5
1996,21-Dec,06:30PM,Sat,Miami,25,26,51,12,23,0,35,86,YES,1,1,NO,Houston,19,19,38,20,8,0,28,66,NO,1,1,NO,89,63,152,93.44,66.26,159.69,2,0
1996,21-Dec,07:30PM,Sat,Boston,23,29,52,24,24,0,48,100,YES,4,0,YES,New Jersey,25,17,42,30,29,0,59,101,YES,1,0,YES,94,107,201,98.44,110.26,208.69,2,204
1996,21-Dec,07:30PM,Sat,Detroit,17,24,41,23,28,0,51,92,NO,0,3,NO,New York,26,24,50,22,23,0,45,95,NO,1,0,YES,91,96,187,95.44,99.26,194.69,-3,178.5
1996,21-Dec,07:30PM,Sat,Chicago,30,26,56,28,27,0,55,111,NO,1,1,YES,Philadelphia,32,23,55,28,22,0,50,105,YES,4,0,NO,111,105,216,115.44,108.26,223.69,12,199.5
1996,21-Dec,04:30PM,Sat,Portland,21,26,47,22,16,14,38,85,YES,0,1,YES,Sacramento,23,16,39,29,17,16,46,85,NO,1,1,NO,86,84,170,90.44,87.26,177.69,0,0
1996,21-Dec,06:30PM,Sat,Phoenix,22,22,44,18,26,0,44,88,YES,2,1,YES,San Antonio,21,26,47,33,21,0,54,101,NO,1,1,YES,91,98,189,95.44,101.26,196.69,-5,204.5
1996,21-Dec,07:00PM,Sat,Orlando,20,21,41,25,19,0,44,85,YES,0,1,YES,Milwaukee,32,21,53,27,23,0,50,103,YES,1,1,YES,94,94,188,98.44,97.26,195.69,-9,187
1996,22-Dec,01:30PM,Sun,Utah,27,22,49,21,24,0,45,94,NO,1,0,NO,Cleveland,27,24,51,26,23,0,49,100,YES,0,1,NO,100,94,194,104.44,97.26,201.69,2,176
1996,22-Dec,02:30PM,Sun,Toronto,20,20,40,19,33,0,52,92,NO,1,3,YES,Indiana,25,31,56,24,31,0,55,111,YES,3,1,NO,96,107,203,100.44,110.26,210.69,-8,181
1996,22-Dec,02:00PM,Sun,LAC,19,23,42,26,23,0,49,91,NO,1,0,NO,Golden State,31,14,45,23,29,0,52,97,YES,3,3,NO,87,101,188,91.44,104.26,195.69,-6,201
1996,22-Dec,05:00PM,Sun,Dallas,21,24,45,18,16,0,34,79,NO,1,3,YES,Seattle,28,22,50,20,23,0,43,93,NO,3,1,NO,95,77,172,99.44,80.26,179.69,-14,203
1996,22-Dec,06:00PM,Sun,Washington,26,26,52,18,17,0,35,87,NO,2,0,NO,Vancouver,18,23,41,21,29,0,50,91,YES,3,1,YES,93,85,178,97.44,88.26,185.69,10,193
1996,22-Dec,07:00PM,Sun,Charlotte,28,22,50,28,24,0,52,102,YES,0,4,YES,Boston,22,30,52,28,18,0,46,98,YES,4,0,YES,102,98,200,106.44,101.26,207.69,3,193.5
1996,23-Dec,06:00PM,Mon,Utah,25,29,54,23,21,0,44,98,NO,0,2,YES,Minnesota,23,34,57,26,24,0,50,107,NO,2,1,NO,111,94,205,115.44,97.26,212.69,4.5,195.5
1996,23-Dec,04:00PM,Mon,Denver,21,24,45,24,20,23,44,89,YES,2,2,YES,Phoenix,26,24,50,19,20,20,39,89,NO,1,1,YES,95,83,178,99.44,86.26,185.69,-4.5,197
1996,23-Dec,04:00PM,Mon,Washington,29,25,54,29,23,0,52,106,NO,0,3,YES,Portland,31,12,43,17,24,0,41,84,YES,2,1,YES,97,93,190,101.44,96.26,197.69,-4.5,197
1996,23-Dec,06:30PM,Mon,New Jersey,32,13,45,21,15,0,36,81,YES,1,2,NO,Chicago,18,37,55,32,26,0,58,113,NO,1,1,YES,100,94,194,104.44,97.26,201.69,-17,199
1996,23-Dec,06:30PM,Mon,Milwaukee,22,20,42,24,15,0,39,81,YES,1,2,YES,Houston,17,18,35,23,18,0,41,76,YES,2,1,NO,77,80,157,81.44,83.26,164.69,-4.5,194.5
1996,23-Dec,07:30PM,Mon,Atlanta,23,19,42,21,13,0,34,76,NO,1,2,YES,New York,21,25,46,20,16,0,36,82,YES,2,1,NO,88,70,158,92.44,73.26,165.69,-3,183
1996,23-Dec,07:30PM,Mon,Cleveland,21,20,41,22,21,0,43,84,YES,0,3,YES,Orlando,28,17,45,22,22,0,44,89,YES,2,1,YES,86,87,173,90.44,90.26,180.69,4.5,173
1996,23-Dec,04:30PM,Mon,LAC,16,19,35,24,29,0,53,88,NO,0,3,YES,Sacramento,29,28,57,19,24,0,43,100,NO,2,1,NO,92,96,188,96.44,99.26,195.69,-5.5,187
1996,23-Dec,06:30PM,Mon,Miami,31,20,51,17,22,0,39,90,NO,1,2,YES,San Antonio,21,20,41,19,19,0,38,79,YES,2,1,NO,92,77,169,96.44,80.26,176.69,-2.5,181.5
1996,25-Dec,01:00PM,Wed,LAL,23,28,51,25,32,0,57,108,NO,3,1,YES,Phoenix,14,31,45,20,22,0,42,87,YES,2,1,NO,96,99,195,100.44,102.26,202.69,1,198
1996,25-Dec,06:30PM,Wed,Detroit,23,14,37,24,22,0,46,83,NO,3,0,YES,Chicago,28,21,49,24,22,0,46,95,YES,0,1,NO,86,92,178,90.44,95.26,185.69,-8.5,185
1996,26-Dec,01:30PM,Thu,New Jersey,22,26,48,19,29,0,48,96,NO,2,0,YES,Toronto,21,28,49,19,30,0,49,98,YES,0,3,YES,97,97,194,101.44,100.26,201.69,-5,194
1996,26-Dec,05:00PM,Thu,Philadelphia,21,35,56,39,23,0,62,118,YES,4,1,NO,Denver,22,20,42,26,21,0,47,89,YES,1,2,YES,98,109,207,102.44,112.26,214.69,-4,204
1996,26-Dec,06:00PM,Thu,New York,24,28,52,18,10,0,28,80,YES,2,1,YES,Minnesota,21,23,44,23,21,0,44,88,NO,1,2,NO,96,72,168,100.44,75.26,175.69,4,194
1996,26-Dec,07:00PM,Thu,San Antonio,22,20,42,20,24,0,44,86,YES,2,2,NO,Seattle,29,23,52,19,23,0,42,94,YES,1,3,NO,94,86,180,98.44,89.26,187.69,-14,194
1996,26-Dec,05:00PM,Thu,Portland,30,18,48,21,25,0,46,94,YES,2,0,NO,Utah,18,20,38,31,30,0,61,99,NO,1,2,YES,86,107,193,90.44,110.26,200.69,-9,192
1996,26-Dec,07:30PM,Thu,Chicago,27,26,53,22,28,0,50,103,YES,0,1,YES,Atlanta,30,26,56,22,30,0,52,108,YES,1,2,YES,109,102,211,113.44,105.26,218.69,4,186
1996,26-Dec,06:30PM,Thu,Golden State,23,35,58,30,25,0,55,113,YES,3,1,NO,Dallas,26,23,49,25,34,0,59,108,NO,1,3,YES,107,114,221,111.44,117.26,228.69,-1,201
1996,26-Dec,07:30PM,Thu,Indiana,18,25,43,17,22,13,39,82,YES,3,0,NO,Detroit,16,29,45,20,17,7,37,82,NO,1,0,YES,88,76,164,92.44,79.26,171.69,-5,177
1996,26-Dec,06:30PM,Thu,Houston,34,20,54,25,22,0,47,101,YES,2,1,YES,Milwaukee,27,17,44,22,24,0,46,90,YES,0,2,YES,98,93,191,102.44,96.26,198.69,5,198
1996,26-Dec,04:30PM,Thu,Vancouver,21,26,47,20,21,0,41,88,YES,3,1,YES,Sacramento,38,27,65,22,24,0,46,111,NO,1,2,NO,112,87,199,116.44,90.26,206.69,-9,185.5
1996,26-Dec,08:00PM,Thu,Orlando,15,18,33,21,22,0,43,76,YES,2,1,NO,Miami,22,28,50,13,33,0,46,96,YES,0,2,YES,83,89,172,87.44,92.26,179.69,-10.5,173
1996,27-Dec,07:30PM,Fri,Miami,24,29,53,24,24,0,48,101,YES,0,1,NO,Charlotte,15,23,38,27,21,0,48,86,YES,0,4,YES,91,96,187,95.44,99.26,194.69,-2,174
1996,27-Dec,07:30PM,Fri,Milwaukee,24,32,56,17,13,0,30,86,YES,0,1,YES,Cleveland,26,19,45,27,22,0,49,94,YES,0,3,YES,101,79,180,105.44,82.26,187.69,-7.5,181
1996,27-Dec,04:30PM,Fri,Portland,20,25,45,29,28,0,57,102,NO,0,1,YES,LAC,29,23,52,21,25,0,46,98,NO,2,3,YES,97,103,200,101.44,106.26,207.69,3,190
1996,27-Dec,04:30PM,Fri,Boston,31,25,56,21,25,0,46,102,YES,4,0,NO,LAL,24,36,60,22,27,0,49,109,NO,1,1,YES,116,95,211,120.44,98.26,218.69,-10.5,199
1996,27-Dec,07:30PM,Fri,Indiana,21,27,48,29,17,0,46,94,NO,0,1,YES,New Jersey,27,26,53,27,25,0,52,105,YES,1,0,YES,101,98,199,105.44,101.26,206.69,5.5,189
1996,27-Dec,07:30PM,Fri,Toronto,25,19,44,20,18,0,38,82,YES,0,5,NO,Washington,26,24,50,19,31,0,50,100,NO,0,3,YES,94,88,182,98.44,91.26,189.69,-11.5,196
1996,28-Dec,01:00PM,Sat,Orlando,21,19,40,24,21,0,45,85,NO,1,1,NO,New York,22,30,52,22,22,0,44,96,NO,1,1,YES,92,89,181,96.44,92.26,188.69,-9.5,178
1996,28-Dec,11:00AM,Sat,Philadelphia,25,23,48,12,24,0,36,84,NO,1,0,NO,Utah,19,32,51,31,28,0,59,110,YES,1,1,NO,99,95,194,103.44,98.26,201.69,-12,200.5
1996,28-Dec,06:00PM,Sat,Denver,25,22,47,20,22,7,42,89,YES,1,1,YES,Minnesota,21,28,49,21,19,14,40,89,YES,1,1,NO,96,82,178,100.44,85.26,185.69,-5,197
1996,28-Dec,07:00PM,Sat,Phoenix,35,29,64,17,22,0,39,103,YES,2,1,YES,Vancouver,30,24,54,16,28,0,44,98,NO,1,1,YES,118,83,201,122.44,86.26,208.69,0,0
1996,28-Dec,06:30PM,Sat,Cleveland,29,18,47,22,28,0,50,97,YES,0,1,YES,Chicago,31,29,60,23,19,0,42,102,NO,1,1,YES,107,92,199,111.44,95.26,206.69,-10,178
1996,28-Dec,06:30PM,Sat,Seattle,25,17,42,21,27,0,48,90,YES,1,1,NO,Dallas,26,34,60,15,20,0,35,95,YES,4,1,NO,102,83,185,106.44,86.26,192.69,9,0
1996,28-Dec,07:30PM,Sat,Charlotte,21,22,43,25,7,0,32,75,YES,0,1,NO,Detroit,26,27,53,20,24,0,44,97,NO,1,1,NO,96,76,172,100.44,79.26,179.69,-9,178
1996,28-Dec,06:30PM,Sat,Golden State,17,28,45,25,25,0,50,95,NO,1,5,YES,Houston,21,29,50,25,29,0,54,104,NO,1,1,YES,95,104,199,99.44,107.26,206.69,-11,207
1996,28-Dec,04:30PM,Sat,Boston,13,26,39,21,36,0,57,96,NO,0,1,NO,Sacramento,30,37,67,31,28,0,59,126,YES,1,1,NO,106,116,222,110.44,119.26,229.69,-5.5,199
1996,28-Dec,07:30PM,Sat,Atlanta,24,26,50,20,16,0,36,86,YES,1,5,NO,Washington,25,22,47,32,18,0,50,97,NO,1,0,NO,97,86,183,101.44,89.26,190.69,-2.5,189
1996,29-Dec,05:00PM,Sun,New Jersey,20,19,39,33,20,18,53,92,YES,1,0,NO,Indiana,25,16,41,25,26,10,51,92,YES,0,1,YES,80,104,184,84.44,107.26,191.69,-11,192
1996,29-Dec,05:00PM,Sun,Miami,32,16,48,19,28,0,47,95,NO,1,3,YES,Milwaukee,24,22,46,19,29,0,48,94,NO,5,1,YES,94,95,189,98.44,98.26,196.69,0,0
1996,29-Dec,03:30PM,Sun,Philadelphia,27,26,53,22,27,0,49,102,NO,0,3,NO,LAL,30,24,54,31,30,0,61,115,YES,3,1,NO,107,110,217,111.44,113.26,224.69,-10.5,202
1996,29-Dec,04:00PM,Sun,San Antonio,15,16,31,26,29,0,55,86,NO,2,0,NO,Portland,31,27,58,29,23,0,52,110,YES,3,1,YES,89,107,196,93.44,110.26,203.69,-9,184
1996,30-Dec,05:00PM,Mon,Boston,22,30,52,26,26,0,52,104,NO,1,2,NO,Denver,21,33,54,30,18,0,48,102,NO,3,1,YES,106,100,206,110.44,103.26,213.69,-5.5,202
1996,30-Dec,04:00PM,Mon,Sacramento,23,15,38,21,29,0,50,88,YES,1,2,YES,Phoenix,28,29,57,23,20,0,43,100,YES,2,1,YES,95,93,188,99.44,96.26,195.69,0,0
1996,30-Dec,07:00PM,Mon,San Antonio,25,25,50,23,22,0,45,95,NO,0,2,YES,Vancouver,21,16,37,21,30,0,51,88,NO,3,1,NO,87,96,183,91.44,99.26,190.69,2,181.5
1996,30-Dec,06:30PM,Mon,Indiana,28,18,46,21,12,0,33,79,YES,0,3,YES,Chicago,15,22,37,26,18,0,44,81,NO,3,1,NO,83,77,160,87.44,80.26,167.69,-13,188.5
1996,30-Dec,07:30PM,Mon,Minnesota,16,22,38,18,40,0,58,96,YES,1,3,NO,Cleveland,27,28,55,32,21,0,53,108,NO,2,1,YES,93,111,204,97.44,114.26,211.69,-9,180
1996,30-Dec,07:30PM,Mon,Orlando,19,18,37,21,27,0,48,85,NO,1,2,YES,Detroit,21,21,42,27,28,0,55,97,NO,2,1,NO,79,103,182,83.44,106.26,189.69,-11,176.5
1996,30-Dec,06:30PM,Mon,Seattle,35,18,53,20,18,0,38,91,NO,1,2,YES,Houston,28,29,57,22,20,0,42,99,NO,2,1,NO,110,80,190,114.44,83.26,197.69,-3,196
1996,30-Dec,04:30PM,Mon,Utah,22,19,41,31,29,0,60,101,YES,1,2,NO,LAC,34,25,59,28,28,0,56,115,YES,4,2,NO,100,116,216,104.44,119.26,223.69,7,192
1996,30-Dec,07:30PM,Mon,New Jersey,19,21,40,23,23,0,46,86,NO,0,2,NO,New York,20,27,47,26,25,0,51,98,YES,2,1,NO,87,97,184,91.44,100.26,191.69,-12.5,190
1996,30-Dec,07:30PM,Mon,Charlotte,28,29,57,26,18,0,44,101,NO,1,2,YES,Washington,21,31,52,23,17,0,40,92,NO,2,1,NO,109,84,193,113.44,87.26,200.69,-6,190
1997,2-Jan,07:00PM,Thu,Philadelphia,16,26,42,18,22,0,40,82,NO,3,0,NO,Seattle,29,10,39,22,35,0,57,96,YES,0,2,YES,81,97,178,82.03,97.43,179.46,-13.5,205
1997,2-Jan,07:30PM,Thu,Dallas,27,21,48,22,27,0,49,97,YES,4,1,YES,Charlotte,25,29,54,33,20,0,53,107,NO,1,2,YES,102,102,204,103.03,102.43,205.46,-7,192
1997,2-Jan,07:30PM,Thu,Phoenix,25,17,42,29,23,0,52,94,YES,2,0,NO,Cleveland,29,29,58,21,24,0,45,103,NO,1,2,NO,100,97,197,101.03,97.43,198.46,-9.5,184
1997,2-Jan,07:30PM,Thu,Boston,23,25,48,16,23,0,39,87,NO,2,0,YES,Detroit,25,29,54,22,23,0,45,99,NO,1,2,NO,102,84,186,103.03,84.43,187.46,-11,189.5
1997,2-Jan,06:30PM,Thu,Portland,32,27,59,25,28,0,53,112,YES,3,1,NO,Houston,21,32,53,21,22,0,43,96,NO,1,2,NO,112,96,208,113.03,96.43,209.46,-8,196
1997,2-Jan,07:30PM,Thu,New Jersey,16,21,37,27,27,0,54,91,NO,2,0,YES,Miami,29,25,54,17,30,0,47,101,YES,1,3,YES,91,101,192,92.03,101.43,193.46,-5.5,181
1997,2-Jan,07:30PM,Thu,Toronto,16,28,44,24,22,4,46,90,NO,5,1,NO,Orlando,31,11,42,29,19,6,48,90,YES,0,2,YES,86,94,180,87.03,94.43,181.46,-5.5,181
1997,2-Jan,04:30PM,Thu,LAL,24,30,54,14,22,0,36,90,YES,3,0,YES,Sacramento,20,24,44,25,14,0,39,83,YES,0,2,YES,98,75,173,99.03,75.43,174.46,3,197
1997,2-Jan,06:30PM,Thu,Utah,15,19,34,26,20,0,46,80,NO,2,1,YES,San Antonio,18,20,38,20,25,0,45,83,YES,0,2,YES,72,91,163,73.03,91.43,164.46,0,0
1997,2-Jan,07:30PM,Thu,New York,22,23,45,21,26,0,47,92,YES,2,1,NO,Washington,22,12,34,26,20,0,46,80,YES,1,2,NO,79,93,172,80.03,93.43,173.46,-3.5,189
1997,3-Jan,07:00PM,Fri,Minnesota,23,17,40,33,21,0,54,94,NO,3,0,NO,Boston,12,31,43,19,22,0,41,84,NO,1,0,YES,83,95,178,84.03,95.43,179.46,2,0
1997,3-Jan,06:00PM,Fri,Orlando,16,29,45,12,32,0,44,89,YES,0,3,YES,Chicago,26,21,47,33,30,0,63,110,NO,2,3,NO,92,107,199,93.03,107.43,200.46,-18,185.5
1997,3-Jan,05:00PM,Fri,San Antonio,26,25,51,23,19,0,42,93,YES,0,1,YES,Denver,22,23,45,32,14,0,46,91,YES,3,3,NO,96,88,184,97.03,88.43,185.46,0,0
1997,3-Jan,07:00PM,Fri,Seattle,24,28,52,32,24,0,56,108,YES,0,3,YES,Vancouver,20,27,47,24,23,0,47,94,NO,1,3,NO,99,103,202,100.03,103.43,203.46,,
1997,3-Jan,04:30PM,Fri,Philadelphia,23,27,50,32,26,6,58,108,NO,0,1,NO,Golden State,29,29,58,24,26,14,50,108,NO,2,5,YES,108,108,216,109.03,108.43,217.46,-7,208
1997,3-Jan,07:30PM,Fri,Phoenix,36,20,56,20,28,0,48,104,NO,0,1,NO,Indiana,28,30,58,26,33,0,59,117,YES,0,3,YES,114,107,221,115.03,107.43,222.46,-7,192
1997,3-Jan,04:30PM,Fri,Sacramento,15,26,41,27,25,0,52,93,YES,0,1,YES,LAL,22,38,60,21,19,0,40,100,YES,1,0,YES,101,92,193,102.03,92.43,194.46,-10,194
1997,3-Jan,07:30PM,Fri,Atlanta,21,21,42,27,26,0,53,95,NO,5,0,YES,New Jersey,14,25,39,26,20,0,46,85,NO,3,0,YES,81,99,180,82.03,99.43,181.46,0,0
1997,4-Jan,05:00PM,Sat,Miami,24,18,42,15,23,0,38,80,YES,1,2,NO,Utah,23,26,49,21,13,0,34,83,YES,1,1,YES,91,72,163,92.03,72.43,164.46,-6.5,181
1997,4-Jan,07:30PM,Sat,New York,17,19,36,13,22,0,35,71,NO,1,0,YES,Atlanta,18,20,38,23,27,0,50,88,NO,2,0,YES,74,85,159,75.03,85.43,160.46,-3.5,183
1997,4-Jan,07:30PM,Sat,Washington,27,26,53,28,23,0,51,104,YES,1,3,YES,Charlotte,32,29,61,7,25,0,32,93,YES,1,1,NO,114,83,197,115.03,83.43,198.46,0,0
1997,4-Jan,07:30PM,Sat,Indiana,21,21,42,16,33,0,49,91,YES,0,2,YES,Cleveland,29,27,56,19,24,0,43,99,YES,2,1,NO,98,92,190,99.03,92.43,191.46,-7.5,180
1997,4-Jan,06:30PM,Sat,Portland,38,18,56,26,28,0,54,110,NO,1,1,YES,Dallas,28,27,55,25,24,0,49,104,YES,2,1,YES,111,103,214,112.03,103.43,215.46,3.5,196
1997,4-Jan,07:30PM,Sat,Toronto,20,20,40,15,19,0,34,74,NO,1,2,YES,Detroit,32,30,62,26,30,0,56,118,NO,2,1,NO,102,90,192,103.03,90.43,193.46,-14,0
1997,4-Jan,06:30PM,Sat,LAC,23,30,53,22,20,0,42,95,YES,4,0,NO,Houston,20,37,57,22,12,0,34,91,YES,2,1,NO,110,76,186,111.03,76.43,187.46,-12.5,197
1997,4-Jan,07:00PM,Sat,Minnesota,23,24,47,22,28,0,50,97,NO,0,2,YES,Milwaukee,26,24,50,22,19,0,41,91,YES,0,5,NO,97,91,188,98.03,91.43,189.46,-7.5,194
1997,5-Jan,03:00PM,Sun,Philadelphia,28,29,57,26,23,0,49,106,NO,1,1,NO,Sacramento,29,30,59,29,19,0,48,107,NO,1,1,YES,116,97,213,117.03,97.43,214.46,-2.5,201
1997,5-Jan,05:00PM,Sun,LAC,29,16,45,16,32,0,48,93,NO,0,1,NO,San Antonio,22,21,43,19,22,0,41,84,YES,1,1,YES,88,89,177,89.03,89.43,178.46,0,0
1997,5-Jan,06:00PM,Sun,LAL,14,33,47,24,24,0,48,95,YES,1,0,NO,Vancouver,20,20,40,22,20,0,42,82,YES,2,1,NO,87,90,177,88.03,90.43,178.46,0,0
1997,5-Jan,07:30PM,Sun,Phoenix,31,23,54,24,24,0,48,102,NO,1,1,NO,Boston,30,23,53,23,33,0,56,109,NO,2,1,NO,107,104,211,108.03,104.43,212.46,3.5,0
1997,5-Jan,07:30PM,Sun,Milwaukee,26,25,51,15,26,0,41,92,YES,0,1,NO,New York,27,28,55,26,16,0,42,97,NO,1,0,YES,106,83,189,107.03,83.43,190.46,-6.5,186
1997,6-Jan,04:00PM,Mon,LAL,22,18,40,24,20,0,44,84,NO,0,1,YES,Portland,26,18,44,20,24,0,44,88,NO,1,1,YES,84,88,172,85.03,88.43,173.46,0,0
1997,6-Jan,06:30PM,Mon,Utah,15,22,37,24,28,0,52,89,YES,1,1,NO,Chicago,29,27,56,21,25,0,46,102,YES,3,2,NO,93,98,191,94.03,98.43,192.46,-10,190
1997,6-Jan,04:30PM,Mon,Charlotte,34,25,59,23,27,0,50,109,YES,1,1,NO,Golden State,37,22,59,22,20,0,42,101,NO,1,2,NO,118,92,210,119.03,92.43,211.46,-2,203
1997,7-Jan,05:00PM,Tue,Miami,22,14,36,29,20,0,49,85,NO,2,0,NO,Seattle,23,23,46,21,27,0,48,94,YES,0,3,YES,82,97,179,83.03,97.43,180.46,-5,179
1997,7-Jan,06:00PM,Tue,Houston,24,22,46,21,37,0,58,104,YES,2,0,NO,Minnesota,30,20,50,25,20,0,45,95,YES,1,2,YES,96,103,199,97.03,103.43,200.46,6,194
1997,7-Jan,07:00PM,Tue,LAC,23,20,43,23,21,0,44,87,NO,1,2,NO,Toronto,25,25,50,19,11,0,30,80,NO,1,2,YES,93,74,167,94.03,74.43,168.46,0,0
1997,7-Jan,07:30PM,Tue,Phoenix,24,20,44,24,23,12,47,91,NO,1,0,NO,Atlanta,29,22,51,18,22,14,40,91,YES,1,2,NO,95,87,182,96.03,87.43,183.46,-8.5,192.5
1997,7-Jan,07:30PM,Tue,Milwaukee,26,19,45,19,22,0,41,86,NO,1,0,YES,Detroit,24,24,48,14,14,0,28,76,NO,2,2,NO,93,69,162,94.03,69.43,163.46,-8,186
1997,7-Jan,07:30PM,Tue,Cleveland,21,22,43,23,24,0,47,90,YES,2,0,YES,Indiana,14,18,32,31,32,0,63,95,YES,2,2,YES,75,110,185,76.03,110.43,186.46,-3,182.5
1997,7-Jan,07:30PM,Tue,San Antonio,18,17,35,18,21,0,39,74,YES,1,0,NO,New Jersey,22,21,43,31,16,0,47,90,NO,1,3,NO,78,86,164,79.03,86.43,165.46,0,0
1997,7-Jan,07:30PM,Tue,Dallas,9,19,28,14,30,0,44,72,YES,2,0,NO,New York,23,31,54,27,21,0,48,102,YES,2,1,NO,82,92,174,83.03,92.43,175.46,-7,189
1997,7-Jan,07:30PM,Tue,Philadelphia,19,19,38,27,23,0,50,88,NO,1,0,YES,Orlando,22,29,51,29,29,0,58,109,NO,1,3,YES,89,108,197,90.03,108.43,198.46,-8,199
1997,7-Jan,04:30PM,Tue,Denver,32,28,60,27,22,0,49,109,YES,3,0,YES,Sacramento,25,20,45,17,34,0,51,96,YES,3,1,NO,105,100,205,106.03,100.43,206.46,-6.5,193.5
1997,8-Jan,04:00PM,Wed,Seattle,27,34,61,26,22,0,48,109,YES,0,2,YES,Denver,22,34,56,25,18,0,43,99,NO,1,0,YES,117,91,208,118.03,91.43,209.46,7.5,197
1997,8-Jan,07:00PM,Wed,San Antonio,20,21,41,24,18,0,42,83,NO,0,1,NO,Boston,25,26,51,32,24,0,56,107,NO,1,2,NO,92,98,190,93.03,98.43,191.46,0,0
1997,8-Jan,04:00PM,Wed,Miami,20,25,45,25,15,0,40,85,NO,0,1,NO,Portland,27,23,50,18,13,0,31,81,NO,5,1,NO,95,71,166,96.03,71.43,167.46,-1,177.5
1997,8-Jan,07:30PM,Wed,Houston,20,15,35,23,23,0,46,81,NO,0,1,NO,Cleveland,13,21,34,24,20,0,44,78,NO,2,0,YES,69,90,159,70.03,90.43,160.46,2,185
1997,8-Jan,04:30PM,Wed,Vancouver,21,30,51,27,31,0,58,109,YES,2,0,YES,Golden State,30,19,49,21,25,0,46,95,YES,0,1,NO,100,104,204,101.03,104.43,205.46,-10.5,199
1997,8-Jan,04:30PM,Wed,Charlotte,25,21,46,24,27,0,51,97,NO,1,1,NO,LAL,33,27,60,20,21,0,41,101,NO,1,1,YES,106,92,198,107.03,92.43,199.46,-6,194
1997,8-Jan,06:30PM,Wed,Utah,23,15,38,32,29,13,61,99,NO,1,0,NO,Milwaukee,18,28,46,27,26,20,53,99,NO,1,0,YES,84,114,198,85.03,114.43,199.46,4.5,189.5
1997,8-Jan,07:30PM,Wed,Dallas,20,41,61,27,23,0,50,111,NO,0,2,YES,Philadelphia,27,27,54,12,27,0,39,93,NO,1,0,YES,115,89,204,116.03,89.43,205.46,-5.5,201
1997,8-Jan,07:30PM,Wed,Phoenix,30,35,65,19,23,6,42,107,NO,0,1,YES,Washington,23,36,59,27,21,8,48,107,NO,1,3,YES,124,90,214,125.03,90.43,215.46,-11,204
1997,9-Jan,07:00PM,Thu,Utah,28,26,54,24,18,0,42,96,NO,0,1,NO,Toronto,29,26,55,22,33,0,55,110,YES,1,1,NO,109,97,206,110.03,97.43,207.46,7.5,187
1997,9-Jan,07:00PM,Thu,Golden State,21,33,54,23,25,0,48,102,YES,0,2,NO,Vancouver,23,27,50,20,16,0,36,86,NO,1,0,YES,104,84,188,105.03,84.43,189.46,5,196
1997,9-Jan,07:30PM,Thu,Minnesota,31,25,56,25,29,0,54,110,YES,1,1,YES,New Jersey,27,27,54,28,25,0,53,107,NO,1,1,NO,110,107,217,111.03,107.43,218.46,-1,198
1997,9-Jan,07:30PM,Thu,Atlanta,30,19,49,24,14,10,38,87,YES,1,1,YES,Orlando,22,32,54,20,13,5,33,87,YES,2,1,NO,103,71,174,104.03,71.43,175.46,-3,182
1997,10-Jan,07:00PM,Fri,New York,28,27,55,28,28,0,56,111,YES,2,0,YES,Boston,29,28,57,20,21,0,41,98,YES,0,1,NO,112,97,209,113.03,97.43,210.46,6.5,191
1997,10-Jan,05:00PM,Fri,Indiana,26,30,56,27,25,0,52,108,YES,2,0,NO,Denver,26,23,49,11,29,0,40,89,YES,0,1,NO,105,92,197,106.03,92.43,198.46,0,0
1997,10-Jan,04:00PM,Fri,Charlotte,26,23,49,26,15,0,41,90,NO,1,1,NO,Phoenix,33,22,55,20,27,0,47,102,YES,2,1,YES,104,88,192,105.03,88.43,193.46,-2,202
1997,10-Jan,04:30PM,Fri,Miami,19,22,41,25,19,0,44,85,NO,1,2,YES,LAL,17,27,44,24,26,0,50,94,NO,3,1,NO,85,94,179,86.03,94.43,180.46,-2.5,182
1997,10-Jan,06:30PM,Fri,Chicago,22,35,57,29,30,0,59,116,YES,3,0,YES,Milwaukee,32,29,61,22,18,0,40,101,NO,1,1,NO,118,99,217,119.03,99.43,218.46,8,196
1997,10-Jan,07:30PM,Fri,Houston,27,34,61,32,27,0,59,120,NO,1,0,NO,Philadelphia,25,21,46,22,31,0,53,99,NO,2,1,NO,107,112,219,108.03,112.43,220.46,8.5,203
1997,10-Jan,07:30PM,Fri,LAC,27,25,52,19,27,0,46,98,NO,2,0,NO,Washington,31,28,59,23,20,0,43,102,YES,0,1,NO,111,89,200,112.03,89.43,201.46,-8.5,193.5
1997,10-Jan,08:00PM,Fri,San Antonio,18,14,32,16,30,0,46,78,NO,1,0,NO,Detroit,22,25,47,19,18,0,37,84,NO,0,2,NO,79,83,162,80.03,83.43,163.46,0,0
1997,11-Jan,06:00PM,Sat,LAC,26,27,53,17,23,0,40,93,NO,0,3,YES,Minnesota,20,21,41,25,29,0,54,95,YES,2,1,YES,94,94,188,95.03,94.43,189.46,-6,192
1997,11-Jan,07:00PM,Sat,Indiana,20,19,39,24,19,0,43,82,NO,0,2,NO,Seattle,25,31,56,16,20,0,36,92,NO,3,2,YES,95,79,174,96.03,79.43,175.46,-9,192
1997,11-Jan,07:00PM,Sat,Sacramento,24,32,56,25,28,0,53,109,YES,3,0,YES,Vancouver,33,23,56,23,22,0,45,101,YES,2,1,NO,112,98,210,113.03,98.43,211.46,2,185
1997,11-Jan,07:30PM,Sat,San Antonio,17,25,42,15,20,5,35,77,NO,0,3,YES,Atlanta,17,23,40,14,23,10,37,77,YES,1,1,YES,82,72,154,83.03,72.43,155.46,0,0
1997,11-Jan,06:30PM,Sat,Houston,23,20,43,23,20,0,43,86,NO,0,2,YES,Chicago,20,20,40,34,36,0,70,110,NO,2,0,YES,83,113,196,84.03,113.43,197.46,-8,195
1997,11-Jan,07:30PM,Sat,Washington,31,27,58,25,15,0,40,98,YES,0,1,NO,Cleveland,23,16,39,31,15,0,46,85,NO,1,2,NO,97,86,183,98.03,86.43,184.46,-5,184
1997,11-Jan,06:30PM,Sat,Denver,18,35,53,27,19,0,46,99,YES,0,1,YES,Dallas,23,29,52,21,31,0,52,104,NO,1,2,YES,105,98,203,106.03,98.43,204.46,-4,200
1997,11-Jan,07:30PM,Sat,Utah,19,11,30,25,22,0,47,77,NO,1,1,NO,Detroit,27,16,43,27,17,0,44,87,YES,2,0,NO,73,91,164,74.03,91.43,165.46,-3.5,180.5
1997,11-Jan,07:30PM,Sat,Toronto,48,31,79,21,23,0,44,123,YES,1,0,YES,New Jersey,17,30,47,29,30,0,59,106,NO,1,1,NO,126,103,229,127.03,103.43,230.46,-3.5,196
1997,11-Jan,07:30PM,Sat,Boston,26,24,50,20,29,0,49,99,YES,0,2,YES,New York,27,33,60,20,32,0,52,112,YES,2,0,YES,110,101,211,111.03,101.43,212.46,-11,194
1997,12-Jan,03:00PM,Sun,Charlotte,25,20,45,24,28,0,52,97,NO,1,0,NO,Sacramento,23,23,46,26,21,0,47,93,NO,1,0,YES,91,99,190,92.03,99.43,191.46,3,192.5
1997,12-Jan,06:30PM,Sun,Orlando,27,15,42,22,24,0,46,88,YES,2,0,NO,Toronto,26,22,48,23,14,0,37,85,YES,2,0,YES,90,83,173,91.03,83.43,174.46,4.5,190
1997,12-Jan,06:00PM,Sun,Golden State,22,25,47,19,27,0,46,93,NO,2,1,NO,Milwaukee,29,22,51,28,32,0,60,111,YES,4,1,NO,98,106,204,99.03,106.43,205.46,-6.5,204.5
1997,13-Jan,05:00PM,Mon,Charlotte,23,33,56,21,23,2,44,100,NO,0,1,YES,Denver,27,23,50,29,21,0,50,100,YES,0,1,YES,106,94,200,107.03,94.43,201.46,1,197
1997,13-Jan,07:30PM,Mon,Atlanta,21,23,44,25,24,0,49,93,YES,1,0,YES,Cleveland,20,31,51,18,10,0,28,79,YES,2,1,NO,95,77,172,96.03,77.43,173.46,-3,168
1997,13-Jan,06:30PM,Mon,Phoenix,29,30,59,21,25,0,46,105,YES,2,0,YES,Dallas,21,21,42,27,29,0,56,98,NO,1,1,NO,101,102,203,102.03,102.43,204.46,-1,204
1997,13-Jan,07:30PM,Mon,Washington,22,11,33,27,35,0,62,95,NO,1,0,NO,Miami,24,25,49,28,21,0,49,98,YES,2,2,YES,82,111,193,83.03,111.43,194.46,-4,183.5
1997,13-Jan,07:30PM,Mon,Orlando,35,27,62,17,35,0,52,114,NO,0,1,NO,New Jersey,43,20,63,23,25,0,48,111,YES,1,1,NO,125,100,225,126.03,100.43,226.46,4.5,196
1997,13-Jan,07:30PM,Mon,Utah,25,25,50,20,19,8,39,89,NO,1,2,YES,Philadelphia,18,20,38,25,26,7,51,89,NO,1,2,NO,88,90,178,89.03,90.43,179.46,8.5,201.5
1997,14-Jan,07:00PM,Tue,Golden State,26,22,48,29,31,0,60,108,NO,1,0,NO,Boston,26,26,52,30,34,0,64,116,NO,1,2,YES,100,124,224,101.03,124.43,225.46,2,212.5
1997,14-Jan,06:00PM,Tue,New York,24,19,43,21,22,0,43,86,YES,2,0,NO,Houston,30,33,63,24,19,0,43,106,NO,1,2,YES,106,86,192,107.03,86.43,193.46,-6.5,188
1997,14-Jan,04:00PM,Tue,Denver,32,23,55,22,24,0,46,101,YES,0,1,YES,Phoenix,24,24,48,34,28,0,62,110,YES,1,0,YES,103,108,211,104.03,108.43,212.46,-9,204
1997,14-Jan,04:00PM,Tue,Detroit,22,18,40,14,32,0,46,86,YES,2,0,NO,Portland,30,20,50,17,28,0,45,95,YES,1,5,NO,90,91,181,91.03,91.43,182.46,3,175.5
1997,14-Jan,07:30PM,Tue,Minnesota,22,24,46,25,22,0,47,93,YES,2,0,YES,Atlanta,23,25,48,24,23,0,47,95,NO,1,0,YES,94,94,188,95.03,94.43,189.46,-8.5,184
1997,14-Jan,06:30PM,Tue,Washington,30,18,48,30,29,0,59,107,NO,0,2,YES,Chicago,23,34,57,30,21,0,51,108,YES,0,2,NO,105,110,215,106.03,110.43,216.46,-12.5,198
1997,14-Jan,04:30PM,Tue,Vancouver,27,19,46,19,16,0,35,81,YES,2,0,YES,LAL,21,28,49,18,24,0,42,91,NO,1,3,NO,95,77,172,96.03,77.43,173.46,-14,194.5
1997,14-Jan,04:30PM,Tue,Indiana,26,26,52,21,21,4,42,94,NO,2,0,NO,Sacramento,20,24,44,35,15,11,50,94,YES,1,1,NO,96,92,188,97.03,92.43,189.46,4.5,191
1997,15-Jan,06:00PM,Wed,Orlando,25,19,44,16,18,0,34,78,NO,1,0,NO,Dallas,16,14,30,17,19,0,36,66,NO,1,1,NO,74,70,144,75.03,70.43,145.46,5,196
1997,15-Jan,06:00PM,Wed,Chicago,31,26,57,22,33,0,55,112,YES,0,1,YES,Minnesota,25,24,49,26,27,0,53,102,NO,2,0,YES,106,108,214,107.03,108.43,215.46,8,196.5
1997,15-Jan,07:00PM,Wed,Toronto,17,18,35,26,17,0,43,78,YES,2,1,NO,Seattle,29,33,62,33,27,0,60,122,NO,1,3,NO,97,103,200,98.03,103.43,201.46,-13,195
1997,15-Jan,07:00PM,Wed,Detroit,30,15,45,29,29,0,58,103,NO,0,2,NO,Vancouver,15,16,31,23,25,0,48,79,NO,1,0,YES,76,106,182,77.03,106.43,183.46,10,177.5
1997,15-Jan,07:30PM,Wed,New Jersey,30,25,55,24,25,0,49,104,YES,1,1,NO,Charlotte,27,20,47,26,43,0,69,116,YES,2,1,YES,102,118,220,103.03,118.43,221.46,,
1997,15-Jan,04:30PM,Wed,Indiana,29,31,60,29,19,0,48,108,NO,0,1,YES,LAC,28,27,55,16,22,0,38,93,NO,3,3,YES,115,86,201,116.03,86.43,202.46,3,189
1997,15-Jan,07:30PM,Wed,Golden State,35,38,73,26,29,0,55,128,NO,0,1,NO,Philadelphia,22,30,52,33,26,0,59,111,NO,1,1,NO,125,114,239,126.03,114.43,240.46,-1.5,213
1997,15-Jan,06:30PM,Wed,New York,17,21,38,29,27,0,56,94,NO,0,2,NO,San Antonio,15,17,32,24,21,0,45,77,NO,1,3,YES,70,101,171,71.03,101.43,172.46,0,0
1997,16-Jan,07:00PM,Thu,Miami,32,16,48,29,25,0,54,102,YES,2,0,NO,Boston,16,24,40,23,31,0,54,94,NO,1,1,NO,88,108,196,89.03,108.43,197.46,7.5,192
1997,16-Jan,05:00PM,Thu,Cleveland,20,27,47,20,13,7,33,80,YES,2,0,NO,Denver,19,20,39,27,14,8,41,80,NO,1,1,YES,86,74,160,87.03,74.43,161.46,4.5,186
1997,16-Jan,05:00PM,Thu,Phoenix,28,17,45,23,23,0,46,91,YES,1,1,YES,Utah,20,29,49,28,18,0,46,95,YES,0,2,YES,94,92,186,95.03,92.43,187.46,-10,203
1997,16-Jan,07:30PM,Thu,Orlando,15,23,38,9,20,0,29,67,NO,0,2,NO,Atlanta,20,17,37,17,24,0,41,78,NO,1,1,NO,75,70,145,76.03,70.43,146.46,-9.5,182.5
1997,16-Jan,06:30PM,Thu,Sacramento,22,20,42,19,19,0,38,80,YES,1,0,NO,Houston,21,15,36,33,20,0,53,89,YES,0,1,NO,78,91,169,79.03,91.43,170.46,-13,197
1997,16-Jan,04:30PM,Thu,Portland,34,26,60,21,21,0,42,102,YES,1,0,YES,LAL,25,19,44,28,26,0,54,98,NO,1,1,NO,104,96,200,105.03,96.43,201.46,-7,194
1997,17-Jan,06:00PM,Fri,Utah,23,25,48,33,25,0,58,106,YES,0,1,NO,Vancouver,21,14,35,13,20,0,33,68,NO,1,1,NO,83,91,174,84.03,91.43,175.46,9.5,185
1997,17-Jan,04:00PM,Fri,Toronto,25,22,47,28,19,0,47,94,NO,1,1,NO,Portland,15,32,47,22,23,0,45,92,NO,1,0,YES,94,92,186,95.03,92.43,187.46,-8,195
1997,17-Jan,07:00PM,Fri,Cleveland,16,28,44,23,17,0,40,84,NO,0,1,NO,Seattle,27,26,53,22,21,0,43,96,NO,2,1,NO,97,83,180,98.03,83.43,181.46,-10,185
1997,17-Jan,06:30PM,Fri,Milwaukee,18,18,36,24,13,0,37,73,YES,4,0,NO,Chicago,26,27,53,21,26,0,47,100,YES,1,1,YES,89,84,173,90.03,84.43,174.46,-9.5,200.5
1997,17-Jan,06:30PM,Fri,Houston,16,22,38,20,30,0,50,88,YES,0,1,YES,Dallas,16,24,40,25,13,0,38,78,YES,0,1,NO,78,88,166,79.03,88.43,167.46,0,0
1997,17-Jan,07:30PM,Fri,Golden State,22,23,45,32,21,0,53,98,NO,1,0,NO,Indiana,23,20,43,22,26,0,48,91,NO,1,1,YES,88,101,189,89.03,101.43,190.46,-8,202.5
1997,17-Jan,07:30PM,Fri,New Jersey,21,25,46,26,19,14,45,91,NO,1,0,YES,Philadelphia,19,28,47,28,16,12,44,91,YES,1,1,NO,93,89,182,94.03,89.43,183.46,-3,214.5
1997,17-Jan,06:30PM,Fri,Sacramento,15,18,33,17,26,0,43,76,NO,0,4,YES,San Antonio,22,21,43,29,24,0,53,96,YES,2,1,NO,76,96,172,77.03,96.43,173.46,-2,181
1997,17-Jan,07:30PM,Fri,Miami,26,32,58,25,20,0,45,103,NO,0,1,YES,Washington,26,20,46,26,20,0,46,92,YES,0,2,YES,104,91,195,105.03,91.43,196.46,-5,184.5
1997,18-Jan,07:00PM,Sat,Washington,25,37,62,26,24,0,50,112,YES,0,1,NO,Boston,36,18,54,26,26,0,52,106,NO,3,1,NO,116,102,218,117.03,102.43,219.46,7.5,209.5
1997,18-Jan,05:00PM,Sat,Dallas,26,29,55,26,26,0,52,107,YES,0,1,NO,Denver,27,27,54,28,22,0,50,104,NO,1,1,NO,109,102,211,110.03,102.43,212.46,0,0
1997,18-Jan,06:00PM,Sat,Golden State,32,27,59,18,16,0,34,93,NO,0,2,YES,Minnesota,24,28,52,23,33,0,56,108,NO,1,2,NO,111,90,201,112.03,90.43,202.46,-7,205.5
1997,18-Jan,04:00PM,Sat,New York,24,34,58,20,20,0,40,98,NO,2,1,YES,Phoenix,21,24,45,36,24,0,60,105,NO,1,1,YES,103,100,203,104.03,100.43,204.46,3,194
1997,18-Jan,07:30PM,Sat,Milwaukee,17,23,40,14,17,0,31,71,NO,0,1,NO,Atlanta,17,23,40,29,25,0,54,94,NO,1,1,NO,80,85,165,81.03,85.43,166.46,-8,181
1997,18-Jan,04:30PM,Sat,Detroit,22,20,42,10,28,20,38,80,NO,2,1,NO,LAL,19,20,39,19,22,17,41,80,NO,1,1,NO,81,79,160,82.03,79.43,161.46,-4,181
1997,18-Jan,07:30PM,Sat,Charlotte,33,24,57,18,27,0,45,102,YES,2,1,NO,New Jersey,24,17,41,21,30,0,51,92,YES,1,0,YES,98,96,194,99.03,96.43,195.46,,
1997,19-Jan,12:00PM,Sun,Orlando,16,36,52,25,22,0,47,99,NO,2,1,YES,Miami,17,25,42,20,25,0,45,87,NO,1,1,YES,94,92,186,95.03,92.43,187.46,-6.5,0
1997,19-Jan,12:00PM,Sun,Toronto,17,25,42,24,26,0,50,92,NO,1,1,YES,Vancouver,28,20,48,27,25,0,52,100,YES,0,1,NO,90,102,192,91.03,102.43,193.46,5.5,188
1997,19-Jan,12:30PM,Sun,Chicago,22,29,51,22,13,0,35,86,YES,1,1,YES,Houston,28,27,55,20,27,0,47,102,YES,1,1,YES,106,82,188,107.03,82.43,189.46,5,193.5
1997,19-Jan,02:30PM,Sun,Philadelphia,19,22,41,29,37,0,66,107,YES,1,0,YES,Indiana,24,34,58,27,26,0,53,111,YES,1,1,NO,99,119,218,100.03,119.43,219.46,-12,198.5
1997,19-Jan,03:00PM,Sun,Cleveland,28,19,47,16,15,29,31,78,NO,1,0,NO,LAC,24,15,39,19,20,24,39,78,YES,1,3,NO,86,70,156,87.03,70.43,157.46,3.5,179.5
1997,19-Jan,04:00PM,Sun,Utah,28,19,47,29,20,0,49,96,NO,1,0,YES,Portland,31,17,48,21,33,0,54,102,NO,1,1,NO,95,103,198,96.03,103.43,199.46,-2.5,186
1997,20-Jan,01:00PM,Mon,Charlotte,22,24,46,21,30,0,51,97,NO,1,0,YES,Atlanta,29,25,54,27,25,0,52,106,YES,0,1,NO,100,103,203,101.03,103.43,204.46,-7.5,181
1997,20-Jan,01:00PM,Mon,Washington,14,18,32,25,22,0,47,79,NO,1,0,NO,New York,22,29,51,25,19,0,44,95,YES,0,1,YES,83,91,174,84.03,91.43,175.46,-2,0
1997,20-Jan,01:00PM,Mon,Milwaukee,25,35,60,26,28,0,54,114,NO,1,0,YES,Philadelphia,25,28,53,20,31,0,51,104,YES,1,0,YES,113,105,218,114.03,105.43,219.46,6,203
1997,20-Jan,10:30AM,Mon,Dallas,23,20,43,27,29,0,56,99,NO,1,0,NO,LAL,34,23,57,32,20,0,52,109,NO,3,1,NO,100,108,208,101.03,108.43,209.46,-12,195
1997,20-Jan,01:30PM,Mon,San Antonio,17,21,38,20,25,0,45,83,YES,2,1,YES,Minnesota,37,22,59,18,19,0,37,96,YES,0,1,NO,97,82,179,98.03,82.43,180.46,-7,183
1997,20-Jan,05:00PM,Mon,New Jersey,27,30,57,31,35,0,66,123,YES,1,1,NO,Denver,38,38,76,37,19,0,56,132,NO,1,1,NO,133,122,255,134.03,122.43,256.46,-7,206.5
1997,20-Jan,04:00PM,Mon,Detroit,22,19,41,21,24,0,45,86,NO,1,1,NO,Phoenix,17,16,33,24,32,0,56,89,NO,1,1,NO,74,101,175,75.03,101.43,176.46,2,185
1997,20-Jan,07:00PM,Mon,Vancouver,24,29,53,25,18,0,43,96,YES,0,1,NO,Seattle,35,30,65,25,22,0,47,112,NO,1,2,NO,118,90,208,119.03,90.43,209.46,,
1997,20-Jan,05:00PM,Mon,Cleveland,21,17,38,10,26,0,36,74,NO,0,2,YES,Utah,26,19,45,32,17,0,49,94,YES,1,0,YES,83,85,168,84.03,85.43,169.46,-10,177
1997,21-Jan,06:00PM,Tue,New York,23,23,46,15,26,0,41,87,YES,0,1,NO,Chicago,33,21,54,20,14,0,34,88,YES,1,1,YES,100,75,175,101.03,75.43,176.46,-11,187
1997,21-Jan,04:00PM,Tue,LAC,28,13,41,23,18,0,41,82,YES,1,1,YES,Portland,29,22,51,30,19,0,49,100,YES,0,1,NO,92,90,182,93.03,90.43,183.46,-7,189
1997,21-Jan,07:00PM,Tue,Minnesota,23,30,53,18,35,0,53,106,YES,0,1,NO,Toronto,30,31,61,27,30,0,57,118,NO,1,1,YES,114,110,224,115.03,110.43,225.46,-3,196.5
1997,21-Jan,07:30PM,Tue,Houston,28,17,45,33,30,0,63,108,YES,1,1,YES,Charlotte,30,27,57,27,30,0,57,114,NO,2,0,YES,102,120,222,103.03,120.43,223.46,1,190.5
1997,21-Jan,04:30PM,Tue,Dallas,24,19,43,25,25,0,50,93,NO,0,2,NO,Golden State,26,20,46,24,35,0,59,105,NO,1,2,YES,89,109,198,90.03,109.43,199.46,-7,207
1997,21-Jan,07:30PM,Tue,Atlanta,19,28,47,18,26,0,44,91,YES,0,2,YES,Miami,29,22,51,23,20,0,43,94,YES,1,1,NO,98,87,185,99.03,87.43,186.46,-3.5,172.5
1997,21-Jan,06:30PM,Tue,Indiana,23,23,46,20,26,0,46,92,YES,1,1,YES,Milwaukee,28,15,43,21,25,0,46,89,YES,1,0,YES,89,92,181,90.03,92.43,182.46,2,189
1997,21-Jan,07:30PM,Tue,Washington,24,26,50,18,20,0,38,88,NO,0,2,NO,Orlando,28,20,48,24,21,0,45,93,NO,1,1,YES,98,83,181,99.03,83.43,182.46,-3.5,193.5
1997,22-Jan,02:00PM,Wed,Detroit,21,22,43,23,26,0,49,92,NO,1,0,NO,Sacramento,23,20,43,25,29,0,54,97,YES,1,4,YES,86,103,189,87.03,103.43,190.46,7.5,176.5
1997,22-Jan,07:00PM,Wed,Philadelphia,30,26,56,26,35,10,61,117,YES,1,1,YES,Boston,26,25,51,30,36,8,66,117,NO,1,3,NO,107,127,234,108.03,127.43,235.46,-4.5,218
1997,22-Jan,05:00PM,Wed,Vancouver,22,22,44,21,19,0,40,84,NO,1,0,YES,Denver,29,27,56,21,17,0,38,94,YES,1,1,NO,100,78,178,101.03,78.43,179.46,-11,200
1997,22-Jan,04:00PM,Wed,Utah,26,21,47,34,30,0,64,111,YES,1,2,NO,Phoenix,19,24,43,20,36,0,56,99,NO,1,1,NO,90,120,210,91.03,120.43,211.46,-1.5,196.5
1997,22-Jan,07:00PM,Wed,Portland,23,28,51,26,20,0,46,97,YES,0,1,NO,Seattle,29,21,50,25,23,0,48,98,YES,0,1,NO,101,94,195,102.03,94.43,196.46,-9,194
1997,22-Jan,06:30PM,Wed,New Jersey,33,16,49,27,27,0,54,103,NO,1,0,NO,San Antonio,28,20,48,24,23,0,47,95,NO,1,1,YES,97,101,198,98.03,101.43,199.46,-6.5,194
1997,23-Jan,07:00PM,Thu,Miami,23,22,45,28,26,0,54,99,YES,1,2,NO,Toronto,20,23,43,21,23,0,44,87,YES,1,1,NO,88,98,186,89.03,98.43,187.46,6.5,188
1997,23-Jan,07:00PM,Thu,Minnesota,25,24,49,29,17,0,46,95,NO,1,1,NO,Vancouver,16,17,33,20,23,0,43,76,NO,1,0,YES,82,89,171,83.03,89.43,172.46,6.5,190.5
1997,23-Jan,07:30PM,Thu,Chicago,16,28,44,16,27,0,43,87,YES,1,1,YES,Cleveland,22,14,36,19,16,0,35,71,NO,1,2,YES,80,78,158,81.03,78.43,159.46,6,183
1997,23-Jan,04:30PM,Thu,Detroit,22,26,48,26,20,0,46,94,NO,0,1,YES,Golden State,22,21,43,19,17,0,36,79,YES,0,1,NO,91,82,173,92.03,82.43,174.46,4,185.5
1997,23-Jan,06:30PM,Thu,New Jersey,17,23,40,24,40,0,64,104,NO,0,1,NO,Houston,26,30,56,24,31,0,55,111,NO,1,1,YES,96,119,215,97.03,119.43,216.46,-12.5,205
1997,23-Jan,07:30PM,Thu,New York,17,25,42,25,25,0,50,92,NO,1,0,NO,Indiana,18,27,45,16,29,0,45,90,NO,1,1,YES,87,95,182,88.03,95.43,183.46,-2.5,183
1997,23-Jan,04:30PM,Thu,Seattle,29,20,49,30,21,0,51,100,YES,0,2,YES,LAC,24,31,55,23,24,0,47,102,NO,0,1,YES,104,98,202,105.03,98.43,203.46,7,194
1997,23-Jan,07:30PM,Thu,Milwaukee,21,20,41,19,32,0,51,92,YES,1,1,NO,Orlando,25,19,44,22,30,0,52,96,YES,0,1,NO,85,103,188,86.03,103.43,189.46,-6.5,187
1997,24-Jan,07:00PM,Fri,Orlando,20,29,49,33,23,16,56,105,YES,0,3,NO,Boston,32,17,49,28,28,12,56,105,YES,0,1,NO,98,112,210,99.03,112.43,211.46,5,203
1997,24-Jan,04:00PM,Fri,Portland,30,30,60,24,31,0,55,115,NO,1,0,YES,Phoenix,26,25,51,21,33,0,54,105,YES,2,1,NO,111,109,220,112.03,109.43,221.46,-4.5,0
1997,24-Jan,07:30PM,Fri,Washington,29,25,54,23,21,7,44,98,NO,2,0,YES,Atlanta,24,32,56,28,14,19,42,98,NO,0,2,YES,110,86,196,111.03,86.43,197.46,-5.5,187
1997,24-Jan,04:30PM,Fri,Denver,20,24,44,37,30,0,67,111,YES,1,0,NO,LAC,29,24,53,36,25,0,61,114,NO,3,0,NO,97,128,225,98.03,128.43,226.46,-1,198
1997,24-Jan,04:30PM,Fri,Golden State,30,25,55,28,14,0,42,97,YES,0,2,YES,LAL,27,30,57,31,26,0,57,114,YES,1,3,NO,112,99,211,113.03,99.43,212.46,-10,206
1997,24-Jan,07:30PM,Fri,Sacramento,20,29,49,31,27,0,58,107,YES,1,0,NO,Philadelphia,27,20,47,23,22,0,45,92,YES,0,1,YES,96,103,199,97.03,103.43,200.46,-3,204
1997,24-Jan,06:30PM,Fri,Dallas,22,24,46,19,22,0,41,87,NO,2,0,YES,San Antonio,29,31,60,12,25,0,37,97,YES,1,1,NO,106,78,184,107.03,78.43,185.46,-4,188
1997,24-Jan,08:00PM,Fri,New York,26,18,44,28,23,9,51,95,NO,0,1,YES,Charlotte,32,30,62,18,15,18,33,95,YES,0,2,NO,106,84,190,107.03,84.43,191.46,-4,187.5
1997,25-Jan,01:00PM,Sat,Milwaukee,23,19,42,21,25,0,46,88,NO,1,0,YES,Indiana,28,21,49,18,19,0,37,86,NO,2,1,NO,91,83,174,92.03,83.43,175.46,-5.5,190
1997,25-Jan,01:30PM,Sat,Toronto,24,25,49,18,31,0,49,98,YES,1,2,YES,Chicago,30,35,65,22,23,0,45,110,YES,2,1,YES,114,94,208,115.03,94.43,209.46,-17,197
1997,25-Jan,04:00PM,Sat,Minnesota,27,32,59,20,15,0,35,94,NO,1,2,YES,Portland,21,31,52,32,17,0,49,101,YES,2,0,YES,111,84,195,112.03,84.43,196.46,-6.5,188.5
1997,25-Jan,07:00PM,Sat,Denver,26,15,41,25,17,0,42,83,NO,0,2,NO,Vancouver,23,20,43,17,22,0,39,82,YES,1,1,NO,84,81,165,85.03,81.43,166.46,4.5,199
1997,25-Jan,07:30PM,Sat,Boston,22,24,46,20,24,0,44,90,YES,0,2,NO,Atlanta,25,22,47,22,26,0,48,95,YES,2,0,NO,93,92,185,94.03,92.43,186.46,-12,200
1997,25-Jan,07:30PM,Sat,Charlotte,22,24,46,15,12,0,27,73,YES,0,2,NO,Cleveland,29,23,52,21,33,0,54,106,YES,2,1,NO,98,81,179,99.03,81.43,180.46,-6,177.5
1997,25-Jan,06:30PM,Sat,New Jersey,27,21,48,21,12,0,33,81,NO,1,2,YES,Dallas,27,21,48,24,20,0,44,92,NO,2,0,YES,96,77,173,97.03,77.43,174.46,-3,0
1997,25-Jan,06:30PM,Sat,Utah,19,24,43,20,28,14,48,91,NO,2,2,YES,Houston,28,15,43,20,28,9,48,91,NO,4,1,NO,86,96,182,87.03,96.43,183.46,0,0
1997,25-Jan,07:30PM,Sat,Sacramento,29,27,56,18,31,0,49,105,NO,0,2,NO,Washington,29,25,54,23,36,0,59,113,NO,2,0,YES,110,108,218,111.03,108.43,219.46,-10,198.5
1997,25-Jan,08:00PM,Sat,Philadelphia,23,21,44,21,30,0,51,95,YES,0,3,YES,Detroit,26,30,56,24,24,0,48,104,YES,2,1,YES,100,99,199,101.03,99.43,200.46,-12.5,188.5
1997,26-Jan,11:00AM,Sun,San Antonio,18,18,36,30,10,0,40,76,YES,1,2,YES,Milwaukee,23,26,49,24,21,0,45,94,NO,1,0,YES,85,85,170,86.03,85.43,171.46,-7.5,182.5
1997,26-Jan,12:00PM,Sun,LAL,32,30,62,21,21,0,42,104,YES,1,1,NO,Seattle,22,29,51,29,23,0,52,103,YES,2,2,YES,113,94,207,114.03,94.43,208.46,-6.5,196
1997,26-Jan,12:30PM,Sun,Miami,21,26,47,23,19,0,42,89,NO,2,0,YES,New York,28,21,49,21,25,0,46,95,NO,1,1,YES,96,88,184,97.03,88.43,185.46,-2.5,177
1997,27-Jan,04:30PM,Mon,Vancouver,22,24,46,24,27,0,51,97,YES,1,0,YES,Golden State,27,25,52,33,37,0,70,122,NO,1,2,YES,98,121,219,99.03,121.43,220.46,-9,195
1997,27-Jan,07:30PM,Mon,Phoenix,19,26,45,18,34,0,52,97,YES,2,1,NO,Miami,32,29,61,28,36,0,64,125,NO,1,0,YES,106,116,222,107.03,116.43,223.46,-5.5,194.5
1997,28-Jan,06:00PM,Tue,Detroit,24,24,48,26,19,0,45,93,YES,2,0,YES,Milwaukee,20,23,43,25,16,0,41,84,YES,2,1,NO,91,86,177,92.03,86.43,178.46,0,0
1997,28-Jan,06:00PM,Tue,Sacramento,21,25,46,16,29,0,45,91,NO,2,1,YES,Minnesota,20,34,54,20,14,0,34,88,YES,1,2,YES,100,79,179,101.03,79.43,180.46,0,0
1997,28-Jan,05:00PM,Tue,Denver,23,28,51,22,26,0,48,99,NO,2,1,NO,Utah,25,18,43,38,33,0,71,114,NO,1,2,YES,94,119,213,95.03,119.43,214.46,-12.5,195
1997,28-Jan,07:00PM,Tue,Portland,25,14,39,28,17,0,45,84,YES,2,0,NO,Toronto,35,38,73,21,26,0,47,120,YES,0,2,YES,112,92,204,113.03,92.43,205.46,4.5,196
1997,28-Jan,07:00PM,Tue,Chicago,27,38,65,27,19,0,46,111,YES,2,1,NO,Vancouver,21,23,44,23,29,0,52,96,YES,1,0,YES,109,98,207,110.03,98.43,208.46,15.5,189
1997,28-Jan,06:30PM,Tue,LAL,18,20,38,29,35,0,64,102,NO,1,0,NO,Dallas,23,18,41,12,30,0,42,83,NO,1,2,NO,79,106,185,80.03,106.43,186.46,8,191.5
1997,28-Jan,07:30PM,Tue,Charlotte,18,33,51,24,23,0,47,98,NO,2,0,YES,Indiana,27,23,50,22,25,0,47,97,YES,0,2,NO,101,94,195,102.03,94.43,196.46,-7.5,0
1997,28-Jan,04:30PM,Tue,Atlanta,25,33,58,29,25,0,54,112,YES,2,1,NO,LAC,25,22,47,23,26,0,49,96,NO,1,3,NO,105,103,208,106.03,103.43,209.46,5,184.5
1997,28-Jan,07:30PM,Tue,Cleveland,22,21,43,18,23,0,41,84,YES,2,0,YES,New Jersey,10,20,30,21,11,0,32,62,NO,1,2,YES,73,73,146,74.03,73.43,147.46,6,183
1997,28-Jan,07:30PM,Tue,Boston,29,24,53,25,29,0,54,107,NO,2,0,NO,New York,30,25,55,29,25,0,54,109,YES,0,1,NO,108,108,216,109.03,108.43,217.46,-10.5,201.5
1997,28-Jan,07:30PM,Tue,Orlando,21,23,44,20,18,0,38,82,NO,3,0,YES,Washington,17,30,47,32,23,0,55,102,YES,2,2,NO,91,93,184,92.03,93.43,185.46,-5,197
1997,29-Jan,06:00PM,Wed,LAL,32,13,45,22,32,0,54,99,NO,0,3,YES,San Antonio,26,20,46,28,18,0,46,92,NO,1,2,YES,91,100,191,92.03,100.43,192.46,8,185
1997,29-Jan,07:30PM,Wed,Indiana,26,24,50,25,31,0,56,106,YES,0,1,YES,Charlotte,21,25,46,26,23,0,49,95,NO,1,0,YES,96,105,201,97.03,105.43,202.46,4,0
1997,29-Jan,07:30PM,Wed,New York,17,12,29,23,23,0,46,75,YES,0,3,YES,Cleveland,20,14,34,22,9,0,31,65,NO,2,0,YES,63,77,140,64.03,77.43,141.46,-6,171.5
1997,29-Jan,07:30PM,Wed,Portland,32,18,50,17,22,0,39,89,NO,0,1,NO,Detroit,26,29,55,22,21,0,43,98,YES,2,0,YES,105,82,187,106.03,82.43,188.46,-8.5,178
1997,29-Jan,04:30PM,Wed,Seattle,33,24,57,31,23,0,54,111,YES,2,1,YES,Golden State,15,25,40,20,26,0,46,86,NO,1,1,NO,97,100,197,98.03,100.43,198.46,8,212
1997,29-Jan,07:30PM,Wed,Boston,20,21,41,26,16,0,42,83,NO,0,1,YES,Miami,27,30,57,27,19,0,46,103,YES,2,1,NO,98,88,186,99.03,88.43,187.46,-13.5,202.5
1997,29-Jan,07:30PM,Wed,Phoenix,25,25,50,25,30,0,55,105,NO,1,0,NO,Orlando,30,22,52,26,34,0,60,112,YES,1,0,YES,102,115,217,103.03,115.43,218.46,-3.5,198.5
1997,29-Jan,07:30PM,Wed,Toronto,25,32,57,18,24,0,42,99,YES,0,2,YES,Philadelphia,30,24,54,25,22,0,47,101,NO,1,3,YES,111,89,200,112.03,89.43,201.46,-2.5,210
1997,30-Jan,05:00PM,Thu,Atlanta,22,20,42,31,23,0,54,96,NO,1,0,NO,Utah,33,21,54,27,21,0,48,102,YES,1,1,NO,96,102,198,97.03,102.43,199.46,-5,183
1997,30-Jan,06:30PM,Thu,Minnesota,28,25,53,14,25,0,39,92,YES,1,0,NO,Dallas,21,22,43,14,25,0,39,82,NO,1,1,NO,96,78,174,97.03,78.43,175.46,-2.5,191
1997,30-Jan,06:30PM,Thu,Denver,33,31,64,23,26,0,49,113,NO,1,1,YES,Houston,30,27,57,29,23,0,52,109,YES,0,4,NO,121,101,222,122.03,101.43,223.46,-5,0
1997,30-Jan,04:30PM,Thu,Vancouver,20,22,42,24,28,0,52,94,YES,1,0,YES,LAC,28,26,54,26,20,0,46,100,NO,1,1,NO,96,98,194,97.03,98.43,195.46,-9,193
1997,30-Jan,07:30PM,Thu,Phoenix,21,31,52,25,24,0,49,101,NO,0,1,NO,New Jersey,27,27,54,24,35,0,59,113,NO,1,1,NO,106,108,214,107.03,108.43,215.46,3,210
1997,30-Jan,04:30PM,Thu,Chicago,24,24,48,27,36,0,63,111,NO,1,0,NO,Sacramento,20,29,49,20,24,0,44,93,YES,1,1,YES,97,107,204,98.03,107.43,205.46,11.5,197
1997,31-Jan,07:00PM,Fri,Portland,32,30,62,23,20,0,43,105,NO,1,1,NO,Boston,25,19,44,33,34,0,67,111,NO,1,1,YES,106,110,216,107.03,110.43,217.46,0,0
1997,31-Jan,07:00PM,Fri,Washington,22,22,44,24,27,0,51,95,YES,2,1,NO,Seattle,25,20,45,30,22,0,52,97,NO,1,1,YES,89,103,192,90.03,103.43,193.46,-7.5,205
1997,31-Jan,07:00PM,Fri,Atlanta,23,25,48,25,14,0,39,87,NO,0,1,NO,Vancouver,25,18,43,21,12,0,33,76,YES,1,0,YES,91,72,163,92.03,72.43,164.46,11,181
1997,31-Jan,07:30PM,Fri,Milwaukee,23,24,47,25,23,0,48,95,YES,2,0,YES,Charlotte,36,28,64,16,22,0,38,102,YES,1,1,NO,111,86,197,112.03,86.43,198.46,-3.5,0
1997,31-Jan,04:30PM,Fri,Chicago,35,25,60,31,24,0,55,115,NO,0,1,NO,Golden State,8,27,35,27,30,0,57,92,YES,0,1,NO,95,112,207,96.03,112.43,208.46,10.5,208
1997,31-Jan,07:30PM,Fri,Orlando,27,31,58,25,26,0,51,109,YES,1,1,YES,Philadelphia,31,21,52,15,32,0,47,99,YES,0,1,NO,110,98,208,111.03,98.43,209.46,6.5,202
1997,31-Jan,06:30PM,Fri,Minnesota,19,28,47,25,25,0,50,97,NO,0,1,YES,San Antonio,25,26,51,19,25,0,44,95,NO,2,1,NO,98,94,192,99.03,94.43,193.46,-1.5,180.5
1997,31-Jan,08:00PM,Fri,Houston,19,19,38,16,20,0,36,74,YES,0,1,NO,Indiana,34,23,57,20,23,0,43,100,NO,1,1,YES,95,79,174,96.03,79.43,175.46,-9,189.5
1997,1-Feb,01:00PM,Sat,Detroit,24,22,46,21,23,0,44,90,YES,2,0,YES,New Jersey,17,18,35,19,21,0,40,75,YES,0,1,NO,81,84,165,82.03,84.43,166.46,9,184
1997,1-Feb,03:00PM,Sat,Phoenix,24,29,53,24,9,0,33,86,NO,1,0,NO,Toronto,31,33,64,25,21,0,46,110,NO,1,2,YES,117,79,196,118.03,79.43,197.46,1,205
1997,1-Feb,05:00PM,Sat,Sacramento,37,26,63,30,20,0,50,113,YES,1,1,NO,Denver,28,33,61,29,17,0,46,107,NO,0,1,YES,124,96,220,125.03,96.43,221.46,-5,204.5
1997,1-Feb,07:30PM,Sat,Miami,18,16,34,13,24,0,37,71,YES,2,0,YES,Cleveland,15,15,30,18,18,0,36,66,YES,0,2,NO,64,73,137,65.03,73.43,138.46,1,168
1997,1-Feb,06:30PM,Sat,Utah,14,29,43,36,18,0,54,97,YES,1,1,YES,Dallas,26,21,47,21,32,0,53,100,NO,2,1,NO,90,107,197,91.03,107.43,198.46,8,188
1997,1-Feb,04:30PM,Sat,Golden State,25,19,44,30,24,0,54,98,YES,0,2,YES,LAC,25,28,53,31,26,0,57,110,NO,2,1,NO,97,111,208,98.03,111.43,209.46,-3.5,206
1997,1-Feb,07:00PM,Sat,Philadelphia,24,32,56,20,33,0,53,109,YES,0,3,YES,Milwaukee,35,22,57,16,27,0,43,100,NO,2,0,YES,113,96,209,114.03,96.43,210.46,-10,204
1997,2-Feb,12:30PM,Sun,Chicago,27,23,50,20,21,0,41,91,NO,1,1,NO,Seattle,15,24,39,23,22,0,45,84,NO,2,1,NO,89,86,175,90.03,86.43,176.46,2,197
1997,2-Feb,01:00PM,Sun,Charlotte,23,30,53,21,25,0,46,99,YES,1,1,YES,New York,26,16,42,22,29,0,51,93,NO,1,3,YES,95,97,192,96.03,97.43,193.46,0,0
1997,2-Feb,01:00PM,Sun,Houston,25,17,42,17,31,0,48,90,NO,1,1,NO,Orlando,19,24,43,23,37,0,60,103,NO,1,1,YES,85,108,193,86.03,108.43,194.46,-5,0
1997,2-Feb,02:30PM,Sun,New Jersey,26,31,57,17,16,0,33,90,YES,0,1,YES,Indiana,22,22,44,28,20,0,48,92,YES,1,1,NO,101,81,182,102.03,81.43,183.46,-13,193.5
1997,2-Feb,01:30PM,Sun,Portland,19,25,44,23,35,0,58,102,NO,1,1,YES,Minnesota,25,21,46,26,31,0,57,103,YES,1,1,YES,90,115,205,91.03,115.43,206.46,-1,195
1997,2-Feb,06:00PM,Sun,Cleveland,16,26,42,18,16,0,34,76,YES,0,1,NO,Miami,24,17,41,15,24,0,39,80,YES,2,0,YES,83,73,156,84.03,73.43,157.46,-5.5,167
1997,2-Feb,03:30PM,Sun,Washington,22,30,52,24,23,0,47,99,NO,1,0,NO,LAL,46,32,78,28,23,0,51,129,YES,1,3,YES,130,98,228,131.03,98.43,229.46,-5,203
1997,2-Feb,07:00PM,Sun,Vancouver,27,25,52,28,22,0,50,102,YES,1,1,NO,Boston,23,17,40,26,26,0,52,92,YES,0,1,NO,92,102,194,93.03,102.43,195.46,-7,0
1997,2-Feb,05:00PM,Sun,Atlanta,26,29,55,18,31,0,49,104,NO,1,1,NO,Denver,34,30,64,23,28,0,51,115,NO,2,0,NO,119,100,219,120.03,100.43,220.46,6,193
1997,2-Feb,07:00PM,Sun,Phoenix,29,31,60,19,27,0,46,106,NO,0,2,YES,Detroit,26,24,50,25,22,0,47,97,NO,3,0,YES,110,93,203,111.03,93.43,204.46,-10.5,190
1997,3-Feb,05:00PM,Mon,Washington,14,18,32,26,31,0,57,89,NO,0,1,NO,Utah,32,30,62,30,19,0,49,111,YES,1,1,YES,94,106,200,95.03,106.43,201.46,-8.5,199.5
1997,3-Feb,07:00PM,Mon,Boston,32,21,53,33,28,0,61,114,YES,0,1,YES,Toronto,26,28,54,27,21,0,48,102,NO,1,1,NO,107,109,216,108.03,109.43,217.46,-8.5,212
1997,3-Feb,06:30PM,Mon,Sacramento,24,15,39,28,18,0,46,85,NO,1,0,NO,San Antonio,22,27,49,11,19,0,30,79,YES,1,2,NO,88,76,164,89.03,76.43,165.46,1,185.5
1997,4-Feb,04:00PM,Tue,Chicago,25,21,46,14,28,0,42,88,NO,1,0,NO,Portland,30,19,49,15,20,0,35,84,NO,6,1,YES,95,77,172,96.03,77.43,173.46,7,196
1997,4-Feb,07:30PM,Tue,Minnesota,26,15,41,34,26,0,60,101,YES,1,1,YES,Charlotte,23,36,59,29,27,0,56,115,NO,1,1,YES,100,116,216,101.03,116.43,217.46,-6,199
1997,4-Feb,06:30PM,Tue,Sacramento,22,25,47,23,26,0,49,96,NO,0,1,NO,Dallas,33,24,57,23,24,0,47,104,NO,6,2,NO,104,96,200,105.03,96.43,201.46,-3,190
1997,4-Feb,04:30PM,Tue,Atlanta,30,26,56,22,29,0,51,107,NO,1,0,NO,Golden State,20,13,33,22,30,0,52,85,YES,8,2,YES,89,103,192,90.03,103.43,193.46,6.5,196.5
1997,4-Feb,04:30PM,Tue,LAL,28,15,43,28,15,0,43,86,YES,1,0,YES,LAC,21,29,50,32,26,0,58,108,NO,6,2,NO,93,101,194,94.03,101.43,195.46,2,196.5
1997,4-Feb,06:30PM,Tue,Cleveland,17,24,41,24,14,0,38,79,NO,1,0,NO,Milwaukee,17,12,29,29,20,0,49,78,YES,1,2,NO,70,87,157,71.03,87.43,158.46,1,172
1997,4-Feb,07:30PM,Tue,Vancouver,26,26,52,23,30,0,53,105,NO,1,1,NO,New Jersey,24,36,60,27,24,0,51,111,NO,1,1,YES,112,104,216,113.03,104.43,217.46,,
1997,4-Feb,07:30PM,Tue,Indiana,28,21,49,19,19,0,38,87,YES,1,1,NO,Orlando,26,29,55,29,27,0,56,111,NO,1,1,NO,104,94,198,105.03,94.43,199.46,-3.5,187
1997,4-Feb,08:00PM,Tue,Houston,27,22,49,16,30,0,46,95,NO,1,1,NO,New York,25,21,46,25,28,0,53,99,NO,1,1,NO,95,99,194,96.03,99.43,195.46,0,0
1997,5-Feb,05:00PM,Wed,Utah,18,16,34,35,30,0,65,99,YES,1,5,NO,Seattle,15,21,36,26,33,0,59,95,NO,5,2,NO,70,124,194,71.03,124.43,195.46,-6.5,192
1997,5-Feb,07:00PM,Wed,Miami,27,35,62,33,23,0,56,118,YES,2,0,YES,Boston,26,32,58,33,26,0,59,117,YES,0,1,YES,120,115,235,121.03,115.43,236.46,9.5,195.5
1997,5-Feb,05:00PM,Wed,Washington,24,28,52,26,26,0,52,104,NO,1,5,YES,Denver,27,32,59,30,17,0,47,106,YES,5,2,NO,111,99,210,112.03,99.43,211.46,-2.5,210
1997,5-Feb,04:00PM,Wed,Atlanta,21,13,34,13,34,0,47,81,NO,0,6,YES,Phoenix,21,26,47,29,23,0,52,99,YES,5,2,YES,81,99,180,82.03,99.43,181.46,-1,196
1997,5-Feb,07:00PM,Wed,Cleveland,25,23,48,18,18,0,36,84,NO,0,5,YES,Toronto,22,20,42,20,27,0,47,89,YES,5,1,NO,90,83,173,91.03,83.43,174.46,2.5,173
1997,5-Feb,04:30PM,Wed,Chicago,27,24,51,23,16,0,39,90,NO,0,5,YES,LAL,33,29,62,27,17,0,44,106,YES,6,0,YES,113,83,196,114.03,83.43,197.46,9,196
1997,5-Feb,07:30PM,Wed,San Antonio,26,25,51,21,25,0,46,97,YES,1,0,NO,Philadelphia,34,30,64,23,26,0,49,113,YES,5,3,YES,115,95,210,116.03,95.43,211.46,-3.5,194.5
1997,6-Feb,06:00PM,Thu,Vancouver,24,22,46,13,27,0,40,86,NO,1,4,NO,Minnesota,24,20,44,31,28,0,59,103,NO,5,1,YES,90,99,189,91.03,99.43,190.46,-10,191
1997,6-Feb,07:30PM,Thu,Sacramento,19,19,38,31,31,0,62,100,NO,1,4,YES,Charlotte,26,29,55,26,34,0,60,115,YES,4,1,NO,93,122,215,94.03,122.43,216.46,-8,199
1997,6-Feb,07:30PM,Thu,Houston,23,15,38,20,29,0,49,87,NO,1,4,YES,Detroit,19,31,50,25,21,0,46,96,YES,4,3,NO,88,95,183,89.03,95.43,184.46,-10.5,177
1997,6-Feb,07:30PM,Thu,Milwaukee,20,25,45,25,20,0,45,90,YES,1,4,YES,Miami,31,22,53,30,19,0,49,102,NO,4,0,YES,98,94,192,99.03,94.43,193.46,-7.5,184
1997,6-Feb,07:30PM,Thu,Indiana,31,17,48,28,28,0,56,104,NO,1,5,YES,New Jersey,21,30,51,27,22,0,49,100,YES,4,1,NO,99,105,204,100.03,105.43,205.46,7,193
1997,6-Feb,07:30PM,Thu,San Antonio,22,17,39,15,30,0,45,84,NO,0,4,NO,New York,23,26,49,18,29,0,47,96,YES,4,1,NO,88,92,180,89.03,92.43,181.46,-10,182
1997,6-Feb,07:30PM,Thu,Boston,30,29,59,22,30,0,52,111,YES,0,4,NO,Orlando,28,23,51,40,28,0,68,119,NO,4,1,NO,110,120,230,111.03,120.43,231.46,-14,211.5
1997,11-Feb,04:00PM,Tue,Phoenix,26,26,52,27,29,0,56,108,YES,5,0,YES,Portland,21,34,55,20,36,0,56,111,YES,1,6,NO,107,112,219,108.03,112.43,220.46,-5.5,202.5
1997,11-Feb,07:00PM,Tue,Denver,23,18,41,18,22,0,40,81,YES,5,1,YES,Seattle,23,34,57,27,24,0,51,108,NO,2,5,NO,98,91,189,99.03,91.43,190.46,-12.5,207
1997,11-Feb,06:30PM,Tue,Charlotte,23,30,53,23,24,0,47,100,YES,4,0,YES,Chicago,28,27,55,29,19,0,48,103,YES,2,5,YES,108,95,203,109.03,95.43,204.46,-12.5,195.5
1997,11-Feb,07:30PM,Tue,Philadelphia,22,16,38,27,29,0,56,94,YES,5,1,NO,Cleveland,25,23,48,26,31,0,57,105,YES,0,5,YES,86,113,199,87.03,113.43,200.46,-9,185
1997,11-Feb,06:30PM,Tue,San Antonio,24,29,53,27,31,0,58,111,NO,4,0,YES,Dallas,23,20,43,20,34,0,54,97,NO,1,6,NO,96,112,208,97.03,112.43,209.46,-6,184.5
1997,11-Feb,06:30PM,Tue,Vancouver,31,27,58,22,17,0,39,97,NO,4,0,NO,Houston,32,27,59,29,18,0,47,106,YES,2,4,YES,117,86,203,118.03,86.43,204.46,-13.5,0
1997,11-Feb,04:30PM,Tue,Boston,36,18,54,30,28,0,58,112,NO,4,0,NO,LAC,33,29,62,27,27,0,54,116,YES,1,6,NO,116,112,228,117.03,112.43,229.46,-6,216
1997,11-Feb,06:30PM,Tue,Toronto,22,24,46,33,17,0,50,96,YES,5,0,NO,Milwaukee,31,26,57,26,18,0,44,101,YES,2,4,YES,103,94,197,104.03,94.43,198.46,-8.5,194.5
1997,11-Feb,07:30PM,Tue,New Jersey,23,25,48,23,33,0,56,104,YES,4,0,NO,Orlando,21,23,44,25,29,0,54,98,YES,0,4,NO,92,110,202,93.03,110.43,203.46,-12,205
1997,11-Feb,04:30PM,Tue,Utah,30,26,56,38,26,0,64,120,NO,5,1,YES,Sacramento,30,16,46,24,28,0,52,98,NO,1,4,YES,102,116,218,103.03,116.43,219.46,5,195
1997,11-Feb,07:30PM,Tue,New York,22,30,52,20,25,0,45,97,YES,4,1,YES,Washington,32,22,54,11,27,0,38,92,NO,2,5,YES,106,83,189,107.03,83.43,190.46,0,192
1997,11-Feb,08:00PM,Tue,Detroit,17,25,42,24,25,0,49,91,YES,4,0,YES,Miami,23,26,49,30,25,0,55,104,NO,1,4,NO,91,104,195,92.03,104.43,196.46,-2,173.5
1997,12-Feb,06:00PM,Wed,LAL,29,29,58,24,18,0,42,100,YES,6,0,NO,Minnesota,24,22,46,24,14,0,38,84,NO,1,5,NO,104,80,184,105.03,80.43,185.46,4,197.5
1997,12-Feb,04:00PM,Wed,Boston,28,17,45,26,29,0,55,100,NO,0,1,NO,Phoenix,38,36,74,34,23,0,57,131,NO,1,0,YES,119,112,231,120.03,112.43,232.46,-10.5,220.5
1997,12-Feb,07:30PM,Wed,Toronto,19,24,43,23,18,0,41,84,NO,0,1,YES,Atlanta,27,26,53,18,35,0,53,106,NO,1,6,YES,96,94,190,97.03,94.43,191.46,-12,189
1997,12-Feb,07:30PM,Wed,New Jersey,27,26,53,21,26,0,47,100,NO,0,1,NO,Charlotte,24,25,49,31,33,0,64,113,NO,1,0,YES,102,111,213,103.03,111.43,214.46,,
1997,12-Feb,07:30PM,Wed,Cleveland,24,18,42,21,20,0,41,83,YES,0,4,YES,Indiana,21,25,46,13,16,0,29,75,YES,0,5,YES,88,70,158,89.03,70.43,159.46,-4.5,175
1997,12-Feb,06:30PM,Wed,Vancouver,37,24,61,23,22,0,45,106,NO,0,1,YES,San Antonio,23,25,48,25,28,0,53,101,NO,1,0,YES,109,98,207,110.03,98.43,208.46,-7,185
1997,12-Feb,08:00PM,Wed,Orlando,22,21,43,26,18,0,44,87,YES,0,1,NO,Detroit,24,22,46,25,25,0,50,96,YES,1,0,YES,89,94,183,90.03,94.43,184.46,-6,181
1997,13-Feb,05:00PM,Thu,LAL,35,36,71,39,22,0,61,132,NO,0,2,YES,Denver,29,26,55,26,36,0,62,117,YES,1,1,YES,126,123,249,127.03,123.43,250.46,0,0
1997,13-Feb,05:00PM,Thu,Portland,18,26,44,13,29,0,42,86,YES,1,1,YES,Utah,29,24,53,38,19,0,57,110,NO,1,1,YES,97,99,196,98.03,99.43,197.46,-9.5,200.5
1997,13-Feb,06:30PM,Thu,Golden State,24,31,55,24,28,0,52,107,YES,8,0,NO,Dallas,30,23,53,24,22,0,46,99,YES,1,1,NO,108,98,206,109.03,98.43,207.46,-1.5,206
1997,13-Feb,07:30PM,Thu,Indiana,24,10,34,33,23,0,56,90,YES,0,2,NO,Miami,23,34,57,30,19,0,49,106,NO,1,1,NO,91,105,196,92.03,105.43,197.46,-7.5,185.5
1997,13-Feb,07:30PM,Thu,Philadelphia,21,20,41,26,25,0,51,92,NO,1,1,NO,New York,15,29,44,35,28,0,63,107,NO,2,1,YES,85,114,199,86.03,114.43,200.46,-11,203.5
1997,13-Feb,04:30PM,Thu,LAC,24,28,52,25,21,0,46,98,YES,1,0,NO,Sacramento,26,29,55,25,25,0,50,105,NO,2,1,NO,107,96,203,108.03,96.43,204.46,-4,197.5
1997,14-Feb,06:00PM,Fri,Orlando,26,25,51,20,29,0,49,100,NO,1,1,NO,Minnesota,23,34,57,22,25,0,47,104,NO,1,1,NO,108,96,204,109.03,96.43,205.46,2,194
1997,14-Feb,04:00PM,Fri,LAC,27,18,45,27,21,0,48,93,NO,0,3,YES,Phoenix,35,20,55,28,27,0,55,110,YES,1,1,NO,100,103,203,101.03,103.43,204.46,-9,211
1997,14-Feb,07:00PM,Fri,Houston,23,22,45,19,21,0,40,85,YES,2,0,NO,Seattle,24,29,53,27,25,0,52,105,YES,1,2,NO,98,92,190,99.03,92.43,191.46,-7,194.5
1997,14-Feb,07:00PM,Fri,Milwaukee,24,27,51,24,31,0,55,106,YES,2,0,YES,Toronto,33,16,49,29,24,0,53,102,NO,1,1,YES,100,108,208,101.03,108.43,209.46,-1.5,195
1997,14-Feb,07:00PM,Fri,Boston,30,19,49,29,28,0,57,106,NO,1,1,NO,Vancouver,32,22,54,29,26,0,55,109,NO,2,1,YES,103,112,215,104.03,112.43,216.46,1,211
1997,14-Feb,07:30PM,Fri,Detroit,30,22,52,27,30,0,57,109,YES,1,1,NO,Charlotte,21,24,45,27,31,0,58,103,NO,2,1,NO,97,115,212,98.03,115.43,213.46,-2,187.5
1997,14-Feb,06:30PM,Fri,Golden State,27,33,60,21,27,0,48,108,NO,0,1,NO,San Antonio,22,31,53,24,17,0,41,94,NO,0,1,NO,113,89,202,114.03,89.43,203.46,1.5,198
1997,14-Feb,07:30PM,Fri,New Jersey,26,24,50,27,30,0,57,107,NO,1,0,YES,Washington,31,27,58,34,33,0,67,125,YES,0,2,NO,108,124,232,109.03,124.43,233.46,-7,205
1997,14-Feb,08:00PM,Fri,Chicago,32,20,52,21,16,0,37,89,YES,2,1,YES,Atlanta,26,23,49,23,16,0,39,88,YES,0,1,NO,101,76,177,102.03,76.43,178.46,6.5,188
1997,15-Feb,04:00PM,Sat,Houston,29,26,55,22,28,0,50,105,NO,0,1,YES,Portland,17,25,42,38,29,0,67,109,NO,0,1,YES,97,117,214,98.03,117.43,215.46,-3.5,194
1997,15-Feb,05:00PM,Sat,Dallas,21,21,42,25,17,0,42,84,YES,1,1,NO,Utah,37,22,59,21,19,0,40,99,NO,2,1,NO,101,82,183,102.03,82.43,184.46,-16,199
1997,15-Feb,07:30PM,Sat,Philadelphia,20,32,52,24,23,0,47,99,NO,1,0,YES,Miami,29,34,63,38,24,0,62,125,YES,2,1,NO,115,109,224,116.03,109.43,225.46,-13.5,204.5
1997,15-Feb,07:30PM,Sat,Washington,23,17,40,24,22,0,46,86,YES,0,1,YES,New Jersey,25,22,47,27,33,0,60,107,YES,1,0,YES,87,106,193,88.03,106.43,194.46,4,206
1997,15-Feb,06:30PM,Sat,Atlanta,26,29,55,22,32,0,54,109,YES,0,1,NO,San Antonio,18,23,41,22,26,0,48,89,YES,2,0,NO,96,102,198,97.03,102.43,199.46,10,181
1997,15-Feb,07:00PM,Sat,Denver,18,21,39,22,26,0,48,87,YES,1,0,NO,Milwaukee,22,22,44,23,25,0,48,92,YES,1,0,YES,83,96,179,84.03,96.43,180.46,-5.5,206
1997,16-Feb,09:00AM,Sun,Seattle,23,27,50,19,33,0,52,102,YES,1,0,YES,LAL,26,18,44,31,16,0,47,91,NO,2,2,YES,94,99,193,95.03,99.43,194.46,-1,198
1997,16-Feb,12:30PM,Sun,Indiana,19,32,51,15,14,0,29,80,NO,2,0,YES,New York,13,24,37,17,35,0,52,89,NO,1,2,NO,88,81,169,89.03,81.43,170.46,-6,186
1997,16-Feb,12:30PM,Sun,Detroit,16,30,46,18,28,0,46,92,NO,1,2,YES,Toronto,29,17,46,21,22,0,43,89,YES,0,1,NO,92,89,181,93.03,89.43,182.46,5,191
1997,16-Feb,01:30PM,Sun,Phoenix,26,28,54,20,22,0,42,96,YES,1,1,NO,Minnesota,23,23,46,29,32,0,61,107,YES,1,1,NO,100,103,203,101.03,103.43,204.46,0,208
1997,16-Feb,03:30PM,Sun,Orlando,25,21,46,19,24,0,43,89,NO,1,0,NO,Chicago,27,31,58,21,31,0,52,110,NO,1,1,YES,104,95,199,105.03,95.43,200.46,-12,193.5
1997,16-Feb,03:00PM,Sun,Golden State,21,19,40,21,24,0,45,85,NO,1,2,YES,Sacramento,22,20,42,30,33,0,63,105,NO,1,2,NO,82,108,190,83.03,108.43,191.46,-4,208.5
1997,16-Feb,07:00PM,Sun,Denver,36,14,50,33,29,0,62,112,NO,0,1,NO,Philadelphia,23,23,46,21,30,0,51,97,NO,1,0,YES,96,113,209,97.03,113.43,210.46,0,213.5
1997,16-Feb,04:00PM,Sun,Boston,27,21,48,28,30,0,58,106,NO,1,0,NO,Portland,26,31,57,24,37,0,61,118,YES,2,0,NO,105,119,224,106.03,119.43,225.46,-9.5,217
1997,17-Feb,01:00PM,Mon,Milwaukee,23,22,45,24,24,0,48,93,YES,1,2,NO,Washington,20,34,54,18,23,0,41,95,YES,1,1,YES,99,89,188,100.03,89.43,189.46,-3,201
1997,17-Feb,05:00PM,Mon,New Jersey,22,23,45,23,33,0,56,101,YES,1,2,YES,Cleveland,31,21,52,26,30,0,56,108,YES,1,4,YES,97,112,209,98.03,112.43,210.46,-10.5,182
1997,17-Feb,06:00PM,Mon,Toronto,36,32,68,22,13,0,35,103,YES,0,1,NO,Indiana,29,20,49,28,28,0,56,105,YES,1,0,YES,117,91,208,118.03,91.43,209.46,-8,193
1997,17-Feb,07:00PM,Mon,Boston,29,25,54,26,28,0,54,108,NO,0,1,NO,Seattle,27,28,55,27,31,0,58,113,NO,3,0,YES,109,112,221,110.03,112.43,222.46,-16,216
1997,17-Feb,07:00PM,Mon,Dallas,31,30,61,15,24,0,39,100,NO,1,0,NO,Vancouver,22,29,51,17,27,0,44,95,NO,1,2,NO,112,83,195,113.03,83.43,196.46,0,194
1997,17-Feb,07:30PM,Mon,Orlando,30,34,64,17,29,0,46,110,NO,0,1,YES,Charlotte,30,34,64,32,28,0,60,124,NO,1,2,NO,128,106,234,129.03,106.43,235.46,-6,204
1997,17-Feb,06:30PM,Mon,Atlanta,27,20,47,25,26,0,51,98,NO,1,1,YES,Houston,29,34,63,35,29,0,64,127,NO,2,1,YES,110,115,225,111.03,115.43,226.46,-2.5,188
1997,18-Feb,04:00PM,Tue,San Antonio,24,22,46,28,31,0,59,105,YES,2,0,YES,Utah,25,35,60,23,30,0,53,113,NO,1,2,NO,106,112,218,107.03,112.43,219.46,-17.5,191.5
1997,18-Feb,06:30PM,Tue,Denver,27,27,54,25,44,0,69,123,NO,1,1,NO,Chicago,30,36,66,35,33,0,68,134,YES,2,1,NO,120,137,257,121.03,137.43,258.46,-16,204
1997,18-Feb,04:30PM,Tue,Dallas,19,13,32,23,14,0,37,69,NO,0,1,YES,LAC,23,18,41,21,25,0,46,87,YES,1,3,YES,73,83,156,74.03,83.43,157.46,0,0
1997,18-Feb,07:30PM,Tue,Phoenix,30,27,57,15,22,0,37,94,NO,1,0,NO,New York,22,25,47,25,23,0,48,95,YES,1,1,NO,104,85,189,105.03,85.43,190.46,-7.5,198
1997,18-Feb,07:30PM,Tue,Miami,29,24,53,26,32,0,58,111,YES,2,1,NO,Philadelphia,25,21,46,21,16,0,37,83,NO,1,1,NO,99,95,194,100.03,95.43,195.46,9,203
1997,18-Feb,04:30PM,Tue,Minnesota,23,16,39,22,23,0,45,84,YES,1,0,NO,Sacramento,29,30,59,15,21,0,36,95,NO,1,1,NO,98,81,179,99.03,81.43,180.46,-3,199
1997,19-Feb,07:00PM,Wed,Minnesota,21,17,38,30,16,0,46,84,NO,0,1,YES,Vancouver,17,23,40,7,26,0,33,73,YES,1,1,NO,78,79,157,79.03,79.43,158.46,6,195
1997,19-Feb,07:30PM,Wed,Indiana,26,17,43,16,28,0,44,87,YES,1,0,YES,Atlanta,33,22,55,21,24,0,45,100,NO,1,1,YES,98,89,187,99.03,89.43,188.46,-7,185
1997,19-Feb,07:30PM,Wed,Phoenix,25,37,62,31,22,0,53,115,NO,0,1,YES,Charlotte,27,41,68,18,37,0,55,123,NO,1,1,NO,130,108,238,131.03,108.43,239.46,-7.5,215.5
1997,19-Feb,07:30PM,Wed,Washington,25,13,38,26,21,0,47,85,YES,1,1,YES,Detroit,26,28,54,29,17,0,46,100,NO,1,2,YES,92,93,185,93.03,93.43,186.46,-9,187
1997,19-Feb,04:30PM,Wed,Boston,26,28,54,23,24,0,47,101,NO,1,0,NO,Golden State,30,28,58,25,29,0,54,112,YES,1,2,YES,112,101,213,113.03,101.43,214.46,-6.5,224.5
1997,19-Feb,04:30PM,Wed,Cleveland,13,34,47,19,37,0,56,103,YES,1,1,NO,LAL,20,25,45,24,15,0,39,84,NO,1,2,NO,92,95,187,93.03,95.43,188.46,-2.5,178
1997,19-Feb,06:30PM,Wed,Toronto,28,33,61,37,27,0,64,125,NO,1,0,NO,San Antonio,20,25,45,30,17,0,47,92,NO,1,0,YES,106,111,217,107.03,111.43,218.46,3.5,198.5
1997,19-Feb,08:00PM,Wed,Portland,17,22,39,26,19,0,45,84,YES,2,1,NO,Orlando,27,21,48,25,22,0,47,95,NO,1,1,YES,87,92,179,88.03,92.43,180.46,0,0
1997,20-Feb,05:00PM,Thu,Boston,24,26,50,27,28,0,55,105,NO,0,2,NO,Utah,35,29,64,28,30,0,58,122,NO,2,1,NO,114,113,227,115.03,113.43,228.46,-16,217
1997,20-Feb,06:30PM,Thu,Milwaukee,32,26,58,19,24,0,43,101,NO,2,0,NO,Dallas,28,15,43,27,29,0,56,99,NO,1,1,YES,101,99,200,102.03,99.43,201.46,0,0
1997,20-Feb,06:30PM,Thu,Toronto,25,13,38,30,29,0,59,97,NO,0,1,NO,Houston,21,26,47,30,30,0,60,107,YES,0,2,NO,85,119,204,86.03,119.43,205.46,-10.5,207.5
1997,20-Feb,07:30PM,Thu,Denver,14,19,33,21,14,0,35,68,NO,1,0,NO,Indiana,25,19,44,15,33,0,48,92,NO,2,0,YES,77,83,160,78.03,83.43,161.46,-6.5,202
1997,20-Feb,07:30PM,Thu,Miami,22,23,45,28,19,0,47,92,NO,1,0,YES,New Jersey,19,25,44,26,17,0,43,87,YES,0,2,YES,89,90,179,90.03,90.43,180.46,0,0
1997,20-Feb,07:30PM,Thu,LAC,27,20,47,21,16,0,37,84,YES,1,0,NO,Philadelphia,22,26,48,29,24,0,53,101,NO,1,1,NO,95,90,185,96.03,90.43,186.46,2.5,209.5
1997,20-Feb,04:30PM,Thu,New York,28,26,54,23,32,0,55,109,YES,1,0,NO,Sacramento,26,23,49,10,28,0,38,87,YES,4,1,NO,103,93,196,104.03,93.43,197.46,4.5,187
1997,21-Feb,06:00PM,Fri,Golden State,18,16,34,20,28,0,48,82,YES,1,0,NO,Minnesota,26,26,52,25,24,0,49,101,YES,4,1,YES,86,97,183,87.03,97.43,184.46,-5,203
1997,21-Feb,04:00PM,Fri,Cleveland,28,23,51,11,26,0,37,88,NO,1,1,NO,Phoenix,24,19,43,19,32,0,51,94,NO,1,1,YES,94,88,182,95.03,88.43,183.46,-3,185.5
1997,21-Feb,07:00PM,Fri,New York,17,18,35,18,11,0,29,64,NO,0,1,NO,Seattle,19,29,48,16,20,0,36,84,YES,1,3,NO,83,65,148,84.03,65.43,149.46,-7,187
1997,21-Feb,07:30PM,Fri,Houston,21,23,44,17,13,0,30,74,YES,0,1,YES,Atlanta,29,15,44,20,12,0,32,76,NO,0,1,NO,88,62,150,89.03,62.43,151.46,-7.5,195
1997,21-Feb,07:30PM,Fri,LAC,27,22,49,24,23,0,47,96,NO,0,1,NO,Charlotte,26,21,47,41,26,0,67,114,YES,0,1,NO,96,114,210,97.03,114.43,211.46,-10,207.5
1997,21-Feb,07:30PM,Fri,New Jersey,20,15,35,19,30,0,49,84,YES,0,1,YES,Detroit,19,26,45,22,31,0,53,98,YES,1,1,NO,80,102,182,81.03,102.43,183.46,-12,188
1997,21-Feb,04:30PM,Fri,Vancouver,19,26,45,25,21,0,46,91,YES,1,1,YES,LAL,29,13,42,30,27,0,57,99,NO,1,1,NO,87,103,190,88.03,103.43,191.46,-12.5,198
1997,21-Feb,07:30PM,Fri,Portland,30,20,50,30,34,0,64,114,NO,1,0,NO,Miami,31,19,50,32,28,0,60,110,NO,1,0,YES,100,124,224,101.03,124.43,225.46,-7,193
1997,21-Feb,07:30PM,Fri,Denver,19,30,49,22,15,0,37,86,NO,0,1,NO,Orlando,24,23,47,21,31,0,52,99,YES,1,1,NO,96,89,185,97.03,89.43,186.46,-12,204
1997,21-Feb,06:30PM,Fri,Milwaukee,24,12,36,25,32,0,57,93,NO,0,1,YES,San Antonio,25,22,47,25,26,0,51,98,YES,1,1,NO,83,108,191,84.03,108.43,192.46,6,193
1997,21-Feb,08:00PM,Fri,Chicago,30,30,60,19,24,0,43,103,YES,2,0,YES,Washington,25,24,49,19,31,0,50,99,NO,1,1,YES,109,93,202,110.03,93.43,203.46,10.5,202.5
1997,22-Feb,07:30PM,Sat,Charlotte,20,26,46,31,16,0,47,93,YES,0,1,NO,Atlanta,26,19,45,23,24,0,47,92,NO,1,0,NO,91,94,185,92.03,94.43,186.46,-6.5,192
1997,22-Feb,06:30PM,Sat,Golden State,21,28,49,22,16,0,38,87,NO,0,1,NO,Chicago,34,27,61,29,30,0,59,120,NO,1,0,YES,110,97,207,111.03,97.43,208.46,-16.5,204
1997,22-Feb,06:30PM,Sat,Toronto,21,32,53,16,30,0,46,99,NO,1,2,NO,Dallas,29,19,48,15,29,0,44,92,YES,0,1,NO,101,90,191,102.03,90.43,192.46,4.5,196.5
1997,22-Feb,07:30PM,Sat,Portland,16,30,46,20,14,0,34,80,NO,0,1,NO,Philadelphia,27,30,57,19,21,0,40,97,YES,2,1,NO,103,74,177,104.03,74.43,178.46,5,209
1997,23-Feb,11:00AM,Sun,San Antonio,24,17,41,22,22,0,44,85,YES,1,0,YES,Houston,26,26,52,21,22,0,43,95,NO,1,1,YES,93,87,180,94.03,87.43,181.46,-13,198
1997,23-Feb,12:00PM,Sun,Cleveland,19,20,39,22,30,0,52,91,NO,1,1,YES,Vancouver,19,28,47,22,15,0,37,84,NO,2,1,YES,86,89,175,87.03,89.43,176.46,10.5,173.5
1997,23-Feb,09:30AM,Sun,New York,20,28,48,25,30,24,55,103,NO,1,1,NO,LAL,18,21,39,24,40,18,64,103,YES,1,1,NO,87,119,206,88.03,119.43,207.46,2.5,186
1997,23-Feb,12:00PM,Sun,LAC,27,24,51,22,26,0,48,99,NO,1,1,YES,Milwaukee,35,20,55,18,13,0,31,86,NO,2,1,YES,106,79,185,107.03,79.43,186.46,-7,194
1997,23-Feb,01:00PM,Sun,Boston,30,17,47,20,26,0,46,93,NO,2,2,YES,New Jersey,23,27,50,28,31,0,59,109,NO,1,1,YES,97,105,202,98.03,105.43,203.46,-4.5,219
1997,23-Feb,01:00PM,Sun,Detroit,18,22,40,26,19,0,45,85,YES,1,0,NO,Washington,17,22,39,15,25,0,40,79,NO,1,1,NO,79,85,164,80.03,85.43,165.46,2,187
1997,23-Feb,11:30AM,Sun,Seattle,24,19,43,18,17,11,35,78,YES,1,1,NO,Utah,16,25,41,22,15,9,37,78,NO,1,2,NO,84,72,156,85.03,72.43,157.46,-3.5,192.5
1997,23-Feb,06:00PM,Sun,Orlando,31,14,45,29,25,0,54,99,YES,1,0,YES,Indiana,25,24,49,15,26,0,41,90,YES,1,2,NO,94,95,189,95.03,95.43,190.46,-4.5,190.5
1997,23-Feb,06:00PM,Sun,Denver,21,19,40,33,13,0,46,86,NO,1,1,YES,Miami,21,28,49,19,27,0,46,95,YES,2,1,NO,89,92,181,90.03,92.43,182.46,-8.5,0
1997,23-Feb,04:00PM,Sun,Dallas,20,25,45,17,26,0,43,88,YES,0,1,YES,Phoenix,21,31,52,23,11,0,34,86,NO,2,1,NO,97,77,174,98.03,77.43,175.46,-14,202
1997,24-Feb,07:30PM,Mon,Golden State,22,27,49,31,20,0,51,100,NO,1,1,NO,Atlanta,35,25,60,23,23,0,46,106,YES,1,1,NO,109,97,206,110.03,97.43,207.46,-12,195
1997,24-Feb,06:30PM,Mon,Portland,26,23,49,18,22,0,40,89,NO,1,1,YES,Chicago,32,35,67,28,21,0,49,116,YES,2,1,NO,116,89,205,117.03,89.43,206.46,-12,200
1997,24-Feb,07:30PM,Mon,Detroit,23,16,39,25,20,0,45,84,NO,0,1,YES,Orlando,28,28,56,24,13,0,37,93,NO,1,0,YES,95,82,177,96.03,82.43,178.46,1,183
1997,24-Feb,06:30PM,Mon,Charlotte,33,18,51,18,27,0,45,96,NO,1,0,NO,San Antonio,19,20,39,19,26,0,45,84,NO,1,0,YES,90,90,180,91.03,90.43,181.46,8.5,0
1997,25-Feb,05:00PM,Tue,Toronto,34,30,64,24,24,12,48,112,NO,2,1,NO,Denver,29,30,59,25,28,10,53,112,NO,2,1,YES,123,101,224,124.03,101.43,225.46,0,204
1997,25-Feb,06:00PM,Tue,LAL,21,22,43,22,31,0,53,96,YES,1,1,NO,Houston,36,24,60,17,23,0,40,100,NO,1,1,NO,103,93,196,104.03,93.43,197.46,-7.5,199
1997,25-Feb,05:00PM,Tue,New York,21,26,47,24,28,0,52,99,NO,1,0,NO,Utah,21,29,50,29,31,0,60,110,NO,1,1,NO,97,112,209,98.03,112.43,210.46,-7,187
1997,25-Feb,07:30PM,Tue,Seattle,15,22,37,16,19,0,35,72,NO,1,0,NO,Cleveland,18,17,35,15,16,0,31,66,NO,1,1,YES,72,66,138,73.03,66.43,139.46,3,176
1997,25-Feb,06:30PM,Tue,Charlotte,16,19,35,28,21,0,49,84,NO,0,1,NO,Dallas,19,15,34,26,26,0,52,86,NO,1,1,YES,69,101,170,70.03,101.43,171.46,7.5,0
1997,25-Feb,04:30PM,Tue,Philadelphia,19,20,39,18,36,0,54,93,YES,2,0,NO,LAC,28,17,45,27,26,0,53,98,YES,0,1,YES,84,107,191,85.03,107.43,192.46,-5.5,205
1997,25-Feb,07:30PM,Tue,Sacramento,22,30,52,26,12,0,38,90,YES,4,0,NO,New Jersey,28,28,56,23,18,0,41,97,NO,2,1,NO,108,79,187,109.03,79.43,188.46,0,0
1997,25-Feb,07:30PM,Tue,Indiana,19,18,37,21,29,0,50,87,YES,1,0,YES,Washington,27,31,58,25,25,0,50,108,NO,1,1,NO,95,100,195,96.03,100.43,196.46,-3.5,193
1997,26-Feb,07:00PM,Wed,Sacramento,25,23,48,34,29,0,63,111,NO,0,1,NO,Boston,29,21,50,21,34,0,55,105,NO,1,2,YES,98,118,216,99.03,118.43,217.46,0,214
1997,26-Feb,04:00PM,Wed,Philadelphia,21,27,48,27,29,0,56,104,NO,0,1,NO,Phoenix,30,23,53,30,28,0,58,111,YES,3,2,NO,101,114,215,102.03,114.43,216.46,-10,212
1997,26-Feb,04:00PM,Wed,New York,20,33,53,5,31,7,36,89,NO,0,1,NO,Portland,24,22,46,27,16,6,43,89,NO,1,1,YES,99,79,178,100.03,79.43,179.46,0,0
1997,26-Feb,07:00PM,Wed,LAC,18,23,41,14,28,0,42,83,YES,0,1,YES,Vancouver,18,14,32,26,22,0,48,80,NO,1,2,NO,73,90,163,74.03,90.43,164.46,3.5,186.5
1997,26-Feb,07:30PM,Wed,Golden State,14,20,34,25,25,0,50,84,NO,1,1,NO,Detroit,27,33,60,22,35,0,57,117,YES,1,1,YES,94,107,201,95.03,107.43,202.46,-13,190
1997,26-Feb,06:30PM,Wed,Atlanta,24,15,39,19,21,0,40,79,YES,1,1,YES,Milwaukee,23,24,47,8,17,0,25,72,YES,1,2,NO,86,65,151,87.03,65.43,152.46,4,183
1997,26-Feb,07:30PM,Wed,Miami,17,21,38,22,26,0,48,86,YES,2,1,YES,Orlando,18,27,45,27,26,0,53,98,NO,1,1,NO,83,101,184,84.03,101.43,185.46,-5,187.5
1997,26-Feb,06:30PM,Wed,Minnesota,24,27,51,29,28,0,57,108,YES,4,0,NO,San Antonio,26,17,43,19,27,0,46,89,YES,1,1,NO,94,103,197,95.03,103.43,198.46,5.5,187
1997,26-Feb,08:00PM,Wed,Seattle,21,25,46,19,13,0,32,78,NO,0,1,NO,Indiana,20,30,50,20,22,0,42,92,NO,1,0,YES,96,74,170,97.03,74.43,171.46,4.5,182
1997,27-Feb,05:00PM,Thu,Toronto,27,23,50,28,36,0,64,114,NO,1,0,NO,Utah,36,29,65,28,25,0,53,118,YES,0,1,NO,115,117,232,116.03,117.43,233.46,-13,204
1997,27-Feb,07:30PM,Thu,Chicago,14,18,32,20,18,0,38,70,YES,2,0,YES,Cleveland,21,20,41,21,11,0,32,73,NO,1,1,NO,73,70,143,74.03,70.43,144.46,9.5,179
1997,27-Feb,06:30PM,Thu,Minnesota,27,22,49,13,30,15,43,92,NO,0,2,YES,Dallas,22,17,39,33,20,13,53,92,YES,1,1,NO,88,96,184,89.03,96.43,185.46,4,184
1997,27-Feb,06:30PM,Thu,Charlotte,30,25,55,32,19,0,51,106,NO,1,2,NO,Houston,33,26,59,19,17,0,36,95,NO,1,1,NO,114,87,201,115.03,87.43,202.46,-4.5,203
1997,27-Feb,07:30PM,Thu,LAL,36,28,64,33,25,0,58,122,NO,1,0,NO,Washington,30,34,64,27,16,0,43,107,NO,1,1,NO,128,101,229,129.03,101.43,230.46,-5,204
1997,28-Feb,07:00PM,Fri,Detroit,25,20,45,24,15,22,39,84,YES,1,1,YES,Boston,14,28,42,26,16,16,42,84,YES,0,1,NO,87,81,168,88.03,81.43,169.46,9.5,199
1997,28-Feb,05:00PM,Fri,New York,29,27,56,24,15,17,39,95,NO,1,1,YES,Denver,36,18,54,20,21,13,41,95,NO,1,2,NO,110,80,190,111.03,80.43,191.46,5.5,198.5
1997,28-Feb,04:00PM,Fri,Utah,24,29,53,22,30,0,52,105,YES,0,1,NO,Portland,30,34,64,27,24,0,51,115,NO,1,1,NO,117,103,220,118.03,103.43,221.46,-2,194.5
1997,28-Feb,07:00PM,Fri,Philadelphia,25,27,52,29,23,0,52,104,NO,1,1,NO,Vancouver,22,34,56,25,19,0,44,100,NO,1,1,NO,108,96,204,109.03,96.43,205.46,3.5,199
1997,28-Feb,07:30PM,Fri,LAL,15,28,43,19,13,0,32,75,NO,0,1,NO,Atlanta,21,23,44,27,15,0,42,86,YES,1,1,YES,87,74,161,88.03,74.43,162.46,-8.5,191
1997,28-Feb,06:30PM,Fri,Sacramento,22,20,42,40,26,0,66,108,NO,1,0,NO,Chicago,32,40,72,31,23,0,54,126,NO,2,0,YES,114,120,234,115.03,120.43,235.46,-14.5,201
1997,28-Feb,07:30PM,Fri,Milwaukee,22,23,45,19,21,0,40,85,YES,1,0,YES,Indiana,29,23,52,23,29,0,52,104,NO,1,1,NO,97,92,189,98.03,92.43,190.46,-6,183.5
1997,28-Feb,04:30PM,Fri,Toronto,18,30,48,24,20,0,44,92,NO,0,2,YES,LAC,30,18,48,30,16,0,46,94,YES,1,1,YES,96,90,186,97.03,90.43,187.46,-4,206
1997,28-Feb,07:30PM,Fri,Golden State,30,35,65,28,24,0,52,117,NO,1,0,NO,New Jersey,34,22,56,19,33,0,52,108,YES,2,2,NO,121,104,225,122.03,104.43,226.46,-3.5,206.5
1997,28-Feb,07:30PM,Fri,San Antonio,20,16,36,19,18,0,37,73,YES,1,1,NO,Orlando,22,24,46,20,28,0,48,94,NO,1,1,NO,82,85,167,83.03,85.43,168.46,-13.5,187
1997,28-Feb,08:00PM,Fri,Seattle,29,24,53,20,23,0,43,96,NO,1,1,NO,Miami,25,22,47,30,18,0,48,95,NO,1,1,YES,100,91,191,101.03,91.43,192.46,3,181
1997,1-Mar,06:30PM,Sat,Dallas,31,17,48,14,18,0,32,80,YES,1,0,YES,Houston,24,21,45,19,25,0,44,89,YES,2,1,NO,93,76,169,94.03,76.43,170.46,-11.5,190.5
1997,1-Mar,07:30PM,Sat,Golden State,32,20,52,23,33,0,56,108,NO,0,1,YES,Washington,34,29,63,33,22,0,55,118,YES,2,1,NO,115,111,226,116.03,111.43,227.46,-10,212
1997,1-Mar,07:30PM,Sat,Boston,14,25,39,19,23,0,42,81,YES,0,1,NO,Cleveland,22,22,44,28,27,0,55,99,YES,0,1,NO,83,97,180,84.03,97.43,181.46,-11.5,189.5
1997,1-Mar,07:00PM,Sat,Sacramento,27,20,47,24,32,0,56,103,NO,0,1,YES,Milwaukee,24,33,57,13,22,0,35,92,YES,1,0,YES,104,91,195,105.03,91.43,196.46,-5.5,192
1997,2-Mar,12:00PM,Sun,Utah,25,21,46,20,27,0,47,93,NO,1,0,NO,Vancouver,21,13,34,29,23,0,52,86,NO,3,1,NO,80,99,179,81.03,99.43,180.46,12,193
1997,2-Mar,01:00PM,Sun,LAL,22,20,42,24,19,0,43,85,NO,1,1,NO,Indiana,26,27,53,25,23,0,48,101,NO,1,1,NO,95,91,186,96.03,91.43,187.46,-4.5,189
1997,2-Mar,01:30PM,Sun,Charlotte,29,26,55,23,30,0,53,108,NO,2,1,YES,Minnesota,31,19,50,21,25,0,46,96,NO,2,2,YES,105,99,204,106.03,99.43,205.46,1,197.5
1997,2-Mar,03:30PM,Sun,San Antonio,22,16,38,17,17,0,34,72,NO,1,1,NO,Miami,15,27,42,24,13,0,37,79,YES,1,1,NO,80,71,151,81.03,71.43,152.46,-12,185
1997,2-Mar,03:30PM,Sun,Seattle,25,29,54,27,28,0,55,109,NO,1,1,YES,Orlando,30,23,53,27,21,0,48,101,YES,1,1,NO,107,103,210,108.03,103.43,211.46,-2.5,183
1997,2-Mar,06:00PM,Sun,Phoenix,22,23,45,22,30,12,52,97,YES,3,2,YES,Dallas,29,33,62,23,12,11,35,97,NO,1,0,YES,107,87,194,108.03,87.43,195.46,6,197
1997,2-Mar,05:00PM,Sun,LAC,35,24,59,17,19,12,36,95,YES,1,1,YES,Denver,26,21,47,25,23,14,48,95,YES,2,1,NO,106,84,190,107.03,84.43,191.46,-3,205.5
1997,2-Mar,07:00PM,Sun,Atlanta,20,20,40,21,14,0,35,75,YES,1,1,YES,Detroit,21,20,41,19,22,0,41,82,NO,1,1,YES,81,76,157,82.03,76.43,158.46,-4.5,173
1997,2-Mar,04:00PM,Sun,Philadelphia,23,13,36,20,39,0,59,95,NO,1,1,YES,Portland,29,14,43,35,34,0,69,112,NO,1,1,NO,79,128,207,80.03,128.43,208.46,-10.5,208
1997,2-Mar,07:30PM,Sun,Cleveland,20,16,36,23,23,0,46,82,YES,0,1,NO,New York,22,25,47,19,24,0,43,90,NO,1,1,YES,83,89,172,84.03,89.43,173.46,-6,167
1997,3-Mar,04:00PM,Mon,Boston,34,27,61,16,30,0,46,107,NO,1,0,NO,Toronto,28,20,48,24,31,0,55,103,NO,1,2,YES,109,101,210,110.03,101.43,211.46,-7.5,221
1997,3-Mar,06:30PM,Mon,Milwaukee,25,21,46,17,27,0,44,90,YES,1,0,NO,Chicago,29,24,53,33,22,0,55,108,NO,1,2,NO,99,99,198,100.03,99.43,199.46,-14.5,200
1997,3-Mar,04:30PM,Mon,Utah,26,24,50,29,32,0,61,111,NO,0,1,YES,Golden State,18,26,44,20,40,0,60,104,NO,1,1,YES,94,121,215,95.03,121.43,216.46,6,208
1997,3-Mar,04:30PM,Mon,New Jersey,20,24,44,19,32,0,51,95,YES,2,0,NO,Sacramento,24,31,55,29,24,0,53,108,NO,1,1,YES,99,104,203,100.03,104.43,204.46,-8,204
1997,4-Mar,05:00PM,Tue,Orlando,16,25,41,32,28,0,60,101,YES,1,1,NO,Seattle,21,27,48,16,25,0,41,89,NO,2,1,YES,89,101,190,90.03,101.43,191.46,-5.5,188
1997,4-Mar,04:00PM,Tue,New Jersey,36,31,67,36,15,0,51,118,NO,0,1,NO,Portland,39,30,69,21,33,0,54,123,YES,0,1,NO,136,105,241,137.03,105.43,242.46,-12.5,204
1997,4-Mar,07:30PM,Tue,Cleveland,27,17,44,14,30,0,44,88,NO,1,0,YES,Atlanta,22,23,45,17,31,0,48,93,YES,1,1,YES,89,92,181,90.03,92.43,182.46,-6,162.5
1997,4-Mar,07:30PM,Tue,San Antonio,22,30,52,15,31,0,46,98,NO,1,0,NO,Charlotte,25,29,54,22,29,0,51,105,NO,1,1,YES,106,97,203,107.03,97.43,204.46,-13.5,0
1997,4-Mar,06:30PM,Tue,LAL,27,21,48,20,34,0,54,102,NO,1,2,YES,Dallas,26,21,47,24,21,0,45,92,YES,0,1,NO,95,99,194,96.03,99.43,195.46,0,0
1997,4-Mar,07:30PM,Tue,Miami,24,30,54,21,33,0,54,108,YES,1,1,YES,Detroit,22,28,50,21,28,0,49,99,YES,0,1,NO,104,103,207,105.03,103.43,208.46,-8.5,174
1997,4-Mar,07:30PM,Tue,Boston,24,24,48,23,24,0,47,95,NO,0,1,NO,Indiana,24,17,41,24,33,0,57,98,YES,0,1,NO,89,104,193,90.03,104.43,194.46,-13,206
1997,4-Mar,04:30PM,Tue,Houston,32,19,51,36,26,0,62,113,YES,2,0,NO,LAC,28,27,55,25,29,0,54,109,NO,1,1,YES,106,116,222,107.03,116.43,223.46,-1,0
1997,4-Mar,07:30PM,Tue,Milwaukee,21,21,42,19,25,0,44,86,NO,0,2,NO,New York,26,22,48,24,21,0,45,93,YES,0,1,NO,90,89,179,91.03,89.43,180.46,-9,185.5
1997,4-Mar,07:30PM,Tue,Washington,26,31,57,26,24,0,50,107,YES,2,1,NO,Philadelphia,29,26,55,26,25,0,51,106,NO,1,1,YES,112,101,213,113.03,101.43,214.46,4.5,209.5
1997,5-Mar,06:00PM,Wed,San Antonio,20,13,33,17,19,0,36,69,NO,0,1,NO,Chicago,26,22,48,30,33,0,63,111,NO,1,1,NO,81,99,180,82.03,99.43,181.46,-18,192.5
1997,5-Mar,06:00PM,Wed,Detroit,25,23,48,27,17,0,44,92,YES,0,1,NO,Minnesota,30,14,44,23,21,0,44,88,NO,1,2,NO,92,88,180,93.03,88.43,181.46,3.5,181.5
1997,5-Mar,04:00PM,Wed,Portland,32,19,51,40,30,0,70,121,YES,0,1,YES,Phoenix,21,30,51,18,30,0,48,99,NO,1,2,YES,102,118,220,103.03,118.43,221.46,4.5,212
1997,5-Mar,05:00PM,Wed,Dallas,21,20,41,10,14,0,24,65,YES,0,1,NO,Utah,27,20,47,25,24,0,49,96,NO,1,1,YES,88,73,161,89.03,73.43,162.46,0,0
1997,5-Mar,07:00PM,Wed,New York,20,22,42,28,30,0,58,100,YES,0,1,NO,Toronto,22,24,46,27,21,0,48,94,NO,1,1,NO,88,106,194,89.03,106.43,195.46,3,195.5
1997,5-Mar,07:30PM,Wed,Indiana,22,19,41,26,11,0,37,78,YES,0,1,NO,Cleveland,21,24,45,21,19,0,40,85,NO,2,0,YES,86,77,163,87.03,77.43,164.46,-3.5,168.5
1997,5-Mar,04:30PM,Wed,Houston,17,19,36,25,29,0,54,90,NO,0,1,NO,Golden State,24,14,38,20,27,0,47,85,NO,1,1,NO,74,101,175,75.03,101.43,176.46,-1.5,207.5
1997,5-Mar,04:30PM,Wed,Denver,22,14,36,34,30,0,64,100,YES,2,1,NO,Sacramento,14,33,47,26,32,0,58,105,YES,1,1,NO,83,122,205,84.03,122.43,206.46,-7,203.5
1997,6-Mar,07:00PM,Thu,New Jersey,26,20,46,33,23,0,56,102,NO,1,0,NO,Vancouver,28,17,45,26,25,0,51,96,YES,2,3,NO,91,107,198,92.03,107.43,199.46,,
1997,6-Mar,07:30PM,Thu,Boston,29,33,62,26,25,8,51,113,NO,1,0,YES,Charlotte,27,28,55,28,30,9,58,113,NO,2,1,NO,117,109,226,118.03,109.43,227.46,-12.5,221
1997,6-Mar,04:30PM,Thu,Orlando,26,21,47,28,19,0,47,94,NO,1,0,NO,LAC,28,27,55,18,20,0,38,93,NO,1,1,NO,102,85,187,103.03,85.43,188.46,5,194
1997,6-Mar,07:30PM,Thu,Washington,24,22,46,17,36,0,53,99,NO,1,0,YES,Miami,21,29,50,26,19,0,45,95,YES,0,1,YES,96,98,194,97.03,98.43,195.46,-6,194
1997,6-Mar,07:30PM,Thu,Atlanta,29,31,60,24,33,0,57,117,YES,1,0,YES,Philadelphia,22,24,46,22,36,0,58,104,YES,2,1,NO,106,115,221,107.03,115.43,222.46,7.5,194
1997,7-Mar,07:00PM,Fri,New York,27,23,50,34,29,0,63,113,NO,1,1,YES,Boston,32,33,65,19,18,0,37,102,NO,1,0,YES,115,100,215,116.03,100.43,216.46,8.5,206.5
1997,7-Mar,06:00PM,Fri,Denver,16,19,35,33,15,0,48,83,NO,1,3,YES,Minnesota,16,22,38,27,31,0,58,96,NO,1,1,NO,73,106,179,74.03,106.43,180.46,-7.5,200
1997,7-Mar,04:00PM,Fri,Sacramento,28,16,44,20,23,0,43,87,YES,1,1,NO,Phoenix,23,26,49,17,38,0,55,104,NO,1,1,NO,93,98,191,94.03,98.43,192.46,-6.5,208
1997,7-Mar,04:00PM,Fri,Dallas,13,16,29,16,24,0,40,69,NO,1,1,YES,Portland,18,24,42,22,16,0,38,80,NO,1,1,YES,71,78,149,72.03,78.43,150.46,-12,193
1997,7-Mar,07:00PM,Fri,New Jersey,21,20,41,28,21,0,49,90,NO,0,1,NO,Seattle,31,29,60,29,20,0,49,109,YES,1,2,NO,101,98,199,102.03,98.43,200.46,,
1997,7-Mar,05:00PM,Fri,Detroit,21,22,43,22,23,0,45,88,NO,1,0,NO,Utah,21,21,42,28,25,0,53,95,YES,1,1,NO,85,98,183,86.03,98.43,184.46,-5.5,183
1997,7-Mar,07:00PM,Fri,San Antonio,20,30,50,23,33,0,56,106,NO,1,0,NO,Toronto,30,24,54,19,30,0,49,103,NO,1,1,NO,104,105,209,105.03,105.43,210.46,-9.5,194
1997,7-Mar,07:30PM,Fri,Milwaukee,26,29,55,8,17,0,25,80,NO,2,0,NO,Atlanta,27,21,48,23,19,0,42,90,YES,1,0,YES,103,67,170,104.03,67.43,171.46,-9,181
1997,7-Mar,06:30PM,Fri,Indiana,31,20,51,20,25,0,45,96,NO,1,0,YES,Chicago,33,27,60,21,23,0,44,104,YES,1,1,NO,111,89,200,112.03,89.43,201.46,-13,192
1997,7-Mar,04:30PM,Fri,Orlando,36,25,61,21,19,0,40,101,NO,0,1,NO,Golden State,28,24,52,25,31,0,56,108,NO,1,1,NO,113,96,209,114.03,96.43,210.46,4,203
1997,7-Mar,04:30PM,Fri,Houston,33,29,62,21,28,0,49,111,NO,1,1,NO,LAL,21,12,33,30,27,0,57,90,NO,1,2,YES,95,106,201,96.03,106.43,202.46,0,0
1997,7-Mar,07:30PM,Fri,Miami,24,35,59,27,9,13,36,95,YES,0,1,NO,Washington,23,15,38,28,29,10,57,95,NO,1,0,YES,97,93,190,98.03,93.43,191.46,2,195
1997,8-Mar,07:30PM,Sat,Milwaukee,17,27,44,23,23,0,46,90,NO,0,2,YES,Cleveland,26,18,44,14,24,0,38,82,YES,2,2,NO,88,84,172,89.03,84.43,173.46,-9,170
1997,8-Mar,07:30PM,Sat,San Antonio,23,23,46,30,26,0,56,102,NO,0,2,YES,Indiana,25,24,49,24,25,0,49,98,NO,3,0,YES,95,105,200,96.03,105.43,201.46,-13.5,182
1997,8-Mar,04:30PM,Sat,Detroit,20,23,43,21,27,0,48,91,NO,0,2,NO,LAC,25,20,45,17,23,0,40,85,NO,1,1,NO,88,88,176,89.03,88.43,177.46,6,180.5
1997,9-Mar,09:00AM,Sun,Seattle,26,24,50,19,24,0,43,93,YES,1,1,YES,Portland,29,26,55,24,24,0,48,103,NO,1,1,NO,105,91,196,106.03,91.43,197.46,1,193
1997,9-Mar,12:30PM,Sun,Atlanta,35,34,69,14,31,0,45,114,YES,1,1,YES,Boston,19,17,36,20,34,0,54,90,NO,1,1,NO,105,99,204,106.03,99.43,205.46,8.5,203
1997,9-Mar,12:30PM,Sun,Miami,11,18,29,21,26,0,47,76,NO,1,1,NO,Charlotte,31,23,54,13,15,0,28,82,NO,1,2,NO,83,75,158,84.03,75.43,159.46,-5.5,200.5
1997,9-Mar,12:30PM,Sun,Vancouver,23,26,49,13,15,0,28,77,YES,2,1,NO,Toronto,21,29,50,20,11,0,31,81,YES,1,1,NO,99,59,158,100.03,59.43,159.46,-8.5,198
1997,9-Mar,10:00AM,Sun,Orlando,31,22,53,21,11,0,32,85,NO,1,1,NO,Phoenix,20,44,64,31,26,0,57,121,NO,1,1,NO,117,89,206,118.03,89.43,207.46,-1,203
1997,9-Mar,01:00PM,Sun,Houston,24,20,44,21,23,0,44,88,NO,1,1,NO,Dallas,13,13,26,30,27,0,57,83,NO,1,1,YES,70,101,171,71.03,101.43,172.46,6,184.5
1997,9-Mar,01:30PM,Sun,Utah,33,25,58,27,30,0,57,115,YES,1,1,NO,Minnesota,21,28,49,21,36,0,57,106,NO,1,1,NO,107,114,221,108.03,114.43,222.46,3.5,194
1997,9-Mar,03:00PM,Sun,Philadelphia,23,21,44,27,28,0,55,99,YES,2,1,NO,Washington,17,25,42,24,27,0,51,93,NO,2,1,NO,86,106,192,87.03,106.43,193.46,-7,213
1997,9-Mar,05:30PM,Sun,Chicago,20,22,42,24,27,0,51,93,YES,1,1,NO,New York,20,32,52,20,25,0,45,97,YES,1,1,YES,94,96,190,95.03,96.43,191.46,4.5,183
1997,9-Mar,03:30PM,Sun,New Jersey,37,18,55,21,29,0,50,105,NO,1,2,YES,LAL,29,23,52,26,37,0,63,115,NO,2,1,NO,107,113,220,108.03,113.43,221.46,-9,208.5
1997,9-Mar,04:30PM,Sun,Sacramento,31,26,57,22,19,0,41,98,NO,1,1,YES,Golden State,15,32,47,30,25,0,55,102,YES,0,1,NO,104,96,200,105.03,96.43,201.46,-2,209.5
1997,10-Mar,04:30PM,Mon,Golden State,24,35,59,19,28,0,47,106,YES,0,1,NO,LAC,21,28,49,29,34,0,63,112,YES,0,1,NO,108,110,218,109.03,110.43,219.46,-5.5,206
1997,11-Mar,07:00PM,Tue,Chicago,29,30,59,27,31,0,58,117,NO,1,0,NO,Boston,29,22,51,33,22,0,55,106,YES,1,1,NO,110,113,223,111.03,113.43,224.46,14,212
1997,11-Mar,05:00PM,Tue,Orlando,30,20,50,19,27,0,46,96,NO,1,0,NO,Denver,31,19,50,22,19,0,41,91,NO,1,3,YES,100,87,187,101.03,87.43,188.46,5,204
1997,11-Mar,06:00PM,Tue,Philadelphia,31,24,55,25,20,0,45,100,NO,1,0,YES,Minnesota,32,19,51,23,30,0,53,104,NO,1,1,NO,106,98,204,107.03,98.43,205.46,-8,203
1997,11-Mar,04:00PM,Tue,Toronto,32,22,54,29,22,0,51,105,YES,1,1,NO,Phoenix,24,33,57,21,23,0,44,101,YES,1,1,NO,111,95,206,112.03,95.43,207.46,-8.5,211
1997,11-Mar,04:00PM,Tue,LAC,22,31,53,22,30,0,52,105,YES,0,1,YES,Portland,28,34,62,30,17,0,47,109,NO,2,1,NO,115,99,214,116.03,99.43,215.46,-10,196
1997,11-Mar,06:00PM,Tue,Houston,28,27,55,21,27,0,48,103,NO,1,0,YES,San Antonio,24,18,42,17,20,0,37,79,NO,2,2,YES,97,85,182,98.03,85.43,183.46,0,0
1997,11-Mar,07:00PM,Tue,Detroit,14,19,33,24,23,0,47,80,NO,2,1,NO,Seattle,21,16,37,34,22,0,56,93,YES,1,1,YES,70,103,173,71.03,103.43,174.46,-4,178
1997,11-Mar,07:30PM,Tue,Utah,20,23,43,36,20,0,56,99,NO,1,0,NO,Atlanta,24,28,52,27,27,0,54,106,YES,0,1,YES,95,110,205,96.03,110.43,206.46,-4.5,186
1997,11-Mar,07:30PM,Tue,Vancouver,30,12,42,27,23,0,50,92,NO,1,0,NO,Charlotte,27,24,51,21,26,0,47,98,YES,2,1,NO,93,97,190,94.03,97.43,191.46,,
1997,11-Mar,06:30PM,Tue,New York,30,13,43,22,18,0,40,83,YES,1,4,YES,Dallas,27,18,45,23,23,0,46,91,NO,1,1,NO,88,86,174,89.03,86.43,175.46,9,0
1997,11-Mar,06:30PM,Tue,Miami,23,26,49,31,28,0,59,108,NO,1,2,YES,Milwaukee,25,22,47,20,26,0,46,93,NO,2,2,YES,96,105,201,97.03,105.43,202.46,2.5,183
1997,11-Mar,04:30PM,Tue,Cleveland,24,22,46,28,14,0,42,88,YES,2,1,NO,Sacramento,22,17,39,19,27,0,46,85,NO,1,1,YES,85,88,173,86.03,88.43,174.46,2.5,175.5
1997,12-Mar,06:00PM,Wed,Orlando,30,27,57,24,15,0,39,96,NO,0,1,YES,Houston,21,28,49,29,17,0,46,95,YES,3,0,YES,106,85,191,107.03,85.43,192.46,0,0
1997,12-Mar,07:30PM,Wed,Atlanta,18,25,43,14,25,0,39,82,YES,0,1,YES,Indiana,21,22,43,18,31,0,49,92,NO,1,3,NO,86,88,174,87.03,88.43,175.46,-3.5,181
1997,12-Mar,04:30PM,Wed,Golden State,25,26,51,30,20,0,50,101,NO,1,0,YES,LAL,30,25,55,32,22,0,54,109,NO,1,2,NO,106,104,210,107.03,104.43,211.46,-8.5,213
1997,12-Mar,07:30PM,Wed,Utah,28,23,51,29,37,0,66,117,NO,0,1,NO,New Jersey,28,28,56,18,28,0,46,102,NO,1,2,YES,107,112,219,108.03,112.43,220.46,7.5,208
1997,12-Mar,07:30PM,Wed,Chicago,19,30,49,32,27,0,59,108,NO,0,1,NO,Philadelphia,25,22,47,29,28,0,57,104,NO,1,0,YES,96,116,212,97.03,116.43,213.46,13,207.5
1997,12-Mar,07:30PM,Wed,Vancouver,18,21,39,22,21,0,43,82,NO,0,1,NO,Washington,27,32,59,23,22,0,45,104,YES,1,2,NO,98,88,186,99.03,88.43,187.46,-12,196
1997,13-Mar,05:00PM,Thu,Detroit,30,19,49,23,30,0,53,102,NO,1,2,YES,Denver,22,20,42,19,21,0,40,82,NO,1,1,NO,91,93,184,92.03,93.43,185.46,8.5,185
1997,13-Mar,06:00PM,Thu,Seattle,27,24,51,26,31,0,57,108,YES,1,0,NO,Minnesota,24,25,49,25,18,0,43,92,YES,0,1,NO,100,100,200,101.03,100.43,201.46,5,191
1997,13-Mar,06:30PM,Thu,Boston,27,27,54,32,21,0,53,107,YES,1,0,NO,Dallas,30,23,53,28,28,0,56,109,YES,1,1,NO,107,109,216,108.03,109.43,217.46,-3,204.5
1997,13-Mar,04:30PM,Thu,Cleveland,24,21,45,26,19,5,45,90,NO,1,0,NO,Golden State,24,26,50,19,21,11,40,90,NO,1,0,YES,95,85,180,96.03,85.43,181.46,6,183
1997,13-Mar,04:30PM,Thu,Phoenix,24,32,56,32,24,0,56,112,YES,1,1,YES,LAC,32,19,51,21,24,0,45,96,YES,0,1,YES,107,101,208,108.03,101.43,209.46,2,206
1997,13-Mar,04:30PM,Thu,Toronto,23,30,53,17,33,0,50,103,NO,1,1,NO,Sacramento,31,21,52,25,19,0,44,96,NO,2,1,NO,105,94,199,106.03,94.43,200.46,-4.5,202
1997,14-Mar,04:00PM,Fri,Cleveland,26,16,42,15,16,0,31,73,NO,0,2,YES,Portland,26,32,58,17,21,0,38,96,YES,1,2,NO,100,69,169,101.03,69.43,170.46,-6,178
1997,14-Mar,07:30PM,Fri,Seattle,21,22,43,20,34,0,54,97,NO,0,1,NO,Atlanta,23,24,47,13,31,0,44,91,YES,0,1,YES,90,98,188,91.03,98.43,189.46,-4,183
1997,14-Mar,07:30PM,Fri,Utah,19,25,44,31,30,0,61,105,NO,1,0,NO,Indiana,28,20,48,26,22,0,48,96,YES,1,1,NO,92,109,201,93.03,109.43,202.46,-1.5,191
1997,14-Mar,04:30PM,Fri,LAC,22,32,54,19,24,0,43,97,YES,0,1,YES,LAL,21,18,39,24,32,0,56,95,NO,1,1,NO,93,99,192,94.03,99.43,193.46,-7,202.5
1997,14-Mar,07:30PM,Fri,Vancouver,28,23,51,20,11,0,31,82,NO,1,1,NO,Miami,29,22,51,23,14,0,37,88,NO,1,2,YES,102,68,170,103.03,68.43,171.46,-12.5,187
1997,14-Mar,06:30PM,Fri,Washington,23,32,55,25,25,0,50,105,YES,1,0,YES,Milwaukee,23,28,51,22,23,0,45,96,NO,1,2,NO,106,95,201,107.03,95.43,202.46,2,197
1997,14-Mar,07:30PM,Fri,Chicago,24,23,47,29,22,0,51,98,NO,1,0,YES,New Jersey,29,22,51,25,23,0,48,99,YES,1,1,NO,98,99,197,99.03,99.43,198.46,13,209
1997,14-Mar,07:30PM,Fri,Charlotte,30,18,48,16,17,0,33,81,YES,2,0,NO,Orlando,25,23,48,24,14,0,38,86,NO,1,1,YES,96,71,167,97.03,71.43,168.46,0,0
1997,14-Mar,07:30PM,Fri,Minnesota,17,29,46,23,26,0,49,95,YES,0,1,YES,Philadelphia,33,28,61,23,25,0,48,109,NO,0,1,NO,107,97,204,108.03,97.43,205.46,-1,205
1997,14-Mar,06:30PM,Fri,Boston,19,15,34,36,22,0,58,92,NO,0,1,NO,San Antonio,21,30,51,22,30,0,52,103,YES,0,2,NO,85,110,195,86.03,110.43,196.46,-3,209
1997,15-Mar,09:00AM,Sat,Toronto,18,17,35,25,42,0,67,102,NO,1,0,NO,Golden State,29,23,52,30,24,0,54,106,NO,1,1,NO,87,121,208,88.03,121.43,209.46,0,0
1997,15-Mar,05:00PM,Sat,San Antonio,19,28,47,27,31,0,58,105,YES,0,1,YES,Denver,32,35,67,24,30,0,54,121,NO,1,1,NO,114,112,226,115.03,112.43,227.46,-6.5,0
1997,15-Mar,04:00PM,Sat,Dallas,26,17,43,15,18,0,33,76,YES,1,0,NO,Phoenix,24,22,46,21,34,0,55,101,YES,1,1,YES,89,88,177,90.03,88.43,178.46,-11.5,195
1997,15-Mar,06:30PM,Sat,Atlanta,12,21,33,20,26,0,46,79,YES,0,1,YES,Chicago,23,25,48,27,24,0,51,99,NO,2,0,YES,81,97,178,82.03,97.43,179.46,-10,186.5
1997,15-Mar,07:30PM,Sat,Charlotte,27,25,52,20,35,0,55,107,NO,0,1,YES,Philadelphia,20,31,51,21,27,0,48,99,YES,2,0,NO,103,103,206,104.03,103.43,207.46,6.5,205.5
1997,15-Mar,07:30PM,Sat,Utah,24,12,36,36,28,0,64,100,NO,0,1,NO,Washington,24,23,47,20,26,0,46,93,YES,1,0,YES,83,110,193,84.03,110.43,194.46,1,205
1997,16-Mar,12:00PM,Sun,Houston,22,23,45,20,15,0,35,80,YES,3,1,NO,Miami,25,24,49,24,28,0,52,101,NO,2,1,NO,94,87,181,95.03,87.43,182.46,-2.5,188
1997,16-Mar,12:00PM,Sun,New Jersey,26,23,49,23,17,0,40,89,YES,1,1,YES,New York,19,14,33,24,17,0,41,74,NO,1,4,YES,82,81,163,83.03,81.43,164.46,-12,197
1997,16-Mar,12:30PM,Sun,Indiana,25,18,43,23,32,0,55,98,YES,1,1,YES,Milwaukee,28,28,56,15,31,0,46,102,YES,0,1,NO,99,101,200,100.03,101.43,201.46,3.5,187
1997,16-Mar,01:30PM,Sun,Boston,26,28,54,29,18,0,47,101,NO,1,0,YES,Minnesota,31,26,57,31,31,0,62,119,YES,1,1,YES,111,109,220,112.03,109.43,221.46,-9.5,214
1997,16-Mar,03:00PM,Sun,Vancouver,25,26,51,25,13,0,38,89,NO,1,1,NO,Orlando,38,20,58,22,20,0,42,100,YES,0,1,NO,109,80,189,110.03,80.43,190.46,-13,186
1997,16-Mar,03:00PM,Sun,Portland,27,29,56,27,23,0,50,106,YES,1,1,YES,LAC,17,25,42,16,36,0,52,94,YES,1,1,YES,98,102,200,99.03,102.43,201.46,4.5,200
1997,16-Mar,03:00PM,Sun,Dallas,23,27,50,16,23,0,39,89,NO,0,1,YES,Sacramento,22,17,39,26,23,0,49,88,YES,1,2,NO,89,88,177,90.03,88.43,178.46,-9.5,185
1997,16-Mar,03:30PM,Sun,Toronto,24,24,48,19,20,3,39,87,NO,0,1,YES,LAL,33,16,49,21,17,11,38,87,YES,0,1,NO,97,77,174,98.03,77.43,175.46,-7.5,204
1997,16-Mar,07:00PM,Sun,Seattle,21,23,44,20,19,0,39,83,NO,1,1,NO,Detroit,20,26,46,18,22,0,40,86,YES,0,2,YES,90,79,169,91.03,79.43,170.46,-4.5,177
1997,17-Mar,07:00PM,Mon,Milwaukee,31,27,58,28,31,0,59,117,YES,0,2,YES,Boston,31,27,58,34,34,0,68,126,NO,1,0,YES,116,127,243,117.03,127.43,244.46,3.5,215
1997,17-Mar,05:00PM,Mon,LAL,37,29,66,21,26,0,47,113,YES,0,2,NO,Denver,31,22,53,23,18,0,41,94,YES,2,1,NO,119,88,207,120.03,88.43,208.46,1,204
1997,17-Mar,07:30PM,Mon,Orlando,25,21,46,23,29,9,52,98,YES,0,2,YES,Atlanta,21,27,48,19,31,14,50,98,NO,1,1,YES,94,102,196,95.03,102.43,197.46,-6,183
1997,17-Mar,07:30PM,Mon,Utah,22,29,51,33,30,0,63,114,NO,1,1,NO,Charlotte,31,21,52,20,21,0,41,93,NO,1,1,YES,103,104,207,104.03,104.43,208.46,-3,203
1997,17-Mar,07:30PM,Mon,Detroit,17,9,26,34,22,0,56,82,YES,0,1,YES,Cleveland,23,18,41,15,29,0,44,85,YES,1,2,YES,67,100,167,68.03,100.43,168.46,2.5,0
1997,17-Mar,04:30PM,Mon,Phoenix,20,28,48,34,34,0,68,116,YES,1,0,YES,Golden State,26,30,56,25,14,0,39,95,YES,1,1,NO,104,107,211,105.03,107.43,212.46,2.5,212
1997,17-Mar,06:30PM,Mon,Washington,33,22,55,33,21,0,54,109,YES,1,0,NO,San Antonio,25,25,50,16,19,0,35,85,YES,2,1,YES,105,89,194,106.03,89.43,195.46,6.5,0
1997,18-Mar,06:00PM,Tue,Seattle,22,24,46,14,18,9,32,78,NO,1,1,YES,Chicago,20,23,43,16,19,11,35,78,YES,2,2,NO,89,67,156,90.03,67.43,157.46,-8,191
1997,18-Mar,04:00PM,Tue,LAC,31,25,56,25,40,0,65,121,YES,1,0,YES,Phoenix,27,22,49,22,40,0,62,111,NO,1,0,YES,105,127,232,106.03,127.43,233.46,-8,204
1997,18-Mar,04:00PM,Tue,Sacramento,8,30,38,25,24,0,49,87,YES,1,0,NO,Portland,22,22,44,22,26,0,48,92,YES,1,1,YES,82,97,179,83.03,97.43,180.46,-9,198
1997,18-Mar,07:00PM,Tue,Philadelphia,20,17,37,33,35,0,68,105,YES,2,0,YES,Toronto,33,23,56,33,28,0,61,117,YES,0,1,YES,93,129,222,94.03,129.43,223.46,-4.5,208.5
1997,18-Mar,06:30PM,Tue,Washington,16,17,33,31,22,0,53,86,NO,0,1,NO,Dallas,19,18,37,23,25,0,48,85,YES,2,1,YES,70,101,171,71.03,101.43,172.46,5,190
1997,18-Mar,07:30PM,Tue,Minnesota,22,22,44,28,25,0,53,97,YES,1,0,YES,Indiana,29,22,51,38,26,0,64,115,YES,0,1,YES,95,117,212,96.03,117.43,213.46,-6,191
1997,18-Mar,07:30PM,Tue,Houston,18,29,47,18,32,0,50,97,NO,1,1,YES,New Jersey,26,15,41,25,23,0,48,89,YES,2,1,YES,88,98,186,89.03,98.43,187.46,5,198
1997,18-Mar,07:30PM,Tue,Vancouver,18,27,45,18,10,0,28,73,NO,1,0,NO,New York,22,35,57,24,17,0,41,98,YES,0,1,NO,102,69,171,103.03,69.43,172.46,-14,184
1997,19-Mar,07:00PM,Wed,Utah,30,34,64,36,13,0,49,113,NO,1,2,YES,Boston,28,23,51,21,28,0,49,100,NO,1,1,NO,115,98,213,116.03,98.43,214.46,10,219.5
1997,19-Mar,06:00PM,Wed,Vancouver,16,17,33,18,21,0,39,72,NO,0,1,YES,Minnesota,23,32,55,22,18,0,40,95,YES,1,0,YES,88,79,167,89.03,79.43,168.46,-12,188
1997,19-Mar,07:30PM,Wed,Cleveland,18,21,39,18,15,0,33,72,YES,1,0,YES,Charlotte,32,19,51,19,20,0,39,90,YES,1,1,NO,90,72,162,91.03,72.43,163.46,-8.5,0
1997,19-Mar,07:30PM,Wed,Toronto,21,24,45,29,25,0,54,99,YES,0,1,YES,Detroit,27,18,45,25,27,0,52,97,NO,1,1,YES,90,106,196,91.03,106.43,197.46,-12,186
1997,19-Mar,04:30PM,Wed,Sacramento,26,29,55,17,26,0,43,98,NO,0,1,YES,LAC,22,32,54,22,32,0,54,108,YES,2,0,YES,109,97,206,110.03,97.43,207.46,-3,193
1997,19-Mar,07:30PM,Wed,New York,27,26,53,25,33,0,58,111,YES,0,2,NO,Philadelphia,22,27,49,23,28,0,51,100,NO,1,0,YES,102,109,211,103.03,109.43,212.46,6.5,195.5
1997,19-Mar,08:00PM,Wed,Indiana,24,25,49,22,24,0,46,95,YES,0,1,YES,Atlanta,31,34,65,21,21,0,42,107,NO,1,1,NO,114,88,202,115.03,88.43,203.46,-7,182
1997,19-Mar,08:00PM,Wed,Golden State,25,25,50,19,15,7,34,84,YES,1,0,NO,Miami,20,26,46,13,25,9,38,84,NO,1,2,NO,96,72,168,97.03,72.43,169.46,-10,202.5
1997,20-Mar,04:00PM,Thu,San Antonio,24,27,51,31,24,0,55,106,YES,2,0,NO,Phoenix,21,29,50,32,31,0,63,113,YES,1,1,NO,101,118,219,102.03,118.43,220.46,-13,203
1997,20-Mar,07:00PM,Thu,Denver,12,23,35,23,39,0,62,97,YES,2,0,NO,Seattle,32,25,57,30,36,0,66,123,NO,1,1,YES,92,128,220,93.03,128.43,221.46,-14.5,193.5
1997,20-Mar,07:30PM,Thu,LAL,23,16,39,23,27,0,50,89,NO,2,0,NO,Cleveland,13,20,33,23,20,0,43,76,YES,1,0,YES,72,93,165,73.03,93.43,166.46,0,0
1997,20-Mar,06:30PM,Thu,Washington,20,23,43,26,21,0,47,90,NO,1,1,YES,Houston,25,31,56,18,22,0,40,96,NO,1,1,YES,99,87,186,100.03,87.43,187.46,-5.5,198
1997,20-Mar,06:30PM,Thu,Portland,27,24,51,32,14,0,46,97,YES,1,1,NO,Milwaukee,18,26,44,15,19,0,34,78,NO,1,2,YES,95,80,175,96.03,80.43,176.46,4.5,200.5
1997,20-Mar,07:30PM,Thu,Golden State,26,30,56,19,20,0,39,95,NO,0,1,NO,Orlando,30,15,45,30,25,0,55,100,YES,0,2,YES,101,94,195,102.03,94.43,196.46,-12.5,207
1997,21-Mar,07:00PM,Fri,Orlando,29,30,59,26,19,0,45,104,YES,0,1,YES,Boston,28,23,51,29,19,0,48,99,NO,1,1,NO,110,93,203,111.03,93.43,204.46,6.5,214
1997,21-Mar,07:00PM,Fri,Charlotte,26,27,53,26,23,0,49,102,YES,1,0,YES,Toronto,27,22,49,30,18,0,48,97,NO,1,1,YES,102,97,199,103.03,97.43,200.46,5,203
1997,21-Mar,07:00PM,Fri,Denver,29,28,57,20,24,0,44,101,NO,0,1,YES,Vancouver,34,36,70,15,23,0,38,108,NO,1,1,YES,127,82,209,128.03,82.43,210.46,1.5,189
1997,21-Mar,07:30PM,Fri,Dallas,17,19,36,25,11,0,36,72,YES,2,0,YES,Atlanta,26,25,51,24,18,0,42,93,YES,1,1,NO,87,78,165,88.03,78.43,166.46,-12,180.5
1997,21-Mar,07:30PM,Fri,Minnesota,27,19,46,30,22,0,52,98,YES,1,1,YES,Detroit,33,32,65,25,22,0,47,112,YES,0,1,NO,111,99,210,112.03,99.43,211.46,-9.5,183.5
1997,21-Mar,07:30PM,Fri,Chicago,26,26,52,33,32,0,65,117,YES,2,0,YES,Indiana,19,28,47,24,27,0,51,98,YES,3,1,YES,99,116,215,100.03,116.43,216.46,6,190
1997,21-Mar,07:30PM,Fri,LAL,21,28,49,24,24,0,48,97,NO,0,1,NO,Miami,33,20,53,16,29,0,45,98,YES,1,1,NO,102,93,195,103.03,93.43,196.46,-6,189
1997,21-Mar,07:30PM,Fri,New Jersey,33,32,65,21,24,0,45,110,YES,2,1,NO,Philadelphia,27,28,55,28,29,0,57,112,YES,4,1,NO,120,102,222,121.03,102.43,223.46,-3.5,213
1997,21-Mar,04:30PM,Fri,San Antonio,28,24,52,28,21,9,49,101,NO,0,1,NO,Sacramento,26,19,45,26,30,13,56,101,YES,0,1,YES,97,105,202,98.03,105.43,203.46,-10,195
1997,22-Mar,07:00PM,Sat,Sacramento,18,29,47,27,25,0,52,99,YES,0,2,NO,Seattle,27,34,61,24,28,0,52,113,YES,0,1,NO,108,104,212,109.03,104.43,213.46,-14,196.5
1997,22-Mar,05:00PM,Sat,LAC,26,17,43,25,26,0,51,94,YES,2,0,YES,Utah,30,34,64,24,19,0,43,107,YES,0,2,YES,107,94,201,108.03,94.43,202.46,-12,202.5
1997,22-Mar,07:30PM,Sat,Golden State,20,17,37,30,22,4,52,89,NO,1,2,YES,Charlotte,26,23,49,23,17,11,40,89,NO,3,0,YES,86,92,178,87.03,92.43,179.46,0,0
1997,22-Mar,06:30PM,Sat,Detroit,21,21,42,26,20,0,46,88,YES,0,3,NO,Chicago,37,15,52,30,21,0,51,103,NO,2,0,YES,94,97,191,95.03,97.43,192.46,-9,183
1997,22-Mar,06:30PM,Sat,Cleveland,21,21,42,14,19,0,33,75,YES,1,2,NO,Dallas,19,15,34,21,17,0,38,72,YES,2,0,YES,76,71,147,77.03,71.43,148.46,5.5,165
1997,22-Mar,06:30PM,Sat,Phoenix,27,29,56,25,23,0,48,104,YES,1,2,YES,Houston,30,26,56,24,19,0,43,99,NO,2,1,NO,112,91,203,113.03,91.43,204.46,-5.5,206
1997,22-Mar,07:30PM,Sat,Portland,24,32,56,23,25,0,48,104,NO,1,0,NO,Washington,28,27,55,24,29,0,53,108,NO,3,1,YES,111,101,212,112.03,101.43,213.46,-1,200.5
1997,22-Mar,07:00PM,Sat,New York,22,18,40,23,16,0,39,79,NO,2,0,YES,Milwaukee,27,21,48,22,10,0,32,80,YES,2,1,NO,88,71,159,89.03,71.43,160.46,6.5,184.5
1997,23-Mar,12:30PM,Sun,LAL,14,24,38,20,26,0,46,84,NO,1,0,NO,Orlando,31,35,66,22,22,0,44,110,NO,1,1,YES,104,90,194,105.03,90.43,195.46,-7,194
1997,23-Mar,01:30PM,Sun,Miami,24,34,58,18,37,0,55,113,YES,1,2,YES,Minnesota,32,29,61,23,24,0,47,108,YES,1,1,YES,119,102,221,120.03,102.43,222.46,0,0
1997,23-Mar,03:00PM,Sun,New Jersey,24,34,58,19,23,0,42,100,NO,1,0,YES,Boston,32,30,62,19,10,0,29,91,YES,2,1,NO,120,71,191,121.03,71.43,192.46,-1.5,221.5
1997,23-Mar,03:00PM,Sun,Atlanta,29,27,56,20,14,0,34,90,YES,1,1,YES,Toronto,17,28,45,18,16,0,34,79,NO,1,1,NO,101,68,169,102.03,68.43,170.46,5,188
1997,23-Mar,03:00PM,Sun,San Antonio,22,19,41,27,23,0,50,91,NO,1,1,YES,LAC,26,27,53,21,32,0,53,106,NO,1,0,YES,94,103,197,95.03,103.43,198.46,-8,196.5
1997,23-Mar,06:00PM,Sun,Seattle,34,22,56,21,29,0,50,106,YES,0,1,NO,Vancouver,19,23,42,23,27,0,50,92,YES,1,1,NO,98,100,198,99.03,100.43,199.46,,
1997,23-Mar,05:00PM,Sun,Utah,24,35,59,31,30,0,61,120,YES,0,4,YES,Denver,20,27,47,28,28,0,56,103,NO,2,1,YES,106,117,223,107.03,117.43,224.46,9,207
1997,23-Mar,07:30PM,Sun,Portland,17,28,45,22,27,0,49,94,NO,0,1,NO,New York,22,30,52,13,23,0,36,88,NO,2,0,YES,97,85,182,98.03,85.43,183.46,-4.5,188.5
1997,24-Mar,07:30PM,Mon,LAL,26,28,54,25,30,0,55,109,NO,0,1,YES,New Jersey,29,22,51,17,16,0,33,84,NO,1,0,YES,105,88,193,106.03,88.43,194.46,3,203
1997,25-Mar,06:00PM,Tue,Minnesota,30,26,56,16,31,0,47,103,YES,1,0,NO,Houston,31,27,58,25,29,0,54,112,NO,1,2,NO,114,101,215,115.03,101.43,216.46,-6.5,199
1997,25-Mar,04:00PM,Tue,Milwaukee,30,30,60,27,25,0,52,112,YES,2,0,NO,Phoenix,34,22,56,35,26,0,61,117,YES,0,2,YES,116,113,229,117.03,113.43,230.46,-9,204
1997,25-Mar,06:00PM,Tue,Cleveland,19,16,35,14,10,0,24,59,NO,2,1,NO,San Antonio,16,20,36,17,11,0,28,64,NO,1,1,YES,71,52,123,72.03,52.43,124.46,0,0
1997,25-Mar,07:00PM,Tue,Indiana,20,24,44,28,26,0,54,98,YES,3,0,YES,Toronto,15,19,34,23,27,0,50,84,NO,1,1,NO,78,104,182,79.03,104.43,183.46,2,197
1997,25-Mar,07:30PM,Tue,Portland,22,21,43,18,28,0,46,89,NO,1,0,NO,Atlanta,28,19,47,24,25,0,49,96,NO,1,1,YES,90,95,185,91.03,95.43,186.46,-6,186.5
1997,25-Mar,06:30PM,Tue,Dallas,24,28,52,26,14,0,40,92,YES,2,0,NO,Chicago,21,31,52,19,23,0,42,94,YES,1,2,NO,104,82,186,105.03,82.43,187.46,-17.5,185
1997,25-Mar,04:30PM,Tue,Seattle,38,35,73,28,25,0,53,126,NO,1,0,YES,Golden State,20,19,39,22,28,0,50,89,YES,2,2,YES,112,103,215,113.03,103.43,216.46,9.5,202.5
1997,25-Mar,04:30PM,Tue,Vancouver,27,23,50,24,27,3,51,101,YES,1,1,YES,LAC,26,23,49,21,31,9,52,101,YES,1,1,NO,99,103,202,100.03,103.43,203.46,-8.5,192
1997,25-Mar,07:30PM,Tue,Sacramento,15,30,45,25,33,0,58,103,NO,2,0,NO,Orlando,30,32,62,21,31,0,52,114,YES,1,1,NO,107,110,217,108.03,110.43,218.46,-9.5,196
1997,26-Mar,05:00PM,Wed,Minnesota,27,29,56,26,20,0,46,102,NO,0,1,NO,Denver,26,26,52,21,27,0,48,100,YES,2,2,NO,108,94,202,109.03,94.43,203.46,3,209.5
1997,26-Mar,07:00PM,Wed,Phoenix,34,23,57,26,26,0,52,109,YES,0,1,YES,Seattle,24,35,59,24,24,0,48,107,NO,1,0,YES,116,100,216,117.03,100.43,217.46,-10,208.5
1997,26-Mar,07:30PM,Wed,Portland,18,21,39,30,19,0,49,88,NO,0,1,YES,Charlotte,22,23,45,25,17,0,42,87,NO,1,3,NO,84,91,175,85.03,91.43,176.46,-4,202
1997,26-Mar,07:30PM,Wed,Dallas,22,16,38,25,17,0,42,80,NO,0,2,NO,Indiana,29,30,59,23,22,0,45,104,YES,1,0,YES,97,87,184,98.03,87.43,185.46,-10,179
1997,26-Mar,04:30PM,Wed,Milwaukee,21,26,47,17,20,0,37,84,NO,0,1,NO,LAL,23,28,51,24,31,0,55,106,YES,0,1,YES,98,92,190,99.03,92.43,191.46,-7,202.5
1997,26-Mar,07:30PM,Wed,Sacramento,28,18,46,28,14,0,42,88,NO,0,2,NO,Miami,25,25,50,28,23,0,51,101,NO,1,2,YES,96,93,189,97.03,93.43,190.46,-12.5,197
1997,26-Mar,07:30PM,Wed,Philadelphia,20,24,44,36,25,0,61,105,YES,4,1,YES,New Jersey,33,28,61,29,33,0,62,123,NO,1,1,NO,105,123,228,106.03,123.43,229.46,-3.5,213
1997,26-Mar,07:30PM,Wed,Boston,27,22,49,25,18,0,43,92,YES,2,1,NO,Washington,22,34,56,23,26,0,49,105,NO,1,3,NO,105,92,197,106.03,92.43,198.46,-12,219
1997,26-Mar,08:00PM,Wed,Detroit,14,28,42,26,26,0,52,94,NO,3,1,YES,New York,28,28,56,22,27,0,49,105,YES,1,2,NO,98,101,199,99.03,101.43,200.46,-3.5,175
1997,27-Mar,07:00PM,Thu,Chicago,22,28,50,23,23,0,46,96,YES,1,1,YES,Toronto,16,22,38,27,18,0,45,83,YES,0,1,NO,88,91,179,89.03,91.43,180.46,9.5,197
1997,27-Mar,07:00PM,Thu,LAL,21,21,42,27,23,10,50,92,YES,0,4,NO,Vancouver,25,24,49,16,27,6,43,92,YES,0,1,YES,91,93,184,92.03,93.43,185.46,7,0
1997,27-Mar,07:30PM,Thu,LAC,16,26,42,21,25,0,46,88,YES,1,0,NO,Atlanta,25,25,50,28,25,0,53,103,NO,1,1,NO,92,99,191,93.03,99.43,192.46,-11,189
1997,27-Mar,06:30PM,Thu,Cleveland,17,24,41,21,27,0,48,89,NO,1,0,NO,Houston,26,27,53,25,29,0,54,107,NO,1,1,NO,94,102,196,95.03,102.43,197.46,-5,0
1997,27-Mar,06:30PM,Thu,Orlando,22,20,42,28,23,0,51,93,YES,1,2,YES,San Antonio,35,19,54,25,18,0,43,97,NO,1,1,NO,96,94,190,97.03,94.43,191.46,8.5,190
1997,28-Mar,04:00PM,Fri,Golden State,25,29,54,32,24,5,56,110,YES,2,1,YES,Phoenix,22,30,52,26,32,12,58,110,NO,1,1,YES,106,114,220,107.03,114.43,221.46,-10,216
1997,28-Mar,04:00PM,Fri,Vancouver,19,22,41,19,21,0,40,81,YES,0,3,YES,Portland,32,34,66,25,24,0,49,115,NO,3,1,YES,107,89,196,108.03,89.43,197.46,-15,189
1997,28-Mar,05:00PM,Fri,Milwaukee,25,22,47,22,27,0,49,96,NO,1,1,NO,Utah,25,27,52,22,27,0,49,101,YES,0,4,YES,99,98,197,100.03,98.43,198.46,-14.5,203
1997,28-Mar,07:30PM,Fri,LAC,15,21,36,24,25,0,49,85,NO,0,1,NO,Detroit,23,27,50,33,30,0,63,113,NO,1,1,YES,86,112,198,87.03,112.43,199.46,-11.5,188
1997,28-Mar,07:30PM,Fri,Cleveland,19,16,35,25,19,0,44,79,NO,0,1,YES,Miami,34,23,57,17,9,0,26,83,YES,1,1,NO,92,70,162,93.03,70.43,163.46,-10.5,167
1997,28-Mar,07:30PM,Fri,New York,31,21,52,15,19,0,34,86,YES,1,1,NO,New Jersey,24,18,42,30,20,0,50,92,YES,0,1,NO,94,84,178,95.03,84.43,179.46,8,193.5
1997,28-Mar,07:30PM,Fri,Boston,24,19,43,28,34,0,62,105,NO,1,3,NO,Philadelphia,27,37,64,21,28,0,49,113,YES,1,1,YES,107,111,218,108.03,111.43,219.46,-4.5,222
1997,28-Mar,07:30PM,Fri,Minnesota,16,25,41,23,17,0,40,81,NO,1,1,NO,Seattle,19,20,39,29,24,0,53,92,YES,1,1,NO,80,93,173,81.03,93.43,174.46,-12.5,203.5
1997,28-Mar,07:30PM,Fri,Toronto,19,22,41,23,22,0,45,86,YES,0,1,YES,Washington,41,23,64,27,22,0,49,113,NO,0,1,NO,105,94,199,106.03,94.43,200.46,0,0
1997,28-Mar,08:00PM,Fri,Indiana,35,20,55,31,30,0,61,116,YES,1,1,YES,Charlotte,33,34,67,28,20,0,48,115,NO,4,1,NO,122,109,231,123.03,109.43,232.46,-3.5,191
1997,29-Mar,07:30PM,Sat,Sacramento,16,29,45,12,17,0,29,74,NO,2,3,NO,Atlanta,30,12,42,20,26,0,46,88,YES,3,1,NO,87,75,162,88.03,75.43,163.46,-12,188.5
1997,29-Mar,06:30PM,Sat,New Jersey,27,26,53,19,29,0,48,101,YES,0,3,NO,Chicago,35,21,56,22,33,0,55,111,NO,2,1,YES,109,103,212,110.03,103.43,213.46,-17,202.5
1997,29-Mar,06:30PM,Sat,Denver,18,36,54,24,27,0,51,105,YES,2,0,YES,Houston,28,25,53,40,27,0,67,120,YES,2,1,NO,107,118,225,108.03,118.43,226.46,-11.5,206
1997,29-Mar,06:30PM,Sat,Utah,32,22,54,24,37,0,61,115,YES,0,3,YES,San Antonio,29,24,53,20,29,0,49,102,NO,3,1,NO,107,110,217,108.03,110.43,218.46,10,194.5
1997,29-Mar,07:30PM,Sat,Dallas,24,21,45,20,22,0,42,87,NO,2,0,NO,Washington,22,26,48,23,23,0,46,94,YES,2,0,NO,93,88,181,94.03,88.43,182.46,-10,187
1997,30-Mar,12:30PM,Sun,New York,23,30,53,26,22,0,48,101,NO,1,1,NO,Orlando,23,23,46,11,29,0,40,86,NO,1,2,YES,99,88,187,100.03,88.43,188.46,-4.5,0
1997,30-Mar,02:30PM,Sun,LAC,29,26,55,17,19,5,36,91,NO,1,1,NO,Indiana,22,20,42,27,22,12,49,91,NO,1,1,YES,97,85,182,98.03,85.43,183.46,-8.5,197
1997,30-Mar,03:00PM,Sun,Miami,23,26,49,33,15,0,48,97,YES,1,1,YES,Toronto,20,29,49,28,25,0,53,102,YES,2,1,YES,98,101,199,99.03,101.43,200.46,8,184.5
1997,30-Mar,02:00PM,Sun,Minnesota,31,21,52,31,30,0,61,113,NO,1,2,YES,Golden State,27,15,42,25,35,0,60,102,YES,1,1,YES,94,121,215,95.03,121.43,216.46,2,207
1997,30-Mar,06:00PM,Sun,Dallas,25,18,43,17,20,0,37,80,NO,0,1,YES,Cleveland,22,18,40,21,23,0,44,84,NO,1,1,YES,83,81,164,84.03,81.43,165.46,-9,163
1997,30-Mar,05:00PM,Sun,Milwaukee,18,30,48,24,25,0,49,97,NO,1,1,NO,Denver,31,18,49,27,23,0,50,99,NO,1,0,YES,97,99,196,98.03,99.43,197.46,2,207
1997,30-Mar,07:00PM,Sun,Philadelphia,21,18,39,27,30,0,57,96,YES,1,1,NO,Detroit,19,31,50,24,18,0,42,92,YES,1,1,NO,89,99,188,90.03,99.43,189.46,-13.5,198.5
1997,30-Mar,04:00PM,Sun,Seattle,32,25,57,20,29,0,49,106,YES,1,1,YES,Phoenix,26,30,56,29,22,0,51,107,NO,2,1,NO,113,100,213,114.03,100.43,214.46,5.5,209
1997,1-Apr,05:00PM,Tue,LAL,26,24,50,28,21,0,49,99,NO,4,0,YES,Seattle,18,21,39,34,24,0,58,97,NO,1,1,YES,89,107,196,90.03,107.43,197.46,-9.5,197
1997,1-Apr,05:00PM,Tue,Houston,29,30,59,33,24,0,57,116,YES,2,0,NO,Denver,19,21,40,26,33,0,59,99,YES,0,1,NO,99,116,215,100.03,116.43,216.46,6.5,209
1997,1-Apr,04:00PM,Tue,Golden State,28,22,50,23,18,0,41,91,YES,1,1,YES,Portland,32,17,49,14,19,0,33,82,NO,2,3,NO,99,74,173,100.03,74.43,174.46,-12.5,206
1997,1-Apr,07:00PM,Tue,Milwaukee,25,30,55,31,16,0,47,102,NO,1,1,NO,Vancouver,28,24,52,17,22,0,39,91,YES,2,3,YES,107,86,193,108.03,86.43,194.46,4.5,191
1997,1-Apr,06:30PM,Tue,Boston,15,28,43,27,36,0,63,106,NO,3,0,YES,Chicago,35,23,58,25,28,0,53,111,YES,1,2,NO,101,116,217,102.03,116.43,218.46,-17,215
1997,1-Apr,07:30PM,Tue,New York,25,17,42,25,27,0,52,94,NO,1,2,YES,Cleveland,24,25,49,20,19,0,39,88,YES,0,1,NO,91,91,182,92.03,91.43,183.46,4,166
1997,1-Apr,06:30PM,Tue,Detroit,27,23,50,23,27,0,50,100,YES,1,0,NO,Dallas,26,10,36,16,30,0,46,82,YES,1,1,YES,86,96,182,87.03,96.43,183.46,8,175
1997,1-Apr,07:30PM,Tue,Washington,30,21,51,33,20,0,53,104,YES,2,1,YES,Indiana,20,28,48,27,25,0,52,100,NO,1,1,NO,99,105,204,100.03,105.43,205.46,-4,195
1997,1-Apr,07:30PM,Tue,LAC,20,23,43,19,25,0,44,87,NO,1,1,NO,Miami,30,17,47,29,21,0,50,97,YES,1,1,YES,90,94,184,91.03,94.43,185.46,-12.5,191
1997,1-Apr,07:30PM,Tue,Philadelphia,22,27,49,21,35,0,56,105,NO,1,0,YES,Orlando,22,31,53,23,17,0,40,93,NO,1,1,NO,102,96,198,103.03,96.43,199.46,-11,0
1997,2-Apr,07:00PM,Wed,Cleveland,27,23,50,14,32,0,46,96,YES,0,1,NO,Boston,26,17,43,19,25,0,44,87,NO,1,0,YES,93,90,183,94.03,90.43,184.46,5,186
1997,2-Apr,06:00PM,Wed,New Jersey,26,22,48,19,22,0,41,89,NO,3,0,YES,Minnesota,27,22,49,26,19,0,45,94,NO,1,2,YES,97,86,183,98.03,86.43,184.46,-6,204.5
1997,2-Apr,06:00PM,Wed,Detroit,20,27,47,22,30,0,52,99,NO,0,1,NO,San Antonio,23,23,46,22,24,0,46,92,YES,1,3,NO,93,98,191,94.03,98.43,192.46,8,184.5
1997,2-Apr,05:00PM,Wed,Sacramento,18,10,28,34,25,0,59,87,NO,3,1,YES,Utah,36,31,67,31,20,0,51,118,NO,1,3,YES,95,110,205,96.03,110.43,206.46,-14,204
1997,2-Apr,04:30PM,Wed,Denver,26,16,42,18,25,0,43,85,YES,0,1,YES,LAL,21,26,47,34,29,0,63,110,NO,1,0,YES,89,106,195,90.03,106.43,196.46,0,0
1997,2-Apr,07:30PM,Wed,Toronto,26,20,46,26,40,0,66,112,YES,2,2,NO,Philadelphia,23,23,46,24,20,0,44,90,NO,1,0,YES,92,110,202,93.03,110.43,203.46,-2,209
1997,2-Apr,08:00PM,Wed,Atlanta,26,19,45,15,24,0,39,84,YES,3,1,YES,Charlotte,22,28,50,22,23,0,45,95,YES,0,4,NO,95,84,179,96.03,84.43,180.46,0,0
1997,2-Apr,05:00PM,Wed,Houston,25,19,44,23,29,0,52,96,NO,0,1,NO,Phoenix,30,24,54,21,34,0,55,109,YES,1,2,NO,98,107,205,99.03,107.43,206.46,-3,211
1997,3-Apr,07:00PM,Thu,Milwaukee,12,31,43,13,24,0,37,80,NO,1,0,NO,Seattle,30,25,55,22,26,0,48,103,NO,1,1,NO,98,85,183,99.03,85.43,184.46,-13,197
1997,3-Apr,04:30PM,Thu,Dallas,22,27,49,19,22,0,41,90,YES,1,1,NO,Golden State,27,23,50,29,27,0,56,106,NO,1,1,YES,99,97,196,100.03,97.43,197.46,-5,190.5
1997,3-Apr,07:30PM,Thu,Miami,29,24,53,14,25,0,39,92,YES,1,1,YES,Indiana,21,24,45,15,18,0,33,78,YES,0,1,NO,98,72,170,99.03,72.43,171.46,1,188.5
1997,3-Apr,07:30PM,Thu,Charlotte,15,24,39,36,18,0,54,93,YES,0,1,YES,New Jersey,26,19,45,10,32,0,42,87,NO,2,0,YES,84,96,180,85.03,96.43,181.46,,
1997,3-Apr,07:30PM,Thu,LAC,25,23,48,32,33,0,65,113,NO,1,0,NO,Orlando,31,27,58,21,15,0,36,94,YES,0,1,NO,106,101,207,107.03,101.43,208.46,0,0
1997,3-Apr,07:30PM,Thu,Chicago,33,30,63,16,23,0,39,102,YES,1,0,YES,Washington,34,24,58,18,34,0,52,110,YES,0,1,YES,121,91,212,122.03,91.43,213.46,5,202.5
1997,4-Apr,07:00PM,Fri,LAC,18,36,54,30,33,0,63,117,NO,0,1,NO,Boston,30,22,52,32,18,0,50,102,NO,1,1,NO,106,113,219,107.03,113.43,220.46,3.5,214
1997,4-Apr,05:00PM,Fri,Phoenix,23,31,54,38,30,0,68,122,YES,1,0,NO,Denver,28,32,60,26,27,0,53,113,NO,2,1,YES,114,121,235,115.03,121.43,236.46,8,219
1997,4-Apr,06:00PM,Fri,Washington,23,24,47,28,20,0,48,95,YES,0,1,NO,Minnesota,17,28,45,26,26,0,52,97,NO,1,1,NO,92,100,192,93.03,100.43,193.46,-2.5,201
1997,4-Apr,04:00PM,Fri,Milwaukee,21,22,43,26,24,0,50,93,NO,0,3,YES,Portland,28,31,59,32,17,0,49,108,NO,0,2,NO,102,99,201,103.03,99.43,202.46,-12,192
1997,4-Apr,05:00PM,Fri,Vancouver,14,21,35,21,23,0,44,79,YES,2,1,YES,Utah,32,29,61,24,21,0,45,106,YES,1,1,NO,96,89,185,97.03,89.43,186.46,-18,197
1997,4-Apr,07:30PM,Fri,Detroit,29,23,52,20,17,0,37,89,NO,1,2,YES,Atlanta,32,28,60,28,15,0,43,103,NO,0,1,YES,112,80,192,113.03,80.43,193.46,-5.5,175.5
1997,4-Apr,06:30PM,Fri,Cleveland,18,21,39,15,17,0,32,71,NO,1,2,YES,Chicago,15,22,37,27,20,0,47,84,YES,1,0,YES,76,79,155,77.03,79.43,156.46,-11.5,177
1997,4-Apr,04:30PM,Fri,San Antonio,31,18,49,21,24,0,45,94,YES,1,0,NO,LAL,27,20,47,23,13,0,36,83,NO,1,1,NO,96,81,177,97.03,81.43,178.46,-9,195
1997,4-Apr,07:30PM,Fri,Indiana,34,27,61,18,35,0,53,114,YES,0,1,NO,Philadelphia,31,25,56,19,28,0,47,103,YES,0,1,NO,117,100,217,118.03,100.43,218.46,5.5,201.5
1997,4-Apr,04:30PM,Fri,Houston,24,27,51,35,22,0,57,108,NO,1,1,NO,Sacramento,26,20,46,31,17,0,48,94,NO,1,1,YES,97,105,202,98.03,105.43,203.46,6,198.5
1997,4-Apr,08:00PM,Fri,Orlando,22,21,43,30,20,0,50,93,YES,0,1,YES,New York,19,23,42,23,19,0,42,84,YES,0,2,YES,85,92,177,86.03,92.43,178.46,0,0
1997,5-Apr,12:30PM,Sat,Dallas,19,24,43,16,25,0,41,84,NO,1,0,NO,Seattle,27,22,49,21,33,0,54,103,YES,0,1,NO,92,95,187,93.03,95.43,188.46,-15,187
1997,5-Apr,04:00PM,Sat,Phoenix,23,18,41,31,27,0,58,99,NO,0,2,YES,Portland,25,20,45,18,27,0,45,90,YES,1,0,NO,86,103,189,87.03,103.43,190.46,-5,212
1997,5-Apr,07:30PM,Sat,New York,23,26,49,29,24,0,53,102,YES,0,2,YES,Atlanta,25,27,52,20,25,0,45,97,YES,3,0,NO,101,98,199,102.03,98.43,200.46,-4.5,175
1997,5-Apr,07:30PM,Sat,Philadelphia,34,35,69,29,15,0,44,113,YES,0,1,NO,Charlotte,36,30,66,25,24,0,49,115,YES,1,1,YES,135,93,228,136.03,93.43,229.46,-11,207
1997,5-Apr,04:30PM,Sat,San Antonio,32,29,61,23,19,0,42,103,NO,0,1,NO,Golden State,34,35,69,26,25,0,51,120,NO,0,1,NO,130,93,223,131.03,93.43,224.46,-7.5,203
1997,5-Apr,07:30PM,Sat,Toronto,21,25,46,13,25,0,38,84,NO,2,2,YES,Miami,20,26,46,27,25,0,52,98,YES,1,1,YES,92,90,182,93.03,90.43,183.46,-12,191
1997,6-Apr,12:00PM,Sun,Houston,25,25,50,20,24,0,44,94,NO,1,1,NO,Vancouver,23,20,43,24,18,0,42,85,YES,1,1,YES,93,86,179,94.03,86.43,180.46,11.5,192
1997,6-Apr,01:00PM,Sun,Washington,43,31,74,23,23,0,46,120,NO,1,1,NO,Boston,34,33,67,24,23,0,47,114,YES,2,1,NO,141,93,234,142.03,93.43,235.46,9,216
1997,6-Apr,01:00PM,Sun,LAC,28,25,53,20,30,0,50,103,NO,1,1,YES,New Jersey,30,23,53,24,19,0,43,96,NO,1,2,NO,106,93,199,107.03,93.43,200.46,-2,199
1997,6-Apr,01:30PM,Sun,Indiana,27,15,42,28,24,0,52,94,NO,1,2,YES,Minnesota,17,20,37,25,21,0,46,83,YES,1,1,NO,79,98,177,80.03,98.43,178.46,-1.5,195
1997,6-Apr,05:30PM,Sun,Chicago,29,24,53,30,27,0,57,110,YES,1,0,YES,Orlando,25,25,50,21,23,0,44,94,YES,1,1,YES,103,101,204,104.03,101.43,205.46,5.5,0
1997,6-Apr,03:00PM,Sun,Utah,33,34,67,29,18,0,47,114,YES,1,0,YES,Golden State,24,29,53,20,27,0,47,100,NO,1,0,NO,120,94,214,121.03,94.43,215.46,9.5,212
1997,6-Apr,03:00PM,Sun,Seattle,23,29,52,18,31,0,49,101,YES,0,3,NO,Sacramento,26,24,50,31,32,0,63,113,NO,1,1,NO,102,112,214,103.03,112.43,215.46,8.5,198
1997,6-Apr,03:30PM,Sun,Dallas,30,21,51,2,27,0,29,80,NO,0,1,YES,LAL,17,20,37,27,23,0,50,87,YES,1,1,NO,88,79,167,89.03,79.43,168.46,-9,189
1997,7-Apr,05:00PM,Mon,Portland,32,26,58,32,20,0,52,110,YES,1,0,NO,Denver,38,23,61,21,22,0,43,104,YES,0,2,NO,119,95,214,120.03,95.43,215.46,9.5,206.5
1997,7-Apr,05:00PM,Mon,San Antonio,16,24,40,29,24,0,53,93,NO,1,0,YES,Utah,31,30,61,24,31,0,55,116,NO,1,0,YES,101,108,209,102.03,108.43,210.46,-15,202
1997,7-Apr,06:30PM,Mon,Philadelphia,19,35,54,23,25,0,48,102,NO,1,1,YES,Chicago,28,29,57,30,41,0,71,128,YES,1,0,YES,111,119,230,112.03,119.43,231.46,-15,210.5
1997,7-Apr,07:30PM,Mon,Charlotte,18,24,42,25,31,12,56,98,YES,1,1,YES,Cleveland,32,23,55,16,27,7,43,98,YES,0,2,YES,97,99,196,98.03,99.43,197.46,-3,174.5
1997,7-Apr,08:00PM,Mon,Miami,23,18,41,26,27,0,53,94,YES,1,0,NO,Detroit,21,24,45,15,28,0,43,88,YES,2,2,YES,86,96,182,87.03,96.43,183.46,-2.5,181.5
1997,8-Apr,04:00PM,Tue,Minnesota,30,18,48,30,29,0,59,107,YES,1,1,NO,Phoenix,21,32,53,29,33,0,62,115,YES,1,2,YES,101,121,222,102.03,121.43,223.46,-8,213
1997,8-Apr,07:00PM,Tue,Washington,24,22,46,20,28,0,48,94,NO,1,2,YES,Toronto,24,31,55,23,22,0,45,100,NO,1,2,YES,101,93,194,102.03,93.43,195.46,6,0
1997,8-Apr,06:30PM,Tue,Portland,12,31,43,23,16,0,39,82,NO,0,1,NO,Dallas,26,19,45,15,27,0,42,87,NO,1,1,YES,88,81,169,89.03,81.43,170.46,7,186
1997,8-Apr,04:30PM,Tue,LAL,30,35,65,18,26,0,44,109,YES,1,0,NO,Golden State,19,16,35,24,26,0,50,85,NO,1,1,NO,100,94,194,101.03,94.43,195.46,0,0
1997,8-Apr,04:30PM,Tue,Houston,28,29,57,39,31,0,70,127,NO,1,1,YES,LAC,27,25,52,37,28,0,65,117,NO,1,1,YES,109,135,244,110.03,135.43,245.46,6,203
1997,8-Apr,06:30PM,Tue,Orlando,18,21,39,23,35,0,58,97,YES,1,1,NO,Milwaukee,25,22,47,14,21,0,35,82,YES,1,3,YES,86,93,179,87.03,93.43,180.46,3.5,193
1997,8-Apr,07:30PM,Tue,Miami,15,30,45,31,18,0,49,94,NO,0,1,YES,New Jersey,31,23,54,19,19,0,38,92,NO,1,1,NO,99,87,186,100.03,87.43,187.46,7,188.5
1997,8-Apr,04:30PM,Tue,Vancouver,23,23,46,18,29,0,47,93,YES,1,1,NO,Sacramento,30,16,46,25,38,0,63,109,NO,1,1,NO,92,110,202,93.03,110.43,203.46,0,0
1997,8-Apr,06:30PM,Tue,Denver,29,26,55,9,26,0,35,90,YES,0,1,NO,San Antonio,22,22,44,22,30,0,52,96,NO,1,0,YES,99,87,186,100.03,87.43,187.46,-5,202
1997,8-Apr,08:00PM,Tue,Cleveland,25,14,39,29,25,0,54,93,YES,0,2,NO,New York,20,24,44,14,15,0,29,73,NO,1,2,YES,83,83,166,84.03,83.43,167.46,-9,169
1997,9-Apr,04:00PM,Wed,LAL,18,19,37,24,28,0,52,89,NO,0,1,YES,Utah,24,27,51,20,30,0,50,101,NO,1,1,NO,88,102,190,89.03,102.43,191.46,-11.5,199
1997,9-Apr,07:30PM,Wed,Boston,30,23,53,22,36,0,58,111,YES,2,1,YES,Charlotte,39,25,64,36,36,0,72,136,YES,1,1,YES,117,130,247,118.03,130.43,248.46,-13,220
1997,9-Apr,07:30PM,Wed,Chicago,19,27,46,19,21,0,40,86,YES,1,0,NO,Indiana,21,23,44,20,16,0,36,80,NO,1,2,YES,90,76,166,91.03,76.43,167.46,4.5,194.5
1997,9-Apr,07:30PM,Wed,Atlanta,27,39,66,24,26,0,50,116,YES,3,1,NO,Philadelphia,15,24,39,25,37,0,62,101,YES,1,1,YES,105,112,217,106.03,112.43,218.46,9,200
1997,10-Apr,07:00PM,Thu,Orlando,29,33,62,21,22,0,43,105,NO,1,1,YES,Toronto,20,13,33,21,15,0,36,69,NO,1,1,NO,95,79,174,96.03,79.43,175.46,4.5,193
1997,10-Apr,06:30PM,Thu,Seattle,18,26,44,18,28,0,46,90,NO,3,1,NO,Dallas,18,22,40,25,17,0,42,82,NO,1,1,NO,84,88,172,85.03,88.43,173.46,11.5,186
1997,10-Apr,04:30PM,Thu,Denver,25,27,52,28,18,9,46,98,NO,1,1,NO,Golden State,29,27,56,22,20,11,42,98,YES,0,1,NO,108,88,196,109.03,88.43,197.46,-8,216
1997,10-Apr,06:30PM,Thu,Vancouver,20,24,44,30,20,0,50,94,NO,1,1,NO,Houston,26,28,54,23,25,0,48,102,YES,0,1,YES,98,98,196,99.03,98.43,197.46,-16.5,197
1997,10-Apr,04:30PM,Thu,Minnesota,25,17,42,33,33,0,66,108,NO,1,1,YES,LAC,13,29,42,23,31,0,54,96,NO,1,1,NO,84,120,204,85.03,120.43,205.46,-2.5,203
1997,10-Apr,07:30PM,Thu,Detroit,20,20,40,20,23,0,43,83,YES,2,0,YES,Miami,32,14,46,16,31,0,47,93,NO,1,1,YES,86,90,176,87.03,90.43,177.46,-4,181
1997,10-Apr,07:30PM,Thu,Milwaukee,29,21,50,18,20,0,38,88,YES,1,0,YES,New Jersey,27,22,49,24,20,0,44,93,YES,0,1,NO,99,82,181,100.03,82.43,182.46,-4,196
1997,10-Apr,07:30PM,Thu,Chicago,30,17,47,24,34,0,58,105,NO,0,2,NO,New York,28,18,46,33,24,0,57,103,YES,1,1,NO,93,115,208,94.03,115.43,209.46,2.5,185.5
1997,10-Apr,04:30PM,Thu,Phoenix,27,23,50,28,23,0,51,101,YES,1,0,NO,Sacramento,25,25,50,26,23,0,49,99,NO,0,1,NO,100,100,200,101.03,100.43,201.46,4,212
1997,10-Apr,06:30PM,Thu,Portland,22,26,48,23,27,0,50,98,NO,1,5,YES,San Antonio,25,11,36,22,23,0,45,81,NO,1,1,NO,84,95,179,85.03,95.43,180.46,7.5,194
1997,11-Apr,07:00PM,Fri,Cleveland,28,15,43,18,26,14,44,87,NO,2,0,YES,Boston,17,24,41,24,22,16,46,87,YES,0,1,YES,84,90,174,85.03,90.43,175.46,7.5,187
1997,11-Apr,07:00PM,Fri,Atlanta,36,27,63,19,22,0,41,104,NO,1,0,NO,Indiana,22,25,47,24,21,0,45,92,YES,0,1,NO,110,86,196,111.03,86.43,197.46,-2,183
1997,11-Apr,05:00PM,Fri,Houston,20,19,39,28,16,0,44,83,YES,0,1,YES,Utah,30,22,52,27,25,0,52,104,YES,1,1,NO,91,96,187,92.03,96.43,188.46,-6.5,199
1997,11-Apr,04:30PM,Fri,Phoenix,23,23,46,22,30,0,52,98,NO,0,1,NO,LAL,24,29,53,27,34,0,61,114,NO,1,1,YES,99,113,212,100.03,113.43,213.46,-6.5,208
1997,11-Apr,06:30PM,Fri,Philadelphia,32,24,56,33,29,0,62,118,YES,1,0,NO,Milwaukee,24,29,53,32,41,0,73,126,NO,1,0,YES,109,135,244,110.03,135.43,245.46,-5.5,212
1997,11-Apr,04:30PM,Fri,Golden State,21,30,51,14,22,0,36,87,YES,0,1,YES,Sacramento,23,27,50,27,20,0,47,97,NO,2,0,NO,101,83,184,102.03,83.43,185.46,-6,209
1997,11-Apr,07:30PM,Fri,New Jersey,18,26,44,14,32,0,46,90,YES,0,1,NO,Washington,33,22,55,36,18,0,54,109,YES,0,2,YES,99,100,199,100.03,100.43,200.46,-12,202.5
1997,11-Apr,08:00PM,Fri,Charlotte,18,23,41,29,23,0,52,93,YES,1,0,YES,Detroit,16,34,50,19,16,0,35,85,NO,1,0,YES,91,87,178,92.03,87.43,179.46,-3.5,190
1997,12-Apr,01:30PM,Sat,Seattle,32,26,58,19,19,0,38,96,NO,1,0,NO,San Antonio,24,22,46,21,24,0,45,91,YES,1,1,NO,104,83,187,105.03,83.43,188.46,11.5,190
1997,12-Apr,03:30PM,Sat,New York,28,17,45,30,25,0,55,100,YES,1,1,NO,Miami,28,18,46,20,33,0,53,99,NO,1,1,NO,91,108,199,92.03,108.43,200.46,-4.5,184
1997,12-Apr,06:00PM,Sat,Indiana,23,31,54,25,21,0,46,100,YES,0,1,YES,Toronto,25,23,48,19,22,0,41,89,YES,1,1,NO,102,87,189,103.03,87.43,190.46,0,0
1997,12-Apr,06:00PM,Sat,Atlanta,19,25,44,17,19,0,36,80,NO,0,2,YES,Minnesota,17,10,27,19,20,0,39,66,YES,1,1,YES,71,75,146,72.03,75.43,147.46,2.5,168.5
1997,12-Apr,07:30PM,Sat,Washington,21,35,56,21,20,0,41,97,YES,0,1,NO,Charlotte,26,29,55,22,22,0,44,99,NO,1,0,YES,111,85,196,112.03,85.43,197.46,-3.5,200
1997,12-Apr,07:30PM,Sat,Philadelphia,23,26,49,31,38,0,69,118,NO,0,1,YES,Cleveland,34,32,66,24,35,0,59,125,YES,1,0,YES,115,128,243,116.03,128.43,244.46,-10,191.5
1997,12-Apr,06:30PM,Sat,Vancouver,28,25,53,19,24,0,43,96,NO,1,4,YES,Dallas,26,16,42,17,26,0,43,85,NO,1,1,NO,95,86,181,96.03,86.43,182.46,-7,181
1997,12-Apr,04:30PM,Sat,Denver,31,19,50,17,27,0,44,94,NO,1,1,YES,LAC,29,21,50,35,31,0,66,116,YES,1,1,NO,100,110,210,101.03,110.43,211.46,-10,211
1997,12-Apr,07:30PM,Sat,Boston,23,19,42,30,26,0,56,98,YES,0,3,YES,Orlando,27,35,62,25,34,0,59,121,NO,1,1,YES,104,115,219,105.03,115.43,220.46,-15.5,217
1997,13-Apr,09:30AM,Sun,Utah,21,22,43,31,24,0,55,98,YES,1,1,NO,LAL,20,25,45,29,26,0,55,100,NO,3,1,NO,88,110,198,89.03,110.43,199.46,-2.5,202
1997,13-Apr,01:00PM,Sun,Chicago,28,21,49,27,15,0,42,91,NO,2,0,YES,Detroit,35,28,63,20,25,0,45,108,YES,0,1,NO,112,87,199,113.03,87.43,200.46,4.5,187
1997,13-Apr,12:30PM,Sun,New Jersey,25,21,46,40,37,0,77,123,NO,1,1,NO,Milwaukee,37,39,76,28,28,0,56,132,NO,1,1,NO,122,133,255,123.03,133.43,256.46,-5.5,197.5
1997,13-Apr,01:30PM,Sun,Seattle,20,18,38,17,18,0,35,73,NO,0,1,YES,Houston,31,25,56,23,34,0,57,113,NO,1,1,YES,94,92,186,95.03,92.43,187.46,-4.5,194.5
1997,13-Apr,02:00PM,Sun,Phoenix,23,30,53,24,28,0,52,105,NO,1,1,YES,Golden State,27,25,52,13,32,0,45,97,YES,0,1,YES,105,97,202,106.03,97.43,203.46,8,218.5
1997,14-Apr,05:00PM,Mon,Golden State,22,32,54,24,25,0,49,103,YES,0,2,NO,Denver,34,19,53,24,16,0,40,93,YES,1,1,YES,107,89,196,108.03,89.43,197.46,-2,215
1997,14-Apr,07:30PM,Mon,Cleveland,22,9,31,27,24,0,51,82,YES,1,1,YES,Charlotte,15,22,37,24,33,0,57,94,YES,1,1,NO,68,108,176,69.03,108.43,177.46,-4.5,0
1997,14-Apr,06:30PM,Mon,Toronto,20,24,44,30,26,0,56,100,YES,1,0,NO,Chicago,33,26,59,36,22,0,58,117,YES,1,0,YES,103,114,217,104.03,114.43,218.46,-14,200
1997,14-Apr,06:30PM,Mon,LAC,32,29,61,20,18,0,38,99,YES,1,0,NO,Dallas,22,25,47,29,17,0,46,93,YES,1,1,NO,108,84,192,109.03,84.43,193.46,4,186
1997,14-Apr,07:30PM,Mon,New York,24,24,48,29,22,8,51,99,NO,1,1,YES,Indiana,21,28,49,34,16,11,50,99,YES,1,1,YES,97,101,198,98.03,101.43,199.46,2,186.5
1997,14-Apr,07:30PM,Mon,Minnesota,29,21,50,16,29,0,45,95,YES,1,1,YES,Miami,20,20,40,28,19,0,47,87,NO,1,1,NO,90,92,182,91.03,92.43,183.46,0,0
1997,14-Apr,07:30PM,Mon,Detroit,25,28,53,23,15,0,38,91,YES,0,1,YES,Orlando,19,22,41,30,29,0,59,100,YES,1,1,NO,94,97,191,95.03,97.43,192.46,-5,187.5
1997,14-Apr,07:30PM,Mon,Washington,28,30,58,32,41,0,73,131,NO,1,1,YES,Philadelphia,30,19,49,30,31,0,61,110,YES,1,1,YES,107,134,241,108.03,134.43,242.46,8,222
1997,14-Apr,04:30PM,Mon,San Antonio,23,27,50,31,25,0,56,106,YES,1,0,NO,Sacramento,38,31,69,28,23,0,51,120,YES,2,2,NO,119,107,226,120.03,107.43,227.46,-9,196.5
1997,15-Apr,02:00PM,Tue,Utah,31,22,53,36,38,0,74,127,NO,1,1,YES,Phoenix,34,22,56,30,36,0,66,122,YES,2,1,YES,109,140,249,110.03,140.43,250.46,2,211
1997,15-Apr,07:00PM,Tue,San Antonio,19,18,37,27,24,0,51,88,NO,0,2,YES,Seattle,28,29,57,30,21,0,51,108,YES,1,1,YES,94,102,196,95.03,102.43,197.46,-17,195.5
1997,15-Apr,07:30PM,Tue,New Jersey,29,28,57,23,21,0,44,101,NO,1,0,YES,Atlanta,23,26,49,12,48,0,60,109,YES,0,2,YES,106,104,210,107.03,104.43,211.46,-13,197
1997,15-Apr,06:30PM,Tue,LAC,28,28,56,23,40,0,63,119,NO,0,2,YES,Houston,39,32,71,25,27,0,52,123,NO,2,1,NO,127,115,242,128.03,115.43,243.46,-13,208.5
1997,15-Apr,06:30PM,Tue,Toronto,27,21,48,13,24,0,37,85,NO,0,2,NO,Milwaukee,16,23,39,26,27,0,53,92,YES,0,1,NO,87,90,177,88.03,90.43,178.46,0,0
1997,16-Apr,07:00PM,Wed,Charlotte,23,32,55,27,26,0,53,108,YES,1,1,YES,Boston,27,23,50,26,26,0,52,102,YES,1,3,YES,105,105,210,106.03,105.43,211.46,9,220
1997,16-Apr,06:00PM,Wed,Dallas,23,28,51,19,22,0,41,92,YES,1,1,NO,Minnesota,23,18,41,22,14,0,36,77,NO,1,1,YES,92,77,169,93.03,77.43,170.46,-9.5,189
1997,16-Apr,04:00PM,Wed,Denver,8,14,22,19,22,0,41,63,YES,1,0,YES,Portland,27,26,53,30,24,0,54,107,YES,0,5,YES,75,95,170,76.03,95.43,171.46,-14.5,211
1997,16-Apr,07:30PM,Wed,Orlando,17,16,33,15,15,0,30,63,YES,1,1,NO,Cleveland,18,26,44,21,13,0,34,78,YES,1,1,YES,77,64,141,78.03,64.43,142.46,-4,175
1997,16-Apr,07:30PM,Wed,Milwaukee,26,20,46,17,22,0,39,85,YES,0,1,NO,Detroit,20,24,44,26,22,0,48,92,NO,1,1,YES,90,87,177,91.03,87.43,178.46,-10,188
1997,16-Apr,07:30PM,Wed,Philadelphia,31,21,52,32,29,0,61,113,YES,1,1,YES,New Jersey,23,20,43,30,32,0,62,105,YES,1,0,YES,95,123,218,96.03,123.43,219.46,-4,227
1997,16-Apr,07:30PM,Wed,Atlanta,29,21,50,20,22,0,42,92,YES,0,2,YES,New York,22,26,48,22,26,0,48,96,NO,1,1,YES,98,90,188,99.03,90.43,189.46,-5,182
1997,16-Apr,07:30PM,Wed,Indiana,19,24,43,21,26,0,47,90,YES,1,1,NO,Washington,23,26,49,31,23,0,54,103,NO,1,1,YES,92,101,193,93.03,101.43,194.46,-4.5,196
1997,16-Apr,08:00PM,Wed,Chicago,28,9,37,22,33,0,55,92,YES,1,2,YES,Miami,31,19,50,26,26,0,52,102,NO,1,1,NO,87,107,194,88.03,107.43,195.46,2,189
1997,17-Apr,05:00PM,Thu,Seattle,33,29,62,25,21,0,46,108,YES,1,1,YES,Denver,26,28,54,28,22,0,50,104,YES,1,0,YES,116,96,212,117.03,96.43,213.46,14.5,209
1997,17-Apr,05:00PM,Thu,Golden State,25,26,51,20,22,0,42,93,NO,2,1,YES,Utah,28,28,56,23,27,0,50,106,NO,1,1,YES,107,92,199,108.03,92.43,200.46,0,0
1997,17-Apr,07:00PM,Thu,Portland,27,23,50,19,36,0,55,105,YES,0,2,YES,Vancouver,20,19,39,19,15,0,34,73,YES,1,4,YES,89,89,178,90.03,89.43,179.46,8.5,192
1997,17-Apr,04:30PM,Thu,Sacramento,23,24,47,23,29,0,52,99,YES,2,1,NO,LAL,27,23,50,35,23,0,58,108,YES,0,3,NO,97,110,207,98.03,110.43,208.46,-13.5,205
1997,18-Apr,06:00PM,Fri,Milwaukee,28,29,57,19,36,0,55,112,NO,1,1,YES,Minnesota,32,23,55,39,28,0,67,122,YES,0,1,NO,112,122,234,113.03,122.43,235.46,-6.5,190.5
1997,18-Apr,06:00PM,Fri,Phoenix,15,26,41,37,28,0,65,106,YES,2,0,YES,San Antonio,22,33,55,20,20,0,40,95,NO,1,2,YES,96,105,201,97.03,105.43,202.46,0,0
1997,18-Apr,07:30PM,Fri,Toronto,26,20,46,42,20,0,62,108,NO,2,1,NO,Charlotte,26,29,55,24,21,0,45,100,YES,1,1,YES,101,107,208,102.03,107.43,209.46,0,0
1997,18-Apr,07:30PM,Fri,Cleveland,18,21,39,23,20,0,43,82,YES,1,1,YES,Detroit,23,15,38,11,26,0,37,75,YES,1,1,NO,77,80,157,78.03,80.43,158.46,0,0
1997,18-Apr,06:30PM,Fri,Dallas,30,24,54,25,16,7,41,95,NO,1,0,YES,Houston,29,16,45,30,20,17,50,95,YES,1,2,NO,99,91,190,100.03,91.43,191.46,-13,191
1997,18-Apr,04:30PM,Fri,LAL,33,33,66,35,22,0,57,123,YES,0,1,NO,LAC,20,34,54,21,20,0,41,95,YES,0,2,YES,120,98,218,121.03,98.43,219.46,7.5,206
1997,18-Apr,07:30PM,Fri,New Jersey,20,25,45,19,22,0,41,86,YES,1,1,YES,Miami,23,20,43,18,13,0,31,74,YES,0,1,NO,88,72,160,89.03,72.43,161.46,-13,198
1997,18-Apr,07:30PM,Fri,Indiana,18,24,42,25,22,0,47,89,NO,1,1,YES,New York,33,21,54,20,23,0,43,97,YES,0,1,NO,96,90,186,97.03,90.43,187.46,-7.5,188
1997,18-Apr,07:30PM,Fri,Boston,38,26,64,32,23,0,55,119,YES,1,1,YES,Philadelphia,23,22,45,42,26,0,68,113,YES,0,1,YES,109,123,232,110.03,123.43,233.46,-4.5,229.5
1997,18-Apr,08:00PM,Fri,Orlando,25,21,46,21,26,0,47,93,NO,1,0,YES,Washington,24,19,43,33,28,0,61,104,YES,1,1,NO,89,108,197,90.03,108.43,198.46,-7.5,195
1997,19-Apr,06:00PM,Sat,Philadelphia,20,35,55,15,34,0,49,104,YES,0,194,YES,Atlanta,38,39,77,32,27,0,59,136,YES,0,2,YES,132,108,240,133.03,108.43,241.46,-14,215.5
1997,19-Apr,06:00PM,Sat,Miami,23,34,57,18,27,0,45,102,YES,0,194,YES,Orlando,20,22,42,24,22,0,46,88,NO,194,0,YES,99,91,190,100.03,91.43,191.46,3.5,188
1997,19-Apr,04:00PM,Sat,Vancouver,31,33,64,28,29,0,57,121,YES,1,194,YES,Phoenix,24,33,57,27,23,0,50,107,NO,194,0,YES,121,107,228,122.03,107.43,229.46,-14,206
1997,19-Apr,07:00PM,Sat,LAC,14,27,41,27,32,0,59,100,YES,0,194,NO,Seattle,34,26,60,35,30,0,65,125,YES,194,1,YES,101,124,225,102.03,124.43,226.46,-14.5,205
1997,19-Apr,05:00PM,Sat,Minnesota,14,31,45,17,27,0,44,89,YES,0,194,YES,Utah,32,20,52,19,30,0,49,101,YES,0,1,NO,97,93,190,98.03,93.43,191.46,-12,206
1997,19-Apr,06:30PM,Sat,New York,25,23,48,22,33,0,55,103,YES,0,194,NO,Chicago,27,31,58,19,24,0,43,101,YES,194,2,YES,106,98,204,107.03,98.43,205.46,-7.5,192
1997,19-Apr,06:30PM,Sat,Denver,21,24,45,24,31,0,55,100,YES,1,194,YES,Dallas,19,26,45,27,23,0,50,95,YES,194,0,YES,90,105,195,91.03,105.43,196.46,-6.5,192
1997,19-Apr,05:00PM,Sat,Sacramento,33,24,57,20,30,15,50,107,NO,1,0,YES,Golden State,29,28,57,22,28,13,50,107,YES,194,1,YES,114,100,214,115.03,100.43,215.46,-1.5,209
1997,20-Apr,09:30AM,Sun,LAL,26,22,48,26,22,0,48,96,NO,1,193,YES,Portland,30,29,59,18,23,0,41,100,NO,193,2,YES,107,89,196,108.03,89.43,197.46,3.5,194.5
1997,20-Apr,01:00PM,Sun,Toronto,31,33,64,29,32,0,61,125,NO,1,193,NO,Boston,30,19,49,17,28,0,45,94,NO,193,1,YES,113,106,219,114.03,106.43,220.46,2,224
1997,20-Apr,02:30PM,Sun,Detroit,26,22,48,34,30,12,64,112,YES,1,193,YES,Indiana,27,29,56,27,29,8,56,112,YES,193,1,YES,104,120,224,105.03,120.43,225.46,-1,187.5
1997,20-Apr,01:30PM,Sun,Houston,21,25,46,25,32,0,57,103,YES,1,193,YES,San Antonio,23,23,46,21,32,0,53,99,YES,193,1,NO,92,110,202,93.03,110.43,203.46,11,198
1997,20-Apr,03:30PM,Sun,Washington,23,12,35,29,21,0,50,85,YES,1,193,NO,Cleveland,27,17,44,22,15,0,37,81,YES,193,1,YES,79,87,166,80.03,87.43,167.46,-1.5,175.5
1997,20-Apr,05:00PM,Sun,Charlotte,21,34,55,19,26,0,45,100,YES,1,193,YES,Milwaukee,31,33,64,33,23,0,56,120,YES,193,1,YES,119,101,220,120.03,101.43,221.46,0,0
1997,20-Apr,06:00PM,Sun,Atlanta,17,29,46,22,24,0,46,92,YES,0,193,NO,New Jersey,15,32,47,31,30,0,61,108,NO,193,1,YES,93,107,200,94.03,107.43,201.46,5,199
1997,20-Apr,03:00PM,Sun,Utah,27,23,50,36,27,0,63,113,YES,0,193,NO,Sacramento,29,21,50,28,31,0,59,109,YES,194,0,YES,100,122,222,101.03,122.43,223.46,5.5,209.5
1997,31-Oct,05:00PM,Fri,San Antonio,21,22,43,30,34,0,64,107,YES,193,0,YES,Denver,26,24,50,21,25,0,46,96,YES,0,194,YES,93,110,203,97.76,112.75,210.5,9.5,198.5
1997,31-Oct,06:00PM,Fri,Golden State,27,28,55,33,25,0,58,113,YES,194,0,NO,Minnesota,31,38,69,33,27,0,60,129,NO,0,194,YES,124,118,242,128.76,120.75,249.5,-6.5,198
1997,31-Oct,04:00PM,Fri,LAC,34,25,59,22,19,0,41,100,NO,194,0,YES,Phoenix,29,34,63,28,19,0,47,110,NO,3,194,NO,122,88,210,126.76,90.75,217.5,-11,207
1997,31-Oct,04:00PM,Fri,Seattle,24,28,52,16,23,0,39,91,YES,194,0,YES,Portland,20,21,41,26,16,0,42,83,YES,0,193,NO,93,81,174,97.76,83.75,181.5,1,0
1997,31-Oct,06:30PM,Fri,Cleveland,17,18,35,20,31,0,51,86,YES,193,0,NO,Houston,27,19,46,25,23,0,48,94,YES,1,193,YES,81,99,180,85.76,101.75,187.5,0,0
1997,31-Oct,04:30PM,Fri,Utah,28,17,45,19,23,0,42,87,NO,193,0,YES,LAL,16,27,43,25,36,0,61,104,YES,3,193,YES,88,103,191,92.76,105.75,198.5,-3,191
1997,31-Oct,07:30PM,Fri,Toronto,27,26,53,27,21,0,48,101,NO,193,0,NO,Miami,33,25,58,26,30,0,56,114,YES,0,194,YES,111,104,215,115.76,106.75,222.5,-6.5,189.5
1997,31-Oct,07:30PM,Fri,Indiana,28,29,57,21,17,0,38,95,YES,193,0,YES,New Jersey,20,28,48,29,20,0,49,97,YES,0,193,NO,105,87,192,109.76,89.75,199.5,-4.5,194
1997,31-Oct,07:30PM,Fri,Atlanta,30,27,57,23,25,0,48,105,NO,193,0,YES,Orlando,18,33,51,23,25,0,48,99,YES,1,194,NO,108,96,204,112.76,98.75,211.5,-2.5,185
1997,31-Oct,07:30PM,Fri,Milwaukee,27,26,53,21,29,0,50,103,YES,193,0,YES,Philadelphia,24,21,45,22,21,0,43,88,YES,0,194,YES,98,93,191,102.76,95.75,198.5,2,202.5
1997,31-Oct,07:30PM,Fri,Dallas,26,17,43,31,16,0,47,90,YES,194,0,NO,Vancouver,18,27,45,21,22,0,43,88,NO,0,194,YES,88,90,178,92.76,92.75,185.5,-3,182
1997,31-Oct,08:00PM,Fri,Chicago,32,11,43,15,27,0,42,85,YES,194,0,YES,Boston,12,22,34,34,24,0,58,92,NO,1,193,NO,77,100,177,81.76,102.75,184.5,9.5,206.5
1997,31-Oct,08:00PM,Fri,New York,23,23,46,24,27,0,51,97,NO,194,1,YES,Charlotte,17,21,38,26,21,0,47,85,YES,0,193,YES,84,98,182,88.76,100.75,189.5,-2,186
1997,31-Oct,08:00PM,Fri,Washington,21,22,43,16,20,0,36,79,NO,193,0,YES,Detroit,24,24,48,22,22,0,44,92,YES,1,193,YES,91,80,171,95.76,82.75,178.5,-6,187
1997,1-Nov,07:00PM,Sat,Golden State,18,18,36,23,24,0,47,83,NO,0,2,NO,Indiana,28,20,48,23,25,0,48,96,YES,2,0,YES,84,95,179,88.76,97.75,186.5,-10.5,203
1997,1-Nov,06:00PM,Sat,Charlotte,26,19,45,20,25,0,45,90,YES,0,1,NO,Minnesota,29,21,50,27,29,0,56,106,YES,2,0,NO,95,101,196,99.76,103.75,203.5,-2,199
1997,1-Nov,07:00PM,Sat,Dallas,14,25,39,16,34,0,50,89,NO,0,2,YES,Seattle,25,23,48,23,10,0,33,81,NO,2,0,YES,87,83,170,91.76,85.75,177.5,-15.5,189
1997,1-Nov,07:00PM,Sat,Sacramento,27,26,53,26,17,0,43,96,YES,194,0,YES,Vancouver,27,26,53,24,20,0,44,97,YES,2,0,NO,106,87,193,110.76,89.75,200.5,1,189
1997,1-Nov,05:00PM,Sat,Denver,29,15,44,18,22,0,40,84,YES,0,2,YES,Utah,24,18,42,31,19,10,50,92,NO,1,0,YES,86,90,176,90.76,92.75,183.5,-14,196.5
1997,1-Nov,07:30PM,Sat,Toronto,11,25,36,24,25,0,49,85,NO,0,2,YES,Atlanta,23,29,52,15,23,0,38,90,NO,2,0,YES,88,87,175,92.76,89.75,182.5,-9,197
1997,1-Nov,06:30PM,Sat,Philadelphia,15,16,31,18,25,0,43,74,YES,0,3,YES,Chicago,27,17,44,35,15,0,50,94,NO,1,0,YES,75,93,168,79.76,95.75,175.5,-13,200
1997,1-Nov,04:30PM,Sat,Portland,22,18,40,16,26,0,42,82,YES,0,2,YES,LAC,20,15,35,23,16,0,39,74,NO,3,0,YES,75,81,156,79.76,83.75,163.5,2,195
1997,1-Nov,06:30PM,Sat,Cleveland,15,23,38,20,22,0,42,80,NO,0,2,YES,San Antonio,23,16,39,19,25,0,44,83,YES,1,0,YES,77,86,163,81.76,88.75,170.5,-9,190
1997,1-Nov,07:30PM,Sat,Miami,30,32,62,25,22,0,47,109,YES,0,1,YES,Washington,24,30,54,26,28,0,54,108,YES,1,0,YES,116,101,217,120.76,103.75,224.5,-2,191
1997,1-Nov,07:00PM,Sat,New Jersey,23,31,54,18,28,13,46,100,YES,0,3,YES,Milwaukee,23,27,50,34,16,9,50,100,NO,2,0,YES,104,96,200,108.76,98.75,207.5,-8,199
1997,2-Nov,06:00PM,Sun,Detroit,15,19,34,24,36,0,60,94,YES,1,1,NO,New York,22,15,37,26,23,0,49,86,NO,1,1,YES,71,109,180,75.76,111.75,187.5,-5.5,179.5
1997,2-Nov,03:00PM,Sun,Houston,27,25,52,17,24,0,41,93,YES,1,1,NO,Sacramento,24,21,45,25,7,0,32,77,NO,1,0,YES,97,73,170,101.76,75.75,177.5,7,196
1997,2-Nov,07:00PM,Sun,Orlando,29,21,50,27,30,0,57,107,YES,1,1,NO,Boston,15,21,36,22,38,0,60,96,YES,1,1,NO,86,117,203,90.76,119.75,210.5,6,196
1997,3-Nov,05:00PM,Mon,Washington,22,22,44,19,27,0,46,90,YES,1,0,NO,Utah,30,12,42,16,28,0,44,86,YES,0,1,NO,86,90,176,90.76,92.75,183.5,-8,192
1997,3-Nov,06:30PM,Mon,San Antonio,29,16,45,12,16,10,28,73,YES,1,1,YES,Chicago,15,20,35,18,20,14,38,73,NO,1,1,NO,80,66,146,84.76,68.75,153.5,-5,184
1997,3-Nov,07:30PM,Mon,Charlotte,32,22,54,22,36,0,58,112,NO,1,1,YES,Miami,20,17,37,28,34,0,62,99,YES,1,1,YES,91,120,211,95.76,122.75,218.5,-5,193
1997,4-Nov,05:00PM,Tue,Houston,24,23,47,22,25,0,47,94,NO,1,0,NO,Seattle,29,32,61,31,26,0,57,118,YES,1,2,NO,108,104,212,112.76,106.75,219.5,-3,193.5
1997,4-Nov,05:00PM,Tue,Washington,30,29,59,34,27,0,61,120,NO,0,2,YES,Denver,32,11,43,21,32,0,53,96,NO,2,2,YES,102,114,216,106.76,116.75,223.5,4,200
1997,4-Nov,04:00PM,Tue,Utah,17,16,33,30,21,0,51,84,YES,0,2,NO,Phoenix,27,25,52,24,30,0,54,106,NO,1,3,NO,85,105,190,89.76,107.75,197.5,-5.5,200
1997,4-Nov,04:00PM,Tue,Minnesota,33,24,57,17,31,0,48,105,YES,2,2,NO,Portland,29,37,66,27,29,0,56,122,YES,2,2,YES,123,104,227,127.76,106.75,234.5,-6,192
1997,4-Nov,07:00PM,Tue,Golden State,23,17,40,25,21,0,46,86,NO,2,0,NO,Toronto,33,21,54,32,18,0,50,104,NO,1,2,YES,94,96,190,98.76,98.75,197.5,-6.5,203.5
1997,4-Nov,07:30PM,Tue,Detroit,14,22,36,24,11,0,35,71,NO,1,0,YES,Atlanta,16,21,37,28,17,0,45,82,YES,0,2,NO,73,80,153,77.76,82.75,160.5,-4,178
1997,4-Nov,07:30PM,Tue,Indiana,19,14,33,27,17,0,44,77,YES,2,0,NO,Cleveland,23,23,46,23,11,0,34,80,YES,2,2,YES,79,78,157,83.76,80.75,164.5,-2,183.5
1997,4-Nov,06:30PM,Tue,Vancouver,30,24,54,20,13,0,33,87,YES,2,0,NO,Dallas,18,32,50,24,18,0,42,92,YES,0,2,YES,104,75,179,108.76,77.75,186.5,-4,180
1997,4-Nov,06:30PM,Tue,Orlando,18,19,37,14,25,0,39,76,NO,1,0,NO,Milwaukee,32,25,57,27,26,0,53,110,NO,1,2,NO,94,92,186,98.76,94.75,193.5,-1,196
1997,4-Nov,07:30PM,Tue,Boston,22,17,39,20,11,0,31,70,YES,1,0,YES,New York,23,33,56,27,19,0,46,102,YES,1,1,NO,95,77,172,99.76,79.75,179.5,-12,192.5
1997,4-Nov,04:30PM,Tue,LAL,23,28,51,25,25,0,50,101,YES,3,2,YES,Sacramento,26,27,53,25,20,0,45,98,NO,2,1,NO,104,95,199,108.76,97.75,206.5,5,191
1997,5-Nov,07:00PM,Wed,Miami,22,25,47,21,22,0,43,90,YES,1,1,NO,Boston,18,13,31,25,18,0,43,74,NO,1,0,YES,78,86,164,82.76,88.75,171.5,7.5,197.5
1997,5-Nov,06:00PM,Wed,Orlando,17,19,36,30,15,0,45,81,NO,0,1,NO,Chicago,23,23,46,32,16,0,48,94,YES,1,1,NO,82,93,175,86.76,95.75,182.5,-8,183
1997,5-Nov,07:30PM,Wed,Dallas,25,31,56,22,25,0,47,103,YES,0,2,YES,Charlotte,28,31,59,23,28,0,51,110,YES,1,1,YES,115,98,213,119.76,100.75,220.5,-11.5,190
1997,5-Nov,07:30PM,Wed,Indiana,25,24,49,27,23,0,50,99,NO,0,1,YES,Detroit,17,27,44,21,22,0,43,87,NO,1,0,YES,93,93,186,97.76,95.75,193.5,-5,173.5
1997,5-Nov,04:30PM,Wed,Houston,33,29,62,32,30,0,62,124,NO,0,1,YES,LAC,19,26,45,28,37,0,65,110,YES,1,3,NO,107,127,234,111.76,129.75,241.5,6,194.5
1997,5-Nov,07:30PM,Wed,Golden State,18,22,40,22,34,0,56,96,NO,0,2,YES,New Jersey,33,23,56,34,22,0,56,112,NO,1,3,YES,96,112,208,100.76,114.75,215.5,-8,203.5
1997,5-Nov,07:30PM,Wed,Atlanta,27,27,54,23,16,0,39,93,YES,0,1,YES,Philadelphia,22,23,45,15,28,0,43,88,YES,0,3,YES,99,82,181,103.76,84.75,188.5,5.5,190.5
1997,5-Nov,06:30PM,Wed,Vancouver,20,17,37,23,19,0,42,79,NO,0,1,YES,San Antonio,21,23,44,22,21,0,43,87,NO,2,1,YES,81,85,166,85.76,87.75,173.5,-13.5,183
1997,6-Nov,04:00PM,Thu,New York,27,34,61,23,21,0,44,105,YES,1,0,NO,Phoenix,14,21,35,20,20,0,40,75,YES,1,1,NO,96,84,180,100.76,86.75,187.5,-3,190
1997,6-Nov,07:00PM,Thu,Seattle,31,28,59,24,26,0,50,109,YES,1,0,NO,Toronto,23,21,44,28,20,0,48,92,YES,1,1,NO,103,98,201,107.76,100.75,208.5,5,196
1997,6-Nov,06:30PM,Thu,Philadelphia,28,15,43,27,23,0,50,93,YES,0,2,YES,Milwaukee,21,22,43,26,31,0,57,100,NO,1,1,NO,86,107,193,90.76,109.75,200.5,-8,197
1997,7-Nov,07:00PM,Fri,Cleveland,26,21,47,17,32,0,49,96,YES,2,0,YES,Boston,28,13,41,26,25,0,51,92,YES,0,1,NO,88,100,188,92.76,102.75,195.5,6,182
1997,7-Nov,05:00PM,Fri,Utah,21,28,49,26,16,0,42,91,NO,2,0,NO,Denver,20,19,39,25,25,0,50,89,YES,3,2,NO,88,92,180,92.76,94.75,187.5,7.5,200.5
1997,7-Nov,07:00PM,Fri,Seattle,30,20,50,23,26,0,49,99,NO,0,1,NO,Indiana,28,26,54,26,13,0,39,93,YES,0,1,YES,104,88,192,108.76,90.75,199.5,0,0
1997,7-Nov,07:00PM,Fri,Minnesota,27,26,53,24,31,0,55,108,NO,2,0,NO,Vancouver,22,20,42,31,24,0,55,97,NO,1,1,YES,95,110,205,99.76,112.75,212.5,5.5,191
1997,7-Nov,07:30PM,Fri,Chicago,20,27,47,13,18,0,31,78,YES,1,0,YES,Atlanta,31,19,50,17,13,0,30,80,YES,0,1,YES,97,61,158,101.76,63.75,165.5,-2,174.5
1997,7-Nov,06:30PM,Fri,Portland,23,21,44,25,17,0,42,86,YES,2,0,NO,Houston,22,26,48,24,13,0,37,85,NO,4,1,YES,92,79,171,96.76,81.75,178.5,-5,197
1997,7-Nov,04:30PM,Fri,New York,24,31,55,21,18,0,39,94,NO,0,1,NO,LAL,25,26,51,26,22,0,48,99,NO,1,2,YES,106,87,193,110.76,89.75,200.5,-4.5,187
1997,7-Nov,07:30PM,Fri,Miami,28,21,49,16,22,0,38,87,NO,1,0,YES,New Jersey,17,28,45,28,26,0,54,99,YES,0,1,NO,94,92,186,98.76,94.75,193.5,2,195
1997,7-Nov,04:30PM,Fri,LAC,20,25,45,28,25,0,53,98,YES,1,0,YES,Sacramento,23,20,43,18,24,0,42,85,NO,1,2,NO,88,95,183,92.76,97.75,190.5,-3.5,192.5
1997,7-Nov,07:30PM,Fri,Charlotte,24,29,53,28,26,0,54,107,YES,1,0,YES,Washington,23,23,46,23,23,0,46,92,YES,0,2,YES,99,100,199,103.76,102.75,206.5,-3.5,202.5
1997,7-Nov,08:00PM,Fri,Orlando,23,17,40,25,24,0,49,89,NO,1,0,YES,Detroit,22,22,44,16,24,0,40,84,YES,1,1,NO,84,89,173,88.76,91.75,180.5,-5,178
1997,8-Nov,07:30PM,Sat,Indiana,22,19,41,19,22,0,41,82,YES,0,3,YES,Charlotte,22,20,42,22,25,0,47,89,YES,5,0,YES,83,88,171,87.76,90.75,178.5,-4,190
1997,8-Nov,06:30PM,Sat,New Jersey,24,17,41,25,20,0,45,86,YES,0,4,YES,Chicago,26,28,54,20,25,0,45,99,YES,2,0,YES,95,90,185,99.76,92.75,192.5,-9,187.5
1997,8-Nov,07:30PM,Sat,Atlanta,31,25,56,16,18,9,34,90,YES,0,2,YES,Cleveland,28,22,50,15,25,7,40,90,NO,2,0,YES,106,74,180,110.76,76.75,187.5,0,174.5
1997,8-Nov,06:30PM,Sat,Portland,26,19,45,27,29,0,56,101,NO,0,1,YES,Dallas,23,27,50,16,28,0,44,94,NO,2,2,YES,95,100,195,99.76,102.75,202.5,-4,182
1997,8-Nov,04:30PM,Sat,Phoenix,31,37,68,30,25,0,55,123,YES,1,3,YES,LAC,26,22,48,35,22,0,57,105,YES,2,0,YES,116,112,228,120.76,114.75,235.5,6.5,203
1997,8-Nov,07:30PM,Sat,Washington,29,31,60,25,21,0,46,106,YES,0,3,NO,Miami,31,23,54,31,29,0,60,114,NO,2,0,YES,114,106,220,118.76,108.75,227.5,-3.5,191
1997,8-Nov,07:30PM,Sat,Toronto,25,20,45,19,23,0,42,87,YES,1,1,YES,Orlando,24,30,54,23,19,0,42,96,NO,3,0,YES,99,84,183,103.76,86.75,190.5,-4.5,193
1997,8-Nov,06:30PM,Sat,Utah,20,15,35,20,25,0,45,80,NO,0,3,YES,San Antonio,20,14,34,18,35,0,53,87,YES,1,2,NO,69,98,167,73.76,100.75,174.5,-7,179
1997,8-Nov,05:00PM,Sat,Minnesota,30,28,58,17,22,0,39,97,NO,0,2,YES,Golden State,24,17,41,27,22,0,49,90,YES,0,2,YES,99,88,187,103.76,90.75,194.5,4.5,206.5
1997,8-Nov,07:00PM,Sat,Boston,20,31,51,20,25,0,45,96,YES,0,3,YES,Milwaukee,25,19,44,26,35,0,61,105,YES,3,1,NO,95,106,201,99.76,108.75,208.5,-12.5,195
1997,9-Nov,06:00PM,Sun,Seattle,24,34,58,30,24,0,54,112,NO,1,1,NO,Philadelphia,26,31,57,20,28,0,48,105,YES,2,2,YES,115,102,217,119.76,104.75,224.5,7,195
1997,9-Nov,03:00PM,Sun,New York,29,17,46,21,11,0,32,78,NO,1,1,YES,Sacramento,21,22,43,20,23,0,43,86,YES,1,1,NO,89,75,164,93.76,77.75,171.5,8,182
1997,9-Nov,06:00PM,Sun,Detroit,21,24,45,18,25,8,43,88,YES,1,0,NO,Vancouver,23,27,50,17,21,16,38,88,NO,1,1,NO,95,81,176,99.76,83.75,183.5,7,176
1997,9-Nov,03:30PM,Sun,Golden State,26,20,46,22,29,0,51,97,YES,0,2,YES,LAL,29,32,61,31,40,0,71,132,YES,1,1,NO,107,122,229,111.76,124.75,236.5,-15,203.5
1997,10-Nov,04:00PM,Mon,Detroit,27,20,47,15,20,0,35,82,NO,0,1,NO,Portland,20,15,35,25,26,0,51,86,NO,3,1,YES,82,86,168,86.76,88.75,175.5,-7,177.5
1997,10-Nov,07:00PM,Mon,San Antonio,26,29,55,26,19,0,45,100,YES,1,0,NO,Toronto,36,22,58,29,11,0,40,98,NO,1,1,YES,113,85,198,117.76,87.75,205.5,5,185
1997,11-Nov,06:00PM,Tue,San Antonio,19,19,38,25,30,0,55,93,NO,0,1,YES,Minnesota,22,23,45,23,24,0,47,92,NO,1,2,YES,83,102,185,87.76,104.75,192.5,-2,190
1997,11-Nov,07:00PM,Tue,LAC,30,32,62,30,21,0,51,113,YES,2,1,YES,Vancouver,28,24,52,30,37,0,67,119,YES,0,1,NO,114,118,232,118.76,120.75,239.5,-2.5,189
1997,11-Nov,07:30PM,Tue,Seattle,28,19,47,25,15,0,40,87,NO,1,1,YES,Atlanta,20,22,42,27,20,0,47,89,YES,0,2,YES,89,87,176,93.76,89.75,183.5,-2.5,184
1997,11-Nov,07:30PM,Tue,Chicago,23,15,38,25,17,0,42,80,YES,2,0,YES,Cleveland,27,25,52,29,20,0,49,101,YES,1,2,NO,90,91,181,94.76,93.75,188.5,4.5,176
1997,11-Nov,06:30PM,Tue,LAL,27,30,57,33,28,0,61,118,YES,1,1,NO,Dallas,21,22,43,28,25,0,53,96,NO,1,2,NO,100,114,214,104.76,116.75,221.5,8.5,193
1997,11-Nov,07:30PM,Tue,Sacramento,17,22,39,19,24,0,43,82,YES,1,0,NO,Miami,26,32,58,13,30,0,43,101,YES,2,2,NO,97,86,183,101.76,88.75,190.5,-10.5,189
1997,11-Nov,07:30PM,Tue,Denver,24,23,47,20,23,0,43,90,YES,3,0,NO,New York,21,29,50,27,16,0,43,93,YES,0,1,YES,97,86,183,101.76,88.75,190.5,-15.5,185
1997,12-Nov,07:00PM,Wed,Denver,24,27,51,19,16,0,35,86,NO,0,1,NO,Boston,20,23,43,29,24,0,53,96,NO,1,3,YES,94,88,182,98.76,90.75,189.5,-5,196.5
1997,12-Nov,07:00PM,Wed,Atlanta,24,22,46,19,24,0,43,89,YES,0,1,YES,Indiana,22,15,37,28,21,0,49,86,NO,1,3,YES,83,92,175,87.76,94.75,182.5,-3,178.5
1997,12-Nov,04:00PM,Wed,Milwaukee,25,18,43,24,28,0,52,95,YES,3,0,NO,Phoenix,22,26,48,30,25,0,55,103,YES,1,3,YES,91,107,198,95.76,109.75,205.5,-6.5,205.5
1997,12-Nov,05:00PM,Wed,Vancouver,21,12,33,24,23,0,47,80,YES,0,2,YES,Utah,24,29,53,25,20,0,45,98,NO,1,3,YES,86,92,178,90.76,94.75,185.5,-12,185
1997,12-Nov,06:30PM,Wed,Washington,26,24,50,15,25,0,40,90,NO,3,0,NO,Chicago,30,23,53,16,14,0,30,83,NO,1,0,YES,103,70,173,107.76,72.75,180.5,-6.5,184
1997,12-Nov,04:30PM,Wed,Detroit,21,18,39,34,29,0,63,102,NO,1,0,NO,Golden State,21,14,35,20,16,0,36,71,NO,2,2,YES,74,99,173,78.76,101.75,180.5,7,183.5
1997,12-Nov,06:30PM,Wed,Philadelphia,27,28,55,27,32,0,59,114,YES,2,0,NO,Houston,24,29,53,33,14,0,47,100,NO,1,4,NO,108,106,214,112.76,108.75,221.5,-9.5,204
1997,12-Nov,07:30PM,Wed,Sacramento,26,32,58,29,28,0,57,115,NO,0,1,NO,Orlando,23,24,47,17,25,0,42,89,NO,1,3,NO,105,99,204,109.76,101.75,211.5,-12,187.5
1997,12-Nov,08:00PM,Wed,New York,26,24,50,22,21,0,43,93,YES,0,2,YES,Toronto,19,16,35,18,17,0,35,70,YES,1,1,NO,85,78,163,89.76,80.75,170.5,4.5,187
1997,13-Nov,06:00PM,Thu,Washington,23,23,46,21,15,9,36,82,NO,0,1,YES,Minnesota,28,18,46,18,18,6,36,82,YES,1,1,NO,92,72,164,96.76,74.75,171.5,-3,203
1997,13-Nov,07:00PM,Thu,Detroit,13,29,42,20,27,0,47,89,NO,0,1,YES,Seattle,25,19,44,23,28,0,51,95,YES,0,1,YES,86,98,184,90.76,100.75,191.5,-8.5,179
1997,13-Nov,06:30PM,Thu,Philadelphia,27,17,44,25,30,0,55,99,NO,0,1,YES,Dallas,24,24,48,23,27,0,50,98,NO,1,1,NO,92,105,197,96.76,107.75,204.5,-1,193
1997,13-Nov,04:30PM,Thu,Milwaukee,26,32,58,22,22,0,44,102,NO,0,1,NO,LAC,22,18,40,31,23,0,54,94,YES,1,1,YES,98,98,196,102.76,100.75,203.5,4.5,199
1997,13-Nov,07:30PM,Thu,Cleveland,21,22,43,19,23,0,42,85,YES,1,1,NO,New Jersey,25,14,39,12,23,0,35,74,YES,1,4,YES,82,77,159,86.76,79.75,166.5,-2.5,188
1997,13-Nov,06:30PM,Thu,LAL,28,23,51,20,25,13,45,96,NO,1,0,NO,San Antonio,24,26,50,28,18,4,46,96,NO,1,1,YES,101,91,192,105.76,93.75,199.5,-1,187
1997,14-Nov,07:00PM,Fri,Toronto,31,24,55,17,27,0,44,99,YES,1,0,YES,Boston,31,22,53,24,26,0,50,103,YES,0,1,NO,108,94,202,112.76,96.75,209.5,2.5,195
1997,14-Nov,06:00PM,Fri,LAL,23,30,53,16,22,22,38,91,NO,0,1,YES,Houston,20,18,38,22,31,12,53,91,YES,1,1,NO,91,91,182,95.76,93.75,189.5,-2,200
1997,14-Nov,07:00PM,Fri,Miami,20,18,38,12,28,0,40,78,YES,2,0,YES,Indiana,28,15,43,22,17,0,39,82,YES,0,1,NO,81,79,160,85.76,81.75,167.5,-3.5,183.5
1997,14-Nov,04:00PM,Fri,Phoenix,21,27,48,22,28,31,50,98,YES,1,1,YES,Portland,29,21,50,22,26,31,48,98,YES,0,3,NO,98,98,196,102.76,100.75,203.5,-4,193.5
1997,14-Nov,05:00PM,Fri,Seattle,22,22,44,25,35,0,60,104,YES,0,1,YES,Utah,31,26,57,24,29,0,53,110,YES,0,1,NO,101,113,214,105.76,115.75,221.5,-2.5,183.5
1997,14-Nov,07:30PM,Fri,Sacramento,16,21,37,25,41,0,66,103,NO,1,0,NO,Atlanta,22,28,50,24,30,0,54,104,NO,1,1,YES,87,120,207,91.76,122.75,214.5,-12.5,181
1997,14-Nov,06:30PM,Fri,Charlotte,25,20,45,19,28,0,47,92,YES,5,0,YES,Chicago,35,22,57,26,22,0,48,105,NO,0,1,NO,102,95,197,106.76,97.75,204.5,-4.5,186
1997,14-Nov,07:30PM,Fri,Denver,18,21,39,18,28,0,46,85,NO,1,0,NO,Orlando,30,23,53,31,19,0,50,103,YES,0,1,NO,92,96,188,96.76,98.75,195.5,-12,192
1997,15-Nov,06:00PM,Sat,Indiana,26,23,49,26,30,0,56,105,YES,0,4,NO,Toronto,20,24,44,17,16,0,33,77,NO,2,0,YES,93,89,182,97.76,91.75,189.5,2.5,183
1997,15-Nov,04:00PM,Sat,Portland,27,25,52,28,19,0,47,99,YES,0,1,YES,Golden State,25,29,54,17,16,0,33,87,YES,3,2,NO,106,80,186,110.76,82.75,193.5,7,189
1997,15-Nov,07:00PM,Sat,Milwaukee,32,31,63,23,8,0,31,94,NO,1,0,NO,Vancouver,25,36,61,24,24,0,48,109,YES,0,2,YES,124,79,203,128.76,81.75,210.5,6,190
1997,15-Nov,07:30PM,Sat,LAC,30,20,50,24,22,0,46,96,YES,1,0,NO,Charlotte,41,21,62,36,32,0,68,130,NO,3,0,YES,112,114,226,116.76,116.75,233.5,-10,205
1997,15-Nov,06:30PM,Sat,Cleveland,12,18,30,21,19,0,40,70,NO,1,0,YES,Chicago,16,24,40,24,15,0,39,79,YES,4,0,NO,70,79,149,74.76,81.75,156.5,-7,175.5
1997,15-Nov,06:30PM,Sat,Utah,22,19,41,23,21,0,44,85,YES,0,2,YES,Dallas,17,19,36,19,22,0,41,77,YES,1,1,NO,77,85,162,81.76,87.75,169.5,4,182
1997,15-Nov,07:30PM,Sat,New Jersey,23,26,49,18,12,9,30,79,YES,1,0,NO,Detroit,21,22,43,13,23,17,36,79,YES,2,1,YES,92,66,158,96.76,68.75,165.5,-8,180
1997,15-Nov,07:30PM,Sat,Denver,21,23,44,20,29,0,49,93,NO,0,2,YES,Miami,20,24,44,32,20,0,52,96,NO,3,0,YES,88,101,189,92.76,103.75,196.5,-13,191
1997,15-Nov,07:30PM,Sat,Sacramento,27,19,46,13,28,0,41,87,NO,0,2,YES,New York,29,23,52,32,30,0,62,114,YES,2,2,YES,98,103,201,102.76,105.75,208.5,-13.5,186.5
1997,15-Nov,07:30PM,Sat,Boston,27,18,45,26,36,0,62,107,YES,0,2,NO,Philadelphia,20,26,46,27,28,0,55,101,NO,3,1,YES,91,117,208,95.76,119.75,215.5,-7.5,198
1997,15-Nov,06:30PM,Sat,Minnesota,33,28,61,24,20,0,44,105,YES,1,2,NO,San Antonio,26,22,48,21,25,0,46,94,NO,3,1,NO,109,90,199,113.76,92.75,206.5,-7,187
1997,15-Nov,07:30PM,Sat,Orlando,25,21,46,23,33,0,56,102,YES,0,2,YES,Washington,29,18,47,14,30,0,44,91,YES,2,1,YES,93,100,193,97.76,102.75,200.5,0,0
1997,16-Nov,06:00PM,Sun,LAC,17,22,39,29,15,0,44,83,NO,0,1,NO,Atlanta,23,22,45,18,26,0,44,89,NO,1,1,NO,84,88,172,88.76,90.75,179.5,-13,192
1997,16-Nov,06:00PM,Sun,New Jersey,13,27,40,12,25,0,37,77,NO,0,2,YES,Cleveland,14,21,35,21,16,0,37,72,NO,2,0,YES,75,74,149,79.76,76.75,156.5,-7.5,177
1997,16-Nov,03:00PM,Sun,Houston,22,28,50,20,24,0,44,94,YES,1,1,YES,Phoenix,23,13,36,28,32,0,60,96,NO,1,1,YES,86,104,190,90.76,106.75,197.5,-2,202
1997,16-Nov,06:00PM,Sun,Milwaukee,22,21,43,36,20,0,56,99,NO,0,1,YES,Seattle,33,35,68,29,22,0,51,119,NO,2,1,YES,111,107,218,115.76,109.75,225.5,-9,197
1997,16-Nov,03:30PM,Sun,Vancouver,23,20,43,29,23,0,52,95,YES,0,1,NO,LAL,38,26,64,39,18,0,57,121,YES,1,1,YES,107,109,216,111.76,111.75,223.5,-14.5,0
1997,17-Nov,04:00PM,Mon,Dallas,10,28,38,18,19,0,37,75,YES,1,0,NO,Portland,28,33,61,28,31,0,59,120,YES,1,1,YES,99,96,195,103.76,98.75,202.5,-10,185
1997,18-Nov,05:00PM,Tue,Vancouver,19,33,52,19,29,0,48,100,NO,1,0,NO,Denver,22,21,43,21,23,0,44,87,YES,2,2,YES,95,92,187,99.76,94.75,194.5,-4,192
1997,18-Nov,06:00PM,Tue,New York,25,17,42,19,23,0,42,84,YES,2,1,NO,Houston,26,22,48,12,35,0,47,95,NO,1,1,YES,90,89,179,94.76,91.75,186.5,1.5,181
1997,18-Nov,04:00PM,Tue,Minnesota,28,16,44,31,33,0,64,108,NO,2,0,NO,Phoenix,22,28,50,22,18,0,40,90,NO,1,1,NO,94,104,198,98.76,106.75,205.5,-6,204
1997,18-Nov,05:00PM,Tue,LAL,29,18,47,23,27,0,50,97,YES,1,0,YES,Utah,31,22,53,25,14,0,39,92,YES,1,2,YES,100,89,189,104.76,91.75,196.5,1.5,190
1997,18-Nov,07:00PM,Tue,Boston,35,24,59,32,31,0,63,122,NO,2,0,NO,Toronto,16,22,38,35,36,0,71,109,YES,1,2,NO,97,134,231,101.76,136.75,238.5,-5.5,198
1997,18-Nov,07:30PM,Tue,Washington,18,26,44,26,19,0,45,89,YES,2,0,NO,Atlanta,19,20,39,23,27,9,50,89,NO,1,1,NO,83,95,178,87.76,97.75,185.5,0,0
1997,18-Nov,06:30PM,Tue,Detroit,13,16,29,21,29,0,50,79,YES,2,1,YES,Milwaukee,14,17,31,25,31,0,56,87,NO,1,1,YES,60,106,166,64.76,108.75,173.5,0,0
1997,18-Nov,07:30PM,Tue,LAC,36,20,56,21,17,0,38,94,NO,1,0,NO,Orlando,29,33,62,29,21,0,50,112,YES,0,2,YES,118,88,206,122.76,90.75,213.5,0,0
1997,18-Nov,04:30PM,Tue,Dallas,22,31,53,22,20,0,42,95,NO,0,1,YES,Sacramento,22,31,53,24,25,0,49,102,NO,1,2,YES,106,91,197,110.76,93.75,204.5,-4.5,185
1997,19-Nov,07:00PM,Wed,Vancouver,15,25,40,27,20,0,47,87,NO,0,1,YES,Seattle,38,18,56,22,29,0,51,107,NO,1,2,NO,96,98,194,100.76,100.75,201.5,,
1997,19-Nov,07:30PM,Wed,Portland,17,34,51,20,21,0,41,92,YES,1,0,NO,Charlotte,28,24,52,27,27,0,54,106,NO,1,3,NO,103,95,198,107.76,97.75,205.5,-2,191.5
1997,19-Nov,04:30PM,Wed,Minnesota,23,26,49,23,21,0,44,93,NO,0,1,YES,LAL,21,38,59,25,34,0,59,118,NO,3,0,YES,108,103,211,112.76,105.75,218.5,-7.5,207
1997,19-Nov,07:30PM,Wed,LAC,20,35,55,30,28,0,58,113,NO,0,1,YES,Miami,45,30,75,29,18,0,47,122,YES,1,3,NO,130,105,235,134.76,107.75,242.5,-12,198
1997,19-Nov,07:30PM,Wed,Boston,30,26,56,25,19,0,44,100,NO,0,1,YES,New Jersey,26,26,52,32,24,0,56,108,YES,1,2,YES,108,100,208,112.76,102.75,215.5,-7,201.5
1997,19-Nov,07:30PM,Wed,Washington,21,14,35,23,28,0,51,86,NO,0,1,YES,Philadelphia,21,28,49,25,23,0,48,97,NO,2,3,NO,84,99,183,88.76,101.75,190.5,-3,0
1997,19-Nov,06:30PM,Wed,Golden State,20,20,40,23,24,0,47,87,YES,3,0,NO,San Antonio,28,25,53,29,26,0,55,108,YES,1,3,NO,93,102,195,97.76,104.75,202.5,-14.5,189
1997,19-Nov,08:00PM,Wed,Orlando,20,22,42,14,31,9,45,87,YES,0,2,NO,Cleveland,22,28,50,21,16,6,37,87,YES,1,2,NO,92,82,174,96.76,84.75,181.5,-5.5,178
1997,20-Nov,04:00PM,Thu,Chicago,23,22,45,21,19,0,40,85,YES,4,0,NO,Phoenix,22,30,52,13,24,0,37,89,NO,5,1,NO,97,77,174,101.76,79.75,181.5,0,190
1997,20-Nov,07:30PM,Thu,New York,24,24,48,25,27,0,52,100,NO,1,0,NO,Atlanta,23,12,35,21,23,0,44,79,YES,1,1,NO,83,96,179,87.76,98.75,186.5,1,173
1997,20-Nov,06:30PM,Thu,Golden State,25,27,52,24,15,10,39,91,NO,0,1,NO,Dallas,18,28,46,19,26,6,45,91,NO,1,1,YES,98,84,182,102.76,86.75,189.5,-7.5,194
1997,20-Nov,07:30PM,Thu,Portland,23,30,53,17,23,0,40,93,NO,0,1,NO,Detroit,12,24,36,26,25,0,51,87,NO,1,1,YES,89,91,180,93.76,93.75,187.5,-1.5,175
1997,20-Nov,06:30PM,Thu,Toronto,28,18,46,20,31,0,51,97,YES,1,1,NO,Houston,32,34,66,31,30,0,61,127,NO,1,1,NO,112,112,224,116.76,114.75,231.5,-10,197.5
1997,20-Nov,06:30PM,Thu,Indiana,26,22,48,32,29,0,61,109,NO,4,1,YES,Milwaukee,20,15,35,23,25,0,48,83,YES,1,1,NO,83,109,192,87.76,111.75,199.5,-2,183
1997,20-Nov,04:30PM,Thu,Utah,18,16,34,35,26,0,61,95,YES,1,1,YES,Sacramento,32,18,50,25,22,0,47,97,NO,2,1,NO,84,108,192,88.76,110.75,199.5,5.5,187
1997,21-Nov,06:00PM,Fri,Cleveland,27,26,53,28,22,0,50,103,YES,1,0,YES,Minnesota,21,22,43,13,24,0,37,80,YES,2,1,YES,96,87,183,100.76,89.75,190.5,-4,186
1997,21-Nov,07:00PM,Fri,San Antonio,16,21,37,14,23,0,37,74,YES,1,0,NO,Seattle,36,24,60,18,16,0,34,94,YES,0,1,NO,97,71,168,101.76,73.75,175.5,-4.5,188
1997,21-Nov,07:00PM,Fri,Denver,33,26,59,25,12,0,37,96,YES,2,0,YES,Vancouver,28,20,48,29,22,0,51,99,YES,1,1,YES,107,88,195,111.76,90.75,202.5,-4.5,192
1997,21-Nov,07:30PM,Fri,Miami,32,24,56,27,19,0,46,102,YES,1,0,YES,Charlotte,28,26,54,25,40,0,65,119,YES,0,1,NO,110,111,221,114.76,113.75,228.5,-4.5,195
1997,21-Nov,04:30PM,Fri,Chicago,14,27,41,29,22,19,51,92,NO,0,1,NO,LAC,27,15,42,28,22,10,50,92,YES,1,1,YES,83,101,184,87.76,103.75,191.5,9,189
1997,21-Nov,07:30PM,Fri,New York,27,33,60,18,26,0,44,104,NO,0,1,YES,Washington,25,16,41,25,16,0,41,82,YES,0,1,YES,101,85,186,105.76,87.75,193.5,1.5,183
1997,21-Nov,08:00PM,Fri,New Jersey,21,26,47,15,31,0,46,93,YES,1,0,YES,Boston,10,37,47,26,28,0,54,101,NO,1,1,YES,94,100,194,98.76,102.75,201.5,1.5,202
1997,22-Nov,01:00PM,Sat,Orlando,30,32,62,25,21,0,46,108,NO,2,1,YES,Philadelphia,25,16,41,20,33,0,53,94,NO,3,2,NO,103,99,202,107.76,101.75,209.5,0,192
1997,22-Nov,05:00PM,Sat,Seattle,27,17,44,22,18,0,40,84,YES,0,2,YES,Denver,26,21,47,20,13,0,33,80,YES,2,0,YES,91,73,164,95.76,75.75,171.5,11,201
1997,22-Nov,07:00PM,Sat,Charlotte,30,27,57,18,20,0,38,95,YES,0,2,YES,Indiana,18,27,45,20,29,0,49,94,NO,4,1,YES,102,87,189,106.76,89.75,196.5,-5,189
1997,22-Nov,05:00PM,Sat,San Antonio,12,23,35,18,21,0,39,74,NO,0,2,NO,Utah,32,26,58,24,21,0,45,103,NO,1,1,YES,93,84,177,97.76,86.75,184.5,-4,177
1997,22-Nov,07:30PM,Sat,Washington,24,30,54,15,32,0,47,101,YES,0,1,NO,Cleveland,32,25,57,23,30,0,53,110,YES,3,0,YES,111,100,211,115.76,102.75,218.5,-3,182
1997,22-Nov,06:30PM,Sat,Milwaukee,24,22,46,17,20,0,37,83,YES,1,3,YES,Dallas,13,19,32,15,15,0,30,62,NO,2,1,NO,78,67,145,82.76,69.75,152.5,6,189
1997,22-Nov,07:30PM,Sat,Atlanta,25,12,37,21,27,0,48,85,YES,1,3,NO,Detroit,26,18,44,14,29,0,43,87,YES,0,1,NO,81,91,172,85.76,93.75,179.5,0,0
1997,22-Nov,06:30PM,Sat,Golden State,25,15,40,18,26,0,44,84,NO,1,2,YES,Houston,25,18,43,19,28,0,47,90,YES,5,1,NO,83,91,174,87.76,93.75,181.5,-14.5,205
1997,22-Nov,07:30PM,Sat,Toronto,29,22,51,22,31,0,53,104,NO,1,1,YES,Miami,26,20,46,24,38,0,62,108,NO,2,0,YES,97,115,212,101.76,117.75,219.5,-11.5,205
1997,22-Nov,08:00PM,Sat,Portland,19,15,34,30,23,0,53,87,NO,1,1,NO,New Jersey,23,22,45,22,26,0,48,93,YES,2,0,YES,79,101,180,83.76,103.75,187.5,3.5,189
1997,23-Nov,03:00PM,Sun,Chicago,28,33,61,15,27,0,42,103,NO,1,1,NO,Sacramento,21,21,42,28,18,0,46,88,NO,1,2,NO,103,88,191,107.76,90.75,198.5,7.5,183
1997,23-Nov,03:30PM,Sun,LAC,24,23,47,27,28,0,55,102,YES,1,2,YES,LAL,31,24,55,29,35,0,64,119,YES,1,3,NO,102,119,221,106.76,121.75,228.5,-10,208
1997,23-Nov,07:00PM,Sun,Detroit,23,14,37,24,25,0,49,86,YES,0,1,NO,Boston,19,17,36,30,24,0,54,90,NO,2,1,NO,73,103,176,77.76,105.75,183.5,5,185
1997,23-Nov,08:00PM,Sun,Vancouver,26,22,48,17,19,0,36,84,YES,1,2,NO,New York,26,25,51,32,21,0,53,104,YES,4,1,YES,99,89,188,103.76,91.75,195.5,-14,184
1997,24-Nov,05:00PM,Mon,Minnesota,19,21,40,35,39,10,74,114,YES,2,1,YES,Utah,29,35,64,32,18,19,50,114,NO,3,1,NO,104,124,228,108.76,126.75,235.5,-7,193
1997,24-Nov,07:00PM,Mon,Portland,23,20,43,27,21,0,48,91,NO,1,1,NO,Toronto,22,25,47,26,17,0,43,90,NO,1,1,YES,90,91,181,94.76,93.75,188.5,8,0
1997,24-Nov,07:30PM,Mon,Washington,27,22,49,14,24,0,38,87,NO,1,1,NO,Orlando,33,16,49,13,33,0,46,95,NO,1,1,YES,98,84,182,102.76,86.75,189.5,0,0
1997,25-Nov,07:00PM,Tue,Chicago,16,23,39,27,24,0,51,90,NO,1,2,NO,Seattle,27,21,48,15,28,0,43,91,NO,2,2,YES,87,94,181,91.76,96.75,188.5,-5,183
1997,25-Nov,07:30PM,Tue,Detroit,16,22,38,19,28,0,47,85,NO,1,2,YES,Charlotte,24,22,46,24,20,0,44,90,NO,2,2,YES,84,91,175,88.76,93.75,182.5,-5.5,185.5
1997,25-Nov,06:30PM,Tue,San Antonio,40,24,64,19,19,0,38,102,NO,2,0,YES,Dallas,17,23,40,35,16,0,51,91,NO,2,2,NO,104,89,193,108.76,91.75,200.5,8.5,179
1997,25-Nov,04:30PM,Tue,New Jersey,28,24,52,21,28,0,49,101,YES,2,0,NO,Golden State,17,26,43,28,16,0,44,87,YES,2,2,YES,95,93,188,99.76,95.75,195.5,6,194
1997,25-Nov,04:30PM,Tue,Denver,27,20,47,20,26,0,46,93,YES,2,2,YES,Sacramento,27,25,52,23,22,0,45,97,YES,0,1,NO,99,91,190,103.76,93.75,197.5,-7,195
1997,25-Nov,08:00PM,Tue,LAL,22,29,51,15,20,0,35,86,YES,1,0,NO,Miami,23,26,49,25,29,0,54,103,YES,0,2,NO,100,89,189,104.76,91.75,196.5,-1,202
1997,26-Nov,07:00PM,Wed,LAL,21,31,52,39,27,0,66,118,NO,0,1,NO,Boston,23,30,53,24,26,0,50,103,NO,1,2,NO,105,116,221,109.76,118.75,228.5,6,205
1997,26-Nov,06:00PM,Wed,Portland,25,26,51,18,27,0,45,96,NO,1,1,YES,Minnesota,16,23,39,19,32,0,51,90,YES,1,1,YES,90,96,186,94.76,98.75,193.5,-2,194
1997,26-Nov,04:00PM,Wed,New Jersey,18,24,42,37,20,0,57,99,NO,0,1,NO,Phoenix,29,29,58,28,25,0,53,111,YES,1,5,NO,100,110,210,104.76,112.75,217.5,-7.5,199
1997,26-Nov,07:00PM,Wed,Atlanta,21,23,44,20,21,24,41,85,NO,3,2,YES,Toronto,19,28,47,19,19,19,38,85,YES,1,1,NO,91,79,170,95.76,81.75,177.5,0,0
1997,26-Nov,04:30PM,Wed,Sacramento,21,19,40,27,30,0,57,97,YES,0,1,NO,LAC,29,29,58,16,25,0,41,99,NO,1,2,YES,98,98,196,102.76,100.75,203.5,-3,203
1997,26-Nov,06:30PM,Wed,Vancouver,22,15,37,22,23,0,45,82,NO,2,0,NO,Milwaukee,17,21,38,33,30,0,63,101,YES,1,3,YES,75,108,183,79.76,110.75,190.5,-9.5,192
1997,26-Nov,07:30PM,Wed,Cleveland,22,21,43,28,24,0,52,95,YES,3,1,NO,Philadelphia,30,16,46,21,22,0,43,89,NO,1,3,NO,89,95,184,93.76,97.75,191.5,3.5,187
1997,26-Nov,06:30PM,Wed,Washington,25,23,48,27,23,0,50,98,NO,1,2,YES,San Antonio,16,23,39,24,31,0,55,94,NO,2,0,YES,87,105,192,91.76,107.75,199.5,-6.5,183
1997,26-Nov,08:00PM,Wed,Miami,23,33,56,16,12,0,28,84,YES,0,2,YES,Orlando,19,12,31,17,12,0,29,60,NO,1,1,NO,87,57,144,91.76,59.75,151.5,-4.5,189.5
1997,27-Nov,07:00PM,Thu,Vancouver,18,32,50,12,23,0,35,85,NO,0,1,NO,Indiana,27,28,55,31,20,0,51,106,NO,0,4,NO,105,86,191,109.76,88.75,198.5,-12,186
1997,28-Nov,07:00PM,Fri,Phoenix,22,27,49,30,21,12,51,100,YES,1,0,NO,Boston,27,23,50,23,27,8,50,100,YES,0,1,NO,99,101,200,103.76,103.75,207.5,7.5,208
1997,28-Nov,05:00PM,Fri,Minnesota,20,21,41,16,27,0,43,84,YES,1,0,YES,Denver,17,19,36,30,29,0,59,95,YES,3,2,YES,77,102,179,81.76,104.75,186.5,6,201
1997,28-Nov,04:00PM,Fri,Houston,19,28,47,26,25,0,51,98,YES,5,0,NO,Portland,23,23,46,25,18,0,43,89,NO,3,1,YES,93,94,187,97.76,96.75,194.5,0,0
1997,28-Nov,07:00PM,Fri,Sacramento,31,23,54,18,24,0,42,96,NO,1,1,YES,Seattle,27,29,56,35,22,0,57,113,NO,1,2,NO,110,99,209,114.76,101.75,216.5,-14.5,199
1997,28-Nov,05:00PM,Fri,Golden State,21,10,31,35,16,0,51,82,YES,2,0,YES,Utah,37,22,59,29,23,0,52,111,YES,0,3,NO,90,103,193,94.76,105.75,200.5,-17.5,195
1997,28-Nov,07:30PM,Fri,Cleveland,30,18,48,23,26,0,49,97,NO,1,0,YES,Charlotte,19,30,49,18,24,0,42,91,YES,0,2,NO,97,91,188,101.76,93.75,195.5,-6.5,0
1997,28-Nov,06:30PM,Fri,Toronto,24,20,44,31,16,0,47,91,YES,1,1,NO,Dallas,21,21,42,31,20,0,51,93,YES,0,2,NO,86,98,184,90.76,100.75,191.5,0,0
1997,28-Nov,07:30PM,Fri,Chicago,20,22,42,22,19,0,41,83,NO,2,0,NO,Indiana,15,26,41,28,25,0,53,94,NO,1,0,NO,83,94,177,87.76,96.75,184.5,0,174
1997,28-Nov,04:30PM,Fri,New Jersey,27,29,56,19,29,0,48,104,NO,1,1,NO,LAC,27,23,50,21,21,0,42,92,NO,0,1,NO,106,90,196,110.76,92.75,203.5,4,200
1997,28-Nov,07:30PM,Fri,Milwaukee,20,26,46,28,16,0,44,90,YES,1,0,NO,Orlando,28,26,54,22,18,0,40,94,YES,1,1,NO,100,84,184,104.76,86.75,191.5,-3,186
1997,28-Nov,07:30PM,Fri,LAL,26,26,52,16,27,0,43,95,NO,1,1,YES,Philadelphia,26,25,51,24,30,0,54,105,YES,1,1,NO,103,97,200,107.76,99.75,207.5,6.5,206
1997,28-Nov,08:00PM,Fri,New York,28,18,46,20,12,0,32,78,YES,4,0,YES,Detroit,19,18,37,26,23,0,49,86,NO,1,2,YES,83,81,164,87.76,83.75,171.5,-1.5,171
1997,29-Nov,06:00PM,Sat,Vancouver,10,20,30,32,25,0,57,87,NO,1,0,NO,Minnesota,28,34,62,16,28,0,44,106,NO,3,0,YES,92,101,193,96.76,103.75,200.5,-10,192
1997,29-Nov,07:30PM,Sat,Charlotte,14,20,34,24,22,0,46,80,YES,0,2,YES,Atlanta,24,20,44,27,27,0,54,98,NO,0,2,YES,78,100,178,82.76,102.75,185.5,-3.5,184
1997,29-Nov,07:30PM,Sat,Boston,31,17,48,21,28,0,49,97,YES,0,3,YES,Cleveland,26,24,50,22,31,0,53,103,YES,3,0,YES,98,102,200,102.76,104.75,207.5,-8.5,190
1997,29-Nov,04:30PM,Sat,Houston,21,26,47,26,34,0,60,107,NO,0,2,YES,Golden State,25,28,53,14,33,0,47,100,NO,3,0,YES,100,107,207,104.76,109.75,214.5,10,195
1997,29-Nov,04:30PM,Sat,Utah,25,23,48,22,24,0,46,94,YES,0,1,YES,LAC,26,23,49,21,21,0,42,91,NO,4,0,NO,97,88,185,101.76,90.75,192.5,8,194.5
1997,29-Nov,07:30PM,Sat,Milwaukee,26,23,49,19,25,0,44,93,NO,0,2,YES,Miami,38,20,58,16,13,0,29,87,NO,3,2,YES,107,73,180,111.76,75.75,187.5,-6,191
1997,29-Nov,07:30PM,Sat,Phoenix,10,17,27,24,29,0,53,80,NO,0,2,NO,New York,23,26,49,20,33,0,53,102,YES,2,0,YES,76,106,182,80.76,108.75,189.5,-4,188
1997,29-Nov,06:30PM,Sat,Dallas,19,22,41,18,28,0,46,87,YES,0,2,YES,San Antonio,21,20,41,31,24,0,55,96,YES,0,2,NO,82,101,183,86.76,103.75,190.5,-15,185.5
1997,29-Nov,07:30PM,Sat,Chicago,18,31,49,21,18,0,39,88,NO,0,3,NO,Washington,33,14,47,19,17,0,36,83,NO,2,2,YES,96,75,171,100.76,77.75,178.5,-1,181
1997,30-Nov,05:00PM,Sun,Philadelphia,18,15,33,24,32,0,56,89,YES,1,2,NO,Indiana,30,14,44,33,24,0,57,101,YES,2,1,NO,77,113,190,81.76,115.75,197.5,-9,190.5
1997,30-Nov,05:00PM,Sun,Orlando,14,22,36,21,24,0,45,81,YES,1,1,NO,Seattle,23,26,49,29,25,0,54,103,YES,1,1,NO,85,99,184,89.76,101.75,191.5,-9.5,189
1997,30-Nov,06:00PM,Sun,San Antonio,18,27,45,22,29,0,51,96,YES,0,1,YES,Atlanta,26,34,60,29,19,0,48,108,YES,1,0,NO,105,99,204,109.76,101.75,211.5,-3.5,174
1997,30-Nov,03:00PM,Sun,New Jersey,23,25,48,26,13,0,39,87,NO,1,0,NO,Sacramento,15,18,33,19,21,0,40,73,YES,1,1,YES,81,79,160,85.76,81.75,167.5,1,196
1997,30-Nov,03:30PM,Sun,Toronto,17,24,41,24,34,0,58,99,NO,1,2,NO,LAL,27,27,54,24,27,0,51,105,YES,2,1,YES,95,109,204,99.76,111.75,211.5,0,0
1997,30-Nov,07:00PM,Sun,Vancouver,20,33,53,26,18,0,44,97,NO,0,2,YES,Detroit,27,22,49,22,24,0,46,95,NO,2,1,NO,102,90,192,106.76,92.75,199.5,-13,180
1997,1-Dec,05:00PM,Mon,New Jersey,26,25,51,24,20,0,44,95,NO,0,1,YES,Utah,22,30,52,24,24,0,48,100,NO,1,1,YES,103,92,195,107.76,94.75,202.5,-9,190
1997,2-Dec,04:00PM,Tue,Orlando,21,24,45,22,22,0,44,89,NO,1,0,NO,Portland,17,25,42,25,21,0,46,88,NO,2,3,NO,87,90,177,91.76,92.75,184.5,0,0
1997,2-Dec,07:30PM,Tue,Sacramento,28,22,50,18,34,0,52,102,YES,1,1,NO,Charlotte,21,29,50,36,35,0,71,121,YES,1,2,YES,100,123,223,104.76,125.75,230.5,-11.5,202.5
1997,2-Dec,06:30PM,Tue,Atlanta,31,34,65,17,30,0,47,112,YES,1,1,NO,Dallas,26,23,49,17,13,0,30,79,NO,1,2,YES,114,77,191,118.76,79.75,198.5,10,180
1997,2-Dec,06:30PM,Tue,Denver,31,17,48,25,28,0,53,101,YES,3,0,YES,Houston,33,34,67,19,26,0,45,112,NO,1,2,YES,115,98,213,119.76,100.75,220.5,-11.5,195
1997,2-Dec,06:30PM,Tue,Phoenix,17,29,46,24,20,0,44,90,NO,2,0,NO,Milwaukee,29,24,53,13,20,0,33,86,NO,1,2,YES,99,77,176,103.76,79.75,183.5,1,196.5
1997,2-Dec,06:30PM,Tue,New York,21,25,46,23,15,0,38,84,YES,2,1,NO,San Antonio,25,18,43,20,27,0,47,90,YES,1,1,YES,89,85,174,93.76,87.75,181.5,1,172
1997,2-Dec,08:00PM,Tue,Seattle,25,20,45,18,15,0,33,78,YES,1,0,NO,Washington,29,22,51,23,21,0,44,95,NO,1,2,NO,96,77,173,100.76,79.75,180.5,4,193
1997,3-Dec,04:00PM,Wed,LAL,29,24,53,24,30,0,54,107,YES,2,1,YES,Denver,25,21,46,24,19,0,43,89,NO,1,0,YES,99,97,196,103.76,99.75,203.5,9.5,199
1997,3-Dec,07:00PM,Wed,Chicago,25,24,49,28,20,0,48,97,NO,3,1,YES,Boston,18,20,38,22,27,0,49,87,YES,1,3,YES,87,97,184,91.76,99.75,191.5,8,187
1997,3-Dec,06:00PM,Wed,Indiana,27,20,47,26,21,0,47,94,YES,2,1,NO,Minnesota,26,30,56,16,18,0,34,90,NO,1,3,NO,103,81,184,107.76,83.75,191.5,2,188
1997,3-Dec,05:00PM,Wed,Toronto,19,29,48,26,24,0,50,98,NO,2,1,NO,Utah,22,37,59,35,21,0,56,115,YES,1,1,NO,107,106,213,111.76,108.75,220.5,0,0
1997,3-Dec,07:00PM,Wed,Orlando,27,25,52,29,20,0,49,101,NO,0,1,NO,Vancouver,29,30,59,15,23,0,38,97,NO,1,2,YES,111,87,198,115.76,89.75,205.5,4,184.5
1997,3-Dec,07:30PM,Wed,Phoenix,23,17,40,23,24,16,47,87,NO,0,1,YES,Detroit,24,21,45,23,19,21,42,87,NO,1,2,NO,85,89,174,89.76,91.75,181.5,-4,183
1997,3-Dec,04:30PM,Wed,Cleveland,21,15,36,26,33,0,59,95,YES,3,1,NO,Golden State,23,17,40,17,10,0,27,67,NO,1,3,NO,76,86,162,80.76,88.75,169.5,11.5,183
1997,3-Dec,07:30PM,Wed,Philadelphia,17,26,43,29,18,0,47,90,NO,2,1,NO,Miami,26,23,49,23,22,0,45,94,NO,1,3,NO,92,92,184,96.76,94.75,191.5,-9,197
1997,3-Dec,07:30PM,Wed,Seattle,31,20,51,15,27,0,42,93,NO,0,1,NO,New Jersey,26,22,48,18,23,0,41,89,NO,1,1,YES,99,83,182,103.76,85.75,189.5,,
1997,4-Dec,07:00PM,Thu,Sacramento,25,23,48,20,28,0,48,96,NO,1,0,NO,Washington,32,33,65,28,25,0,53,118,NO,1,1,NO,113,101,214,117.76,103.75,221.5,-10,195
1997,4-Dec,06:30PM,Thu,New York,18,23,41,21,29,0,50,91,NO,1,1,YES,Dallas,31,14,45,29,31,0,60,105,NO,1,1,NO,86,110,196,90.76,112.75,203.5,13,182
1997,4-Dec,06:30PM,Thu,Atlanta,22,21,43,26,18,0,44,87,NO,1,4,YES,Houston,16,33,49,19,26,0,45,94,YES,1,1,NO,92,89,181,96.76,91.75,188.5,1.5,186
1997,4-Dec,04:30PM,Thu,San Antonio,29,25,54,22,11,9,33,87,YES,1,0,NO,LAC,28,20,48,21,18,13,39,87,NO,1,4,NO,102,72,174,106.76,74.75,181.5,8.5,192
1997,4-Dec,06:30PM,Thu,Charlotte,22,23,45,22,25,0,47,92,YES,1,1,NO,Milwaukee,31,14,45,31,26,0,57,102,YES,0,1,NO,90,104,194,94.76,106.75,201.5,2,192
1997,5-Dec,02:00PM,Fri,Utah,23,13,36,25,16,0,41,77,YES,1,2,YES,Portland,25,23,48,27,19,0,46,94,NO,2,2,NO,84,87,171,88.76,89.75,178.5,-3,0
1997,5-Dec,05:00PM,Fri,Indiana,23,20,43,26,27,0,53,96,NO,1,1,NO,Denver,22,26,48,18,19,0,37,85,NO,1,1,NO,91,90,181,95.76,92.75,188.5,8.5,186
1997,5-Dec,06:00PM,Fri,Sacramento,25,22,47,19,24,0,43,90,NO,0,1,YES,Minnesota,27,22,49,21,31,0,52,101,YES,0,1,NO,96,95,191,100.76,97.75,198.5,-10,204
1997,5-Dec,04:00PM,Fri,Toronto,21,22,43,27,21,0,48,91,NO,1,1,YES,Phoenix,32,18,50,28,32,0,60,110,NO,1,1,YES,93,108,201,97.76,110.75,208.5,-12,0
1997,5-Dec,07:00PM,Fri,Cleveland,27,24,51,34,22,0,56,107,NO,1,1,NO,Vancouver,26,26,52,31,15,0,46,98,YES,3,1,NO,103,102,205,107.76,104.75,212.5,5,185
1997,5-Dec,06:30PM,Fri,Milwaukee,14,22,36,9,17,0,26,62,YES,0,1,YES,Chicago,27,12,39,21,24,0,45,84,NO,3,1,YES,75,71,146,79.76,73.75,153.5,-9,178
1997,5-Dec,04:30PM,Fri,Orlando,18,29,47,21,21,0,42,89,NO,1,0,NO,Golden State,28,28,56,23,25,0,48,104,YES,1,1,NO,103,90,193,107.76,92.75,200.5,0,0
1997,5-Dec,04:30PM,Fri,San Antonio,17,26,43,22,23,0,45,88,NO,0,3,NO,LAL,24,21,45,29,24,0,53,98,NO,1,1,YES,88,98,186,92.76,100.75,193.5,-5,194
1997,5-Dec,07:30PM,Fri,Boston,24,17,41,28,28,0,56,97,YES,1,4,YES,Miami,29,30,59,32,26,0,58,117,NO,2,1,NO,100,114,214,104.76,116.75,221.5,-8,198
1997,5-Dec,07:30PM,Fri,Philadelphia,16,24,40,26,22,0,48,88,NO,1,1,YES,New Jersey,40,21,61,23,23,0,46,107,YES,2,1,NO,101,94,195,105.76,96.75,202.5,-8,196
1997,5-Dec,08:00PM,Fri,Seattle,31,27,58,17,19,0,36,94,NO,1,1,NO,Detroit,23,23,46,22,21,0,43,89,YES,1,1,NO,104,79,183,108.76,81.75,190.5,3,181
1997,6-Dec,01:00PM,Sat,Charlotte,21,23,44,17,18,0,35,79,NO,1,2,NO,New York,24,28,52,17,21,0,38,90,YES,0,1,YES,96,73,169,100.76,75.75,176.5,-4,187
1997,6-Dec,07:00PM,Sat,Minnesota,27,24,51,26,26,0,52,103,YES,0,2,YES,Washington,23,27,50,26,38,0,64,114,NO,2,1,NO,101,116,217,105.76,118.75,224.5,-6.5,199
1997,6-Dec,04:30PM,Sat,Orlando,26,13,39,26,18,0,44,83,NO,0,1,YES,LAC,24,20,44,21,14,0,35,79,YES,0,1,NO,83,79,162,87.76,81.75,169.5,0,0
1997,6-Dec,07:00PM,Sat,Houston,26,28,54,24,30,0,54,108,YES,1,2,YES,Dallas,29,24,53,25,28,0,53,106,NO,2,1,NO,107,107,214,111.76,109.75,221.5,9.5,202.5
1997,7-Dec,03:00PM,Sun,Detroit,23,25,48,18,27,0,45,93,YES,1,1,YES,Toronto,20,22,42,26,15,0,41,83,NO,1,1,YES,90,86,176,94.76,88.75,183.5,6.5,184
1997,7-Dec,05:00PM,Sun,Seattle,27,21,48,23,20,0,43,91,NO,1,1,NO,Milwaukee,18,26,44,29,24,0,53,97,YES,2,1,YES,92,96,188,96.76,98.75,195.5,4.5,186
1997,7-Dec,06:00PM,Sun,New York,20,17,37,18,23,0,41,78,YES,0,1,NO,Philadelphia,29,23,52,22,19,0,41,93,YES,0,1,YES,89,82,171,93.76,84.75,178.5,6.5,185
1997,7-Dec,03:00PM,Sun,Indiana,24,22,46,28,16,9,44,90,NO,1,0,NO,Phoenix,23,18,41,26,23,7,49,90,NO,1,1,NO,87,93,180,91.76,95.75,187.5,-5,190
1997,7-Dec,03:00PM,Sun,Golden State,19,18,37,24,23,0,47,84,YES,1,2,YES,Sacramento,23,16,39,30,30,0,60,99,NO,1,1,YES,76,107,183,80.76,109.75,190.5,-8,193
1997,7-Dec,03:30PM,Sun,Cleveland,26,22,48,28,18,0,46,94,NO,1,2,YES,LAL,15,26,41,16,27,0,43,84,YES,0,1,NO,89,89,178,93.76,91.75,185.5,-6,191
1997,7-Dec,05:00PM,Sun,LAC,24,28,52,26,14,0,40,92,YES,0,1,NO,Denver,34,17,51,19,30,0,49,100,YES,1,1,NO,103,89,192,107.76,91.75,199.5,-4.5,194
1997,8-Dec,04:00PM,Mon,LAL,17,27,44,23,32,0,55,99,YES,0,1,NO,Portland,20,31,51,27,27,0,54,105,NO,1,2,NO,95,109,204,99.76,111.75,211.5,-3.5,0
1997,8-Dec,05:00PM,Mon,Indiana,26,30,56,24,17,0,41,97,NO,0,1,NO,Utah,28,29,57,27,22,0,49,106,YES,0,2,YES,113,90,203,117.76,92.75,210.5,-8.5,189
1997,8-Dec,07:30PM,Mon,New Jersey,17,31,48,18,31,0,49,97,YES,2,0,NO,Miami,31,22,53,23,29,0,52,105,YES,0,2,NO,101,101,202,105.76,103.75,209.5,-4.5,192
1997,8-Dec,07:30PM,Mon,Philadelphia,19,21,40,23,23,0,46,86,YES,0,1,YES,Orlando,26,25,51,16,28,0,44,95,NO,1,1,YES,91,90,181,95.76,92.75,188.5,0,0
1997,9-Dec,06:00PM,Tue,New York,18,14,32,28,22,0,50,82,NO,1,1,YES,Chicago,26,18,44,30,26,0,56,100,YES,0,3,NO,76,106,182,80.76,108.75,189.5,-4.5,171
1997,9-Dec,06:00PM,Tue,Seattle,28,22,50,37,21,0,58,108,NO,1,2,YES,Minnesota,23,24,47,25,27,0,52,99,YES,1,2,YES,97,110,207,101.76,112.75,214.5,4.5,194.5
1997,9-Dec,04:00PM,Tue,Vancouver,24,20,44,17,24,0,41,85,YES,3,2,YES,Phoenix,29,21,50,26,31,0,57,107,NO,1,1,NO,94,98,192,98.76,100.75,199.5,-11,197
1997,9-Dec,07:00PM,Tue,New Jersey,24,21,45,18,36,0,54,99,NO,0,1,NO,Washington,24,29,53,28,39,0,67,120,YES,0,2,NO,98,121,219,102.76,123.75,226.5,-6.5,198
1997,9-Dec,07:00PM,Tue,Charlotte,25,24,49,19,27,0,46,95,NO,2,0,YES,Toronto,31,18,49,18,15,0,33,82,YES,0,1,NO,98,79,177,102.76,81.75,184.5,9,0
1997,9-Dec,07:30PM,Tue,Miami,21,26,47,24,26,0,50,97,YES,0,2,NO,Atlanta,17,20,37,29,15,0,44,81,YES,1,4,YES,84,94,178,88.76,96.75,185.5,-5,180
1997,9-Dec,06:30PM,Tue,LAC,27,27,54,17,28,0,45,99,NO,1,0,NO,Dallas,21,24,45,24,23,0,47,92,NO,1,2,NO,99,92,191,103.76,94.75,198.5,-2.5,206
1997,9-Dec,07:30PM,Tue,Denver,26,8,34,20,29,0,49,83,YES,1,0,NO,Detroit,20,18,38,26,28,0,54,92,NO,1,1,YES,72,103,175,76.76,105.75,182.5,-11,179
1997,9-Dec,06:30PM,Tue,San Antonio,28,14,42,21,15,0,36,78,NO,3,0,YES,Houston,33,27,60,28,20,0,48,108,YES,2,2,YES,102,84,186,106.76,86.75,193.5,-2,192
1997,9-Dec,04:30PM,Tue,Utah,21,23,44,24,33,0,57,101,YES,0,2,YES,Sacramento,32,26,58,28,27,0,55,113,YES,3,1,NO,102,112,214,106.76,114.75,221.5,6.5,191
1997,10-Dec,02:00PM,Wed,LAL,19,32,51,26,15,0,41,92,NO,1,1,YES,Golden State,19,25,44,30,19,0,49,93,YES,1,2,YES,95,90,185,99.76,92.75,192.5,13.5,195.5
1997,10-Dec,07:00PM,Wed,Milwaukee,21,18,39,20,32,0,52,91,YES,2,0,YES,Boston,26,22,48,29,19,0,48,96,NO,1,4,YES,87,100,187,91.76,102.75,194.5,4.5,197
1997,10-Dec,04:00PM,Wed,Indiana,19,19,38,30,17,0,47,85,NO,1,1,YES,Portland,30,22,52,12,29,0,41,93,YES,1,1,NO,90,88,178,94.76,90.75,185.5,-3,182
1997,10-Dec,07:30PM,Wed,Washington,30,18,48,21,32,0,53,101,YES,0,1,NO,Charlotte,31,23,54,29,21,0,50,104,NO,1,0,YES,102,103,205,106.76,105.75,212.5,-4.5,203
1997,10-Dec,07:30PM,Wed,Chicago,23,29,52,23,23,0,46,98,YES,0,1,NO,Orlando,23,24,47,24,35,0,59,106,YES,0,1,NO,99,105,204,103.76,107.75,211.5,5,173
1997,10-Dec,07:30PM,Wed,Toronto,23,34,57,23,24,0,47,104,YES,0,2,NO,Philadelphia,38,16,54,15,28,0,43,97,NO,1,1,YES,111,90,201,115.76,92.75,208.5,-7,194.5
1997,10-Dec,06:30PM,Wed,LAC,22,23,45,25,17,0,42,87,NO,0,1,YES,San Antonio,34,23,57,18,27,0,45,102,NO,2,0,YES,102,87,189,106.76,89.75,196.5,-11.5,191
1997,10-Dec,07:30PM,Wed,Denver,16,22,38,22,23,0,45,83,NO,0,1,NO,Cleveland,28,22,50,25,27,0,52,102,YES,0,2,YES,88,97,185,92.76,99.75,192.5,-12.5,183
1997,11-Dec,04:00PM,Thu,Atlanta,13,22,35,22,21,0,43,78,YES,1,0,NO,Phoenix,21,22,43,24,27,0,51,94,YES,1,1,NO,78,94,172,82.76,96.75,179.5,1,184.5
1997,11-Dec,06:30PM,Thu,Orlando,33,32,65,18,17,0,35,100,YES,0,1,NO,Dallas,20,29,49,30,11,0,41,90,YES,0,1,NO,114,76,190,118.76,78.75,197.5,1.5,194
1997,11-Dec,07:30PM,Thu,New Jersey,29,20,49,18,32,0,50,99,NO,1,1,YES,Detroit,20,26,46,23,34,0,57,103,NO,1,1,NO,95,107,202,99.76,109.75,209.5,-4.5,182
1997,11-Dec,06:30PM,Thu,Cleveland,24,19,43,18,18,0,36,79,YES,0,1,YES,Milwaukee,24,18,42,17,18,0,35,77,NO,1,0,YES,85,71,156,89.76,73.75,163.5,-1,180
1997,11-Dec,07:30PM,Thu,Minnesota,26,21,47,31,25,0,56,103,YES,1,1,YES,New York,21,25,46,29,32,0,61,107,NO,1,1,YES,93,117,210,97.76,119.75,217.5,-7,187
1997,12-Dec,07:00PM,Fri,Washington,28,29,57,21,10,0,31,88,NO,1,0,NO,Boston,26,26,52,17,28,0,45,97,YES,0,1,NO,109,76,185,113.76,78.75,192.5,4.5,205
1997,12-Dec,07:00PM,Fri,Portland,21,31,52,23,23,0,46,98,YES,1,2,YES,Seattle,34,28,62,23,26,0,49,111,NO,1,2,YES,114,95,209,118.76,97.75,216.5,-6,186
1997,12-Dec,05:00PM,Fri,Dallas,19,15,34,19,13,0,32,66,YES,0,1,NO,Utah,19,17,36,17,15,0,32,68,YES,2,2,YES,70,64,134,74.76,66.75,141.5,-17.5,203
1997,12-Dec,07:00PM,Fri,Golden State,25,23,48,15,25,0,40,88,YES,1,0,YES,Vancouver,25,22,47,26,22,0,48,95,NO,1,2,YES,95,88,183,99.76,90.75,190.5,-7,196
1997,12-Dec,07:30PM,Fri,Chicago,29,14,43,13,21,0,34,77,NO,1,0,YES,Charlotte,18,23,41,23,15,0,38,79,YES,0,1,NO,84,72,156,88.76,74.75,163.5,-1,188
1997,12-Dec,04:30PM,Fri,Atlanta,29,15,44,20,19,0,39,83,NO,0,1,NO,LAC,15,26,41,14,19,0,33,74,YES,1,1,YES,85,72,157,89.76,74.75,164.5,7,186
1997,12-Dec,04:30PM,Fri,Houston,24,27,51,21,30,0,51,102,YES,2,1,NO,LAL,23,26,49,36,34,0,70,119,NO,1,1,YES,100,121,221,104.76,123.75,228.5,-3.5,200
1997,12-Dec,07:30PM,Fri,Denver,27,23,50,19,22,0,41,91,NO,1,0,NO,Philadelphia,34,22,56,25,25,0,50,106,YES,0,1,NO,106,91,197,110.76,93.75,204.5,-6.5,190
1997,12-Dec,08:00PM,Fri,Miami,29,17,46,24,19,0,43,89,NO,2,0,NO,Indiana,24,23,47,32,25,0,57,104,NO,0,1,YES,93,100,193,97.76,102.75,200.5,-2.5,179
1997,13-Dec,07:00PM,Sat,Washington,27,26,53,20,19,0,39,92,NO,0,1,YES,Indiana,25,21,46,29,34,0,63,109,YES,1,0,NO,99,102,201,103.76,104.75,208.5,-5.5,187
1997,13-Dec,06:00PM,Sat,Phoenix,31,23,54,28,19,0,47,101,YES,1,1,NO,Minnesota,31,28,59,22,31,0,53,112,NO,2,1,YES,113,100,213,117.76,102.75,220.5,0,198
1997,13-Dec,06:30PM,Sat,Toronto,9,20,29,22,19,0,41,70,NO,2,1,YES,Chicago,24,16,40,29,28,0,57,97,NO,1,0,YES,69,98,167,73.76,100.75,174.5,-13,185
1997,13-Dec,07:30PM,Sat,Charlotte,9,29,38,26,21,0,47,85,YES,0,3,YES,Cleveland,25,21,46,18,20,0,38,84,NO,2,1,YES,84,85,169,88.76,87.75,176.5,-4.5,184
1997,13-Dec,07:30PM,Sat,Boston,22,17,39,21,17,0,38,77,YES,0,1,YES,Detroit,19,24,43,26,24,0,50,93,YES,2,1,NO,82,88,170,86.76,90.75,177.5,-10,187.5
1997,13-Dec,04:30PM,Sat,Sacramento,22,19,41,23,17,10,40,81,YES,3,0,YES,Golden State,22,23,45,19,17,14,36,81,NO,2,0,YES,86,76,162,90.76,78.75,169.5,5,192
1997,13-Dec,07:30PM,Sat,Denver,20,25,45,18,32,0,50,95,NO,0,2,YES,New Jersey,29,40,69,34,30,0,64,133,NO,3,1,YES,114,114,228,118.76,116.75,235.5,-11,193.5
1997,13-Dec,07:30PM,Sat,Philadelphia,26,19,45,16,22,0,38,83,YES,0,1,NO,New York,23,27,50,17,28,0,45,95,NO,2,1,NO,95,83,178,99.76,85.75,185.5,-12,187
1997,13-Dec,06:30PM,Sat,Orlando,18,18,36,20,22,0,42,78,NO,1,4,YES,San Antonio,34,18,52,31,24,0,55,107,YES,2,2,NO,88,97,185,92.76,99.75,192.5,-7,184
1997,13-Dec,07:00PM,Sat,Miami,25,15,40,29,18,0,47,87,NO,0,2,YES,Milwaukee,28,13,41,25,18,0,43,84,YES,3,1,NO,81,90,171,85.76,92.75,178.5,3,0
1997,14-Dec,05:00PM,Sun,LAC,18,33,51,35,15,0,50,101,YES,1,1,YES,Seattle,33,27,60,23,24,0,47,107,YES,1,1,NO,111,97,208,115.76,99.75,215.5,-15,200.5
1997,14-Dec,03:00PM,Sun,Atlanta,18,27,45,22,26,0,48,93,NO,1,0,NO,Sacramento,21,25,46,21,22,0,43,89,NO,1,0,YES,91,91,182,95.76,93.75,189.5,7,182.5
1997,14-Dec,06:00PM,Sun,Houston,23,28,51,32,22,0,54,105,NO,1,1,YES,Vancouver,35,25,60,24,26,0,50,110,YES,1,1,NO,111,104,215,115.76,106.75,222.5,6.5,202
1997,14-Dec,03:30PM,Sun,Dallas,20,23,43,27,19,0,46,89,NO,1,1,NO,LAL,27,31,58,29,32,0,61,119,YES,1,1,NO,101,107,208,105.76,109.75,215.5,-12.5,0
1997,15-Dec,07:00PM,Mon,Philadelphia,18,21,39,16,28,0,44,83,NO,1,1,YES,Boston,19,22,41,32,27,0,59,100,YES,1,1,YES,80,103,183,84.76,105.75,190.5,-4,197
1997,15-Dec,04:00PM,Mon,Atlanta,21,33,54,23,22,0,45,99,NO,0,1,YES,Portland,25,22,47,19,24,0,43,90,YES,0,2,YES,101,88,189,105.76,90.75,196.5,-5,179
1997,15-Dec,07:00PM,Mon,Indiana,29,26,55,25,28,0,53,108,YES,1,1,YES,Toronto,28,28,56,17,28,0,45,101,NO,1,1,YES,111,98,209,115.76,100.75,216.5,8,188.5
1997,15-Dec,06:30PM,Mon,Phoenix,25,18,43,21,40,0,61,104,NO,1,0,NO,Chicago,29,37,66,17,28,0,45,111,NO,1,1,NO,109,106,215,113.76,108.75,222.5,-7.5,181
1997,15-Dec,07:30PM,Mon,Utah,27,18,45,19,22,0,41,86,YES,2,0,NO,Washington,16,23,39,31,18,0,49,88,NO,1,1,YES,84,90,174,88.76,92.75,181.5,-2,195
1997,16-Dec,05:00PM,Tue,San Antonio,26,22,48,31,20,0,51,99,YES,2,0,YES,Denver,13,16,29,30,26,0,56,85,YES,1,2,YES,77,107,184,81.76,109.75,191.5,8,186
1997,16-Dec,06:00PM,Tue,LAL,24,30,54,24,31,0,55,109,YES,1,0,NO,Minnesota,24,17,41,27,28,0,55,96,YES,0,2,NO,95,110,205,99.76,112.75,212.5,3,205
1997,16-Dec,07:30PM,Tue,Phoenix,22,28,50,19,21,0,40,90,NO,0,1,NO,Cleveland,27,28,55,18,30,0,48,103,YES,0,2,NO,105,88,193,109.76,90.75,200.5,-5,187
1997,16-Dec,04:30PM,Tue,Dallas,22,20,42,25,25,0,50,92,NO,1,1,YES,Golden State,23,26,49,23,31,0,54,103,YES,1,2,NO,91,104,195,95.76,106.75,202.5,1,188.5
1997,16-Dec,06:30PM,Tue,Vancouver,24,19,43,22,26,0,48,91,YES,1,0,NO,Houston,32,30,62,23,33,0,56,118,NO,2,1,YES,105,104,209,109.76,106.75,216.5,-12,200
1997,16-Dec,04:30PM,Tue,Seattle,32,32,64,16,29,0,45,109,YES,1,1,YES,LAC,28,25,53,20,21,0,41,94,NO,1,1,YES,117,86,203,121.76,88.75,210.5,9,197
1997,16-Dec,07:30PM,Tue,Utah,25,28,53,29,21,0,50,103,NO,0,1,NO,Miami,27,24,51,17,27,0,44,95,YES,0,2,YES,104,94,198,108.76,96.75,205.5,-4,188
1997,16-Dec,04:30PM,Tue,Portland,24,25,49,14,24,0,38,87,YES,0,2,YES,Sacramento,24,20,44,24,26,0,50,94,YES,2,1,NO,93,88,181,97.76,90.75,188.5,4.5,185
1997,16-Dec,08:00PM,Tue,Detroit,16,24,40,18,20,0,38,78,YES,2,0,NO,New York,27,18,45,24,14,0,38,83,YES,0,2,NO,85,76,161,89.76,78.75,168.5,-6.5,174
1997,17-Dec,06:00PM,Wed,LAL,20,21,41,20,22,0,42,83,NO,0,1,NO,Chicago,32,25,57,23,24,0,47,104,YES,2,1,NO,98,89,187,102.76,91.75,194.5,-5,189
1997,17-Dec,07:00PM,Wed,New York,25,15,40,20,20,0,40,80,YES,0,1,NO,Indiana,22,21,43,23,21,0,44,87,NO,1,1,YES,83,84,167,87.76,86.75,174.5,-4,178
1997,17-Dec,07:00PM,Wed,Miami,12,20,32,21,21,0,42,74,YES,0,1,NO,Washington,32,16,48,21,19,0,40,88,NO,1,1,NO,80,82,162,84.76,84.75,169.5,-2.5,194
1997,17-Dec,07:00PM,Wed,Boston,17,25,42,24,22,0,46,88,YES,1,3,YES,Toronto,22,13,35,26,22,0,48,83,NO,1,1,NO,77,94,171,81.76,96.75,178.5,-3.5,202
1997,17-Dec,07:30PM,Wed,Cleveland,23,20,43,18,22,0,40,83,YES,0,1,YES,Atlanta,23,20,43,25,26,0,51,94,NO,1,1,YES,86,91,177,90.76,93.75,184.5,-4.5,175
1997,17-Dec,07:30PM,Wed,Milwaukee,25,18,43,20,27,0,47,90,YES,3,1,NO,Charlotte,25,34,59,15,25,0,40,99,YES,1,3,YES,102,87,189,106.76,89.75,196.5,-8,188
1997,17-Dec,07:30PM,Wed,Detroit,27,27,54,12,35,0,47,101,NO,0,1,NO,New Jersey,28,25,53,28,24,0,52,105,NO,2,3,NO,107,99,206,111.76,101.75,213.5,-3.5,185.5
1997,17-Dec,07:30PM,Wed,Minnesota,22,28,50,16,28,0,44,94,YES,0,2,YES,Philadelphia,19,28,47,24,19,0,43,90,NO,1,1,YES,97,87,184,101.76,89.75,191.5,-1,203
1997,17-Dec,06:30PM,Wed,Vancouver,20,32,52,17,18,0,35,87,NO,0,1,NO,San Antonio,28,19,47,27,24,0,51,98,NO,2,0,YES,99,86,185,103.76,88.75,192.5,-12,188
1997,18-Dec,07:00PM,Thu,Denver,24,26,50,19,37,0,56,106,YES,1,1,YES,Seattle,32,28,60,29,30,0,59,119,NO,1,1,YES,110,115,225,114.76,117.75,232.5,-17,199
1997,18-Dec,06:30PM,Thu,Phoenix,12,26,38,32,19,0,51,89,NO,1,1,NO,Dallas,18,12,30,23,22,0,45,75,NO,1,1,YES,68,96,164,72.76,98.75,171.5,7.5,197
1997,18-Dec,04:30PM,Thu,Golden State,13,26,39,16,23,0,39,78,YES,1,1,NO,LAC,33,10,43,20,19,0,39,82,YES,1,1,NO,82,78,160,86.76,80.75,167.5,-5.5,191
1997,18-Dec,07:30PM,Thu,Utah,18,19,37,29,19,0,48,85,NO,1,2,NO,Orlando,20,19,39,21,13,0,34,73,NO,1,4,YES,76,82,158,80.76,84.75,165.5,4,184
1997,19-Dec,07:00PM,Fri,Detroit,17,16,33,22,35,0,57,90,NO,1,0,YES,Indiana,23,21,44,28,26,0,54,98,YES,0,1,NO,77,111,188,81.76,113.75,195.5,-6.5,178
1997,19-Dec,04:00PM,Fri,Vancouver,21,19,40,25,26,0,51,91,NO,1,1,YES,Portland,18,17,35,27,34,0,61,96,YES,1,2,YES,75,112,187,79.76,114.75,194.5,-13.5,191
1997,19-Dec,07:00PM,Fri,Charlotte,10,31,41,21,24,0,45,86,YES,1,0,YES,Washington,22,38,60,26,20,0,46,106,YES,0,1,NO,101,91,192,105.76,93.75,199.5,-2.5,198
1997,19-Dec,07:30PM,Fri,LAL,36,23,59,12,27,0,39,98,NO,1,0,NO,Atlanta,32,27,59,15,22,0,37,96,YES,0,1,NO,118,76,194,122.76,78.75,201.5,-3.5,187
1997,19-Dec,07:30PM,Fri,New York,24,28,52,21,31,0,52,104,NO,1,0,NO,Cleveland,29,20,49,13,15,0,28,77,NO,1,1,YES,101,80,181,105.76,82.75,188.5,-2,177
1997,19-Dec,06:30PM,Fri,Sacramento,29,22,51,26,21,0,47,98,YES,2,0,NO,Houston,20,29,49,30,37,0,67,116,YES,0,2,NO,100,114,214,104.76,116.75,221.5,-11,202
1997,19-Dec,08:00PM,Fri,Miami,26,25,51,18,22,0,40,91,NO,1,0,YES,Philadelphia,24,21,45,19,20,0,39,84,YES,0,1,NO,96,79,175,100.76,81.75,182.5,8,185
1997,19-Dec,08:00PM,Fri,Milwaukee,20,33,53,14,24,0,38,91,NO,1,0,YES,Toronto,20,26,46,19,27,0,46,92,NO,0,1,NO,99,84,183,103.76,86.75,190.5,3.5,184
1997,20-Dec,01:00PM,Sat,Chicago,28,20,48,17,35,0,52,100,YES,2,2,YES,New Jersey,22,23,45,26,21,0,47,92,YES,1,2,NO,93,99,192,97.76,101.75,199.5,3.5,191
1997,20-Dec,06:00PM,Sat,Washington,29,23,52,18,24,0,42,94,YES,0,1,NO,Toronto,24,25,49,21,22,0,43,92,YES,1,0,NO,101,85,186,105.76,87.75,193.5,5.5,192
1997,20-Dec,05:00PM,Sat,Phoenix,23,34,57,22,23,0,45,102,NO,1,1,YES,Denver,26,12,38,26,17,0,43,81,YES,2,1,YES,95,88,183,99.76,90.75,190.5,8,193
1997,20-Dec,06:00PM,Sat,LAC,20,20,40,28,23,0,51,91,YES,1,0,NO,Minnesota,20,30,50,15,27,0,42,92,YES,1,2,YES,90,93,183,94.76,95.75,190.5,-8.5,201
1997,20-Dec,07:00PM,Sat,Golden State,16,20,36,22,31,0,53,89,NO,1,1,NO,Seattle,29,23,52,31,25,0,56,108,NO,2,1,NO,88,109,197,92.76,111.75,204.5,-17,195
1997,20-Dec,06:30PM,Sat,Sacramento,23,21,44,24,21,0,45,89,NO,0,1,YES,Dallas,29,24,53,13,22,0,35,88,YES,1,1,NO,97,80,177,101.76,82.75,184.5,-2,192
1997,20-Dec,07:30PM,Sat,Philadelphia,20,24,44,18,16,0,34,78,YES,0,1,YES,Detroit,16,35,51,31,33,0,64,115,YES,1,0,YES,95,98,193,99.76,100.75,200.5,-9,185
1997,20-Dec,07:30PM,Sat,Atlanta,25,24,49,18,25,0,43,92,YES,0,1,YES,Miami,27,22,49,29,21,0,50,99,YES,4,0,YES,98,93,191,102.76,95.75,198.5,-4.5,176
1997,20-Dec,07:30PM,Sat,Indiana,23,24,47,28,20,0,48,95,YES,0,2,NO,Orlando,24,14,38,24,30,0,54,92,NO,1,1,NO,85,102,187,89.76,104.75,194.5,0,0
1997,20-Dec,06:30PM,Sat,Houston,24,16,40,23,24,0,47,87,YES,0,1,YES,San Antonio,28,27,55,22,23,0,45,100,NO,2,2,NO,95,92,187,99.76,94.75,194.5,-6,193
1997,20-Dec,08:00PM,Sat,LAL,26,30,56,26,27,0,53,109,NO,0,1,NO,Charlotte,30,24,54,24,22,0,46,100,NO,1,0,YES,110,99,209,114.76,101.75,216.5,-3,202
1997,20-Dec,07:00PM,Sat,New York,21,13,34,21,23,0,44,78,NO,0,1,YES,Milwaukee,20,24,44,27,27,0,54,98,NO,1,0,YES,78,98,176,82.76,100.75,183.5,4.5,173
1997,21-Dec,06:00PM,Sun,Utah,23,22,45,30,26,0,56,101,NO,2,0,NO,Cleveland,16,29,45,30,31,0,61,106,NO,1,1,NO,90,117,207,94.76,119.75,214.5,-2,180
1997,21-Dec,06:00PM,Sun,Portland,25,18,43,25,18,0,43,86,YES,1,1,YES,Vancouver,14,22,36,26,26,0,52,88,NO,4,1,YES,79,95,174,83.76,97.75,181.5,6,192
1997,21-Dec,07:00PM,Sun,LAC,20,26,46,18,13,0,31,77,NO,0,1,NO,Boston,19,27,46,20,33,0,53,99,NO,1,3,YES,92,84,176,96.76,86.75,183.5,-7.5,196
1997,22-Dec,04:00PM,Mon,Golden State,19,16,35,22,19,0,41,76,NO,1,0,YES,Phoenix,20,24,44,22,25,0,47,91,YES,3,1,YES,79,88,167,83.76,90.75,174.5,-15,190
1997,22-Dec,07:30PM,Mon,Utah,24,25,49,26,26,0,52,101,NO,0,2,YES,Atlanta,23,24,47,23,29,0,52,99,YES,3,1,YES,96,104,200,100.76,106.75,207.5,-3,0
1997,22-Dec,07:30PM,Mon,Toronto,17,24,41,18,20,0,38,79,YES,1,4,NO,Charlotte,15,16,31,21,29,0,50,81,YES,0,1,NO,72,88,160,76.76,90.75,167.5,-12,200
1997,22-Dec,06:30PM,Mon,LAL,14,26,40,30,24,0,54,94,NO,1,3,YES,Houston,20,29,49,17,17,0,34,83,YES,2,1,YES,89,88,177,93.76,90.75,184.5,-2.5,205
1997,22-Dec,06:30PM,Mon,Washington,32,27,59,27,24,0,51,110,NO,1,3,NO,Milwaukee,19,18,37,21,21,0,42,79,NO,3,1,NO,96,93,189,100.76,95.75,196.5,0,181
1997,22-Dec,07:30PM,Mon,Dallas,12,13,25,22,20,0,42,67,YES,1,0,NO,New York,19,15,34,25,20,0,45,79,NO,4,1,YES,59,87,146,63.76,89.75,153.5,-11,184
1997,22-Dec,07:30PM,Mon,New Jersey,32,23,55,21,23,0,44,99,YES,1,3,NO,Orlando,29,25,54,20,14,0,34,88,YES,3,1,NO,109,78,187,113.76,80.75,194.5,-1,192.5
1997,22-Dec,07:30PM,Mon,Detroit,21,11,32,24,40,0,64,96,YES,1,3,YES,Philadelphia,27,19,46,25,21,0,46,92,YES,4,1,YES,78,110,188,82.76,112.75,195.5,4,186
1997,22-Dec,04:30PM,Mon,Minnesota,22,20,42,19,18,0,37,79,YES,1,0,NO,Sacramento,19,16,35,26,28,0,54,89,YES,0,1,YES,77,91,168,81.76,93.75,175.5,2,193
1997,23-Dec,04:00PM,Tue,Sacramento,25,17,42,20,20,0,40,82,YES,0,2,YES,Portland,26,19,45,25,23,0,48,93,YES,3,1,YES,87,88,175,91.76,90.75,182.5,-12.5,186
1997,23-Dec,07:00PM,Tue,Minnesota,32,20,52,30,30,0,60,112,NO,0,2,YES,Seattle,27,28,55,23,25,0,48,103,YES,2,2,NO,107,108,215,111.76,110.75,222.5,-11.5,203
1997,23-Dec,06:30PM,Tue,LAC,24,25,49,16,24,0,40,89,NO,1,2,NO,Chicago,19,20,39,21,34,0,55,94,NO,1,2,YES,88,95,183,92.76,97.75,190.5,-15.5,184
1997,23-Dec,07:30PM,Tue,Dallas,23,26,49,8,28,0,36,85,NO,0,2,YES,Cleveland,20,21,41,32,26,0,58,99,YES,2,1,NO,90,94,184,94.76,96.75,191.5,-13.5,179
1997,23-Dec,04:30PM,Tue,Denver,19,29,48,20,7,0,27,75,YES,2,2,YES,Golden State,25,22,47,15,25,0,40,87,YES,2,0,YES,95,67,162,99.76,69.75,169.5,-2,184
1997,23-Dec,06:30PM,Tue,Indiana,19,28,47,15,17,0,32,79,NO,2,2,YES,San Antonio,26,14,40,26,25,0,51,91,NO,2,2,NO,87,83,170,91.76,85.75,177.5,-2.5,181
1997,23-Dec,08:00PM,Tue,Charlotte,23,18,41,32,23,0,55,96,YES,0,2,YES,Boston,22,23,45,32,25,0,57,102,YES,2,1,NO,86,112,198,90.76,114.75,205.5,2.5,192
1997,25-Dec,11:00AM,Thu,Houston,25,25,50,30,23,0,53,103,YES,2,1,YES,Utah,20,29,49,36,22,0,58,107,NO,1,2,YES,99,111,210,103.76,113.75,217.5,-7,197
1997,25-Dec,03:30PM,Thu,Miami,21,15,36,28,16,0,44,80,YES,4,0,NO,Chicago,14,28,42,27,21,0,48,90,NO,1,1,NO,78,92,170,82.76,94.75,177.5,-5.5,177
1997,26-Dec,05:00PM,Fri,Golden State,26,25,51,15,15,0,30,81,YES,2,0,YES,Denver,14,13,27,20,22,0,42,69,YES,0,2,YES,78,72,150,82.76,74.75,157.5,-4,182
1997,26-Dec,07:00PM,Fri,Orlando,15,22,37,21,23,0,44,81,YES,3,0,YES,Indiana,35,24,59,24,24,0,48,107,YES,1,2,YES,96,92,188,100.76,94.75,195.5,-9.5,186
1997,26-Dec,06:00PM,Fri,New Jersey,19,23,42,26,28,0,54,96,NO,3,0,YES,Minnesota,26,20,46,24,46,0,70,116,YES,1,2,YES,88,124,212,92.76,126.75,219.5,-2.5,203.5
1997,26-Dec,07:30PM,Fri,Cleveland,26,14,40,23,25,0,48,88,YES,2,3,YES,Charlotte,26,23,49,25,22,0,47,96,YES,0,2,YES,89,95,184,93.76,97.75,191.5,-4,184
1997,26-Dec,06:30PM,Fri,Washington,30,17,47,22,28,0,50,97,NO,3,0,NO,Dallas,23,23,46,22,27,0,49,95,YES,2,2,YES,93,99,192,97.76,101.75,199.5,9,189
1997,26-Dec,04:30PM,Fri,LAC,32,23,55,35,16,8,51,106,NO,2,0,YES,LAL,26,23,49,39,18,12,57,106,NO,1,3,YES,104,108,212,108.76,110.75,219.5,-13,202
1997,26-Dec,04:30PM,Fri,Seattle,25,28,53,33,25,0,58,111,YES,2,1,NO,Sacramento,27,20,47,31,17,0,48,95,NO,1,2,YES,100,106,206,104.76,108.75,213.5,7.5,192
1997,26-Dec,06:30PM,Fri,Boston,21,17,38,24,24,0,48,86,YES,2,1,NO,San Antonio,28,21,49,25,27,0,52,101,YES,1,2,NO,87,100,187,91.76,102.75,194.5,-11,188
1997,26-Dec,07:30PM,Fri,Phoenix,30,31,61,28,29,0,57,118,YES,3,1,YES,Vancouver,23,24,47,28,25,0,53,100,NO,1,4,NO,108,110,218,112.76,112.75,225.5,7,195
1997,26-Dec,08:00PM,Fri,Miami,19,30,49,20,19,0,39,88,NO,0,1,YES,Detroit,21,17,38,15,21,0,36,74,NO,1,3,YES,87,75,162,91.76,77.75,169.5,-1.5,180
1997,26-Dec,07:00PM,Fri,Atlanta,21,23,44,26,17,7,43,87,YES,3,0,NO,Milwaukee,30,22,52,20,15,12,35,87,YES,0,3,NO,96,78,174,100.76,80.75,181.5,3.5,0
1997,27-Dec,01:00PM,Sat,Toronto,24,26,50,24,23,0,47,97,NO,4,2,NO,New York,25,21,46,24,24,0,48,94,YES,2,4,NO,96,95,191,100.76,97.75,198.5,-8.5,181
1997,27-Dec,11:00AM,Sat,Portland,28,23,51,28,23,0,51,102,YES,3,0,YES,Utah,25,14,39,30,22,0,52,91,YES,0,1,NO,90,103,193,94.76,105.75,200.5,-7.5,189.5
1997,27-Dec,06:30PM,Sat,Atlanta,20,23,43,19,28,0,47,90,NO,0,5,NO,Chicago,20,27,47,26,24,0,50,97,NO,1,1,NO,90,97,187,94.76,99.75,194.5,-7.5,175.5
1997,27-Dec,04:30PM,Sat,Philadelphia,24,17,41,17,27,0,44,85,YES,4,0,NO,Golden State,21,15,36,20,22,0,42,78,NO,2,0,YES,77,86,163,81.76,88.75,170.5,2.5,182
1997,27-Dec,06:30PM,Sat,Washington,21,27,48,26,27,0,53,101,NO,0,1,NO,Houston,29,32,61,22,28,0,50,111,NO,1,1,YES,109,103,212,113.76,105.75,219.5,-5.5,197
1997,27-Dec,04:30PM,Sat,Denver,33,25,58,21,24,0,45,103,YES,0,2,YES,LAC,34,19,53,24,28,0,52,105,YES,5,0,YES,111,97,208,115.76,99.75,215.5,-6.5,190
1997,27-Dec,07:30PM,Sat,Milwaukee,22,15,37,24,24,19,48,85,YES,0,2,YES,New Jersey,31,26,57,13,15,27,28,85,NO,1,0,YES,94,76,170,98.76,78.75,177.5,0,0
1997,27-Dec,07:30PM,Sat,Charlotte,23,21,44,21,22,0,43,87,YES,0,1,NO,Orlando,29,16,45,31,20,0,51,96,NO,2,0,YES,89,94,183,93.76,96.75,190.5,0,0
1997,28-Dec,05:30PM,Sun,Utah,22,24,46,21,22,0,43,89,YES,0,1,NO,Vancouver,20,13,33,25,30,0,55,88,NO,1,1,NO,79,98,177,83.76,100.75,184.5,8.5,196
1997,28-Dec,03:00PM,Sun,Seattle,22,29,51,25,30,0,55,106,NO,1,1,NO,Phoenix,28,18,46,26,25,0,51,97,NO,1,1,YES,97,106,203,101.76,108.75,210.5,1.5,200
1997,28-Dec,03:00PM,Sun,Philadelphia,24,25,49,25,16,0,41,90,NO,0,1,NO,Sacramento,31,20,51,22,19,0,41,92,YES,1,1,NO,100,82,182,104.76,84.75,189.5,-4,187
1997,28-Dec,03:30PM,Sun,Boston,24,26,50,30,28,0,58,108,NO,1,1,NO,LAL,26,18,44,36,22,0,58,102,NO,1,1,NO,94,116,210,98.76,118.75,217.5,-11,206
1997,28-Dec,07:00PM,Sun,Minnesota,19,21,40,23,30,0,53,93,YES,1,1,YES,Detroit,26,19,45,22,22,0,44,89,NO,1,1,NO,85,97,182,89.76,99.75,189.5,-6,190
1997,28-Dec,04:00PM,Sun,San Antonio,23,22,45,14,20,0,34,79,YES,1,1,NO,Portland,10,26,36,29,17,0,46,82,NO,1,0,YES,81,80,161,85.76,82.75,168.5,-3,180
1997,28-Dec,07:30PM,Sun,Indiana,20,25,45,24,21,0,45,90,YES,1,1,YES,Miami,18,31,49,28,24,0,52,101,YES,1,1,YES,94,97,191,98.76,99.75,198.5,-4.5,186
1997,29-Dec,06:30PM,Mon,Dallas,25,29,54,23,28,0,51,105,YES,2,0,NO,Chicago,31,23,54,30,27,0,57,111,YES,0,1,NO,108,108,216,112.76,110.75,223.5,-15.5,172
1997,29-Dec,06:30PM,Mon,Charlotte,31,27,58,29,33,0,62,120,NO,1,3,YES,Houston,21,33,54,20,27,0,47,101,YES,3,1,NO,112,109,221,116.76,111.75,228.5,-4,201
1997,29-Dec,07:30PM,Mon,Washington,34,22,56,19,16,0,35,91,NO,1,1,YES,New Jersey,24,35,59,24,16,0,40,99,YES,0,1,NO,115,75,190,119.76,77.75,197.5,-2.5,200
1997,30-Dec,05:00PM,Tue,Utah,31,25,56,43,33,0,76,132,NO,1,3,YES,Denver,16,25,41,27,31,0,58,99,NO,2,2,YES,97,134,231,101.76,136.75,238.5,9.5,191
1997,30-Dec,07:00PM,Tue,New Jersey,25,23,48,18,25,0,43,91,YES,0,2,YES,Indiana,27,24,51,32,26,0,58,109,YES,2,1,YES,99,101,200,103.76,103.75,207.5,-9,196
1997,30-Dec,06:00PM,Tue,Chicago,29,27,56,16,23,0,39,95,YES,0,2,YES,Minnesota,25,22,47,23,29,0,52,99,YES,2,1,YES,103,91,194,107.76,93.75,201.5,3,191
1997,30-Dec,04:00PM,Tue,Boston,17,23,40,25,25,0,50,90,NO,1,2,YES,Phoenix,20,27,47,21,32,0,53,100,NO,2,1,NO,87,103,190,91.76,105.75,197.5,-6.5,197.5
1997,30-Dec,04:00PM,Tue,Philadelphia,21,24,45,23,18,0,41,86,NO,1,1,NO,Portland,25,23,48,25,23,0,48,96,YES,2,1,NO,93,89,182,97.76,91.75,189.5,-10.5,185
1997,30-Dec,07:00PM,Tue,San Antonio,35,34,69,28,27,0,55,124,NO,1,2,YES,Vancouver,25,16,41,35,39,0,74,115,NO,1,1,NO,110,129,239,114.76,131.75,246.5,7,185
1997,30-Dec,07:30PM,Tue,Miami,18,31,49,22,19,0,41,90,YES,1,2,NO,Cleveland,14,29,43,19,16,0,35,78,YES,2,3,YES,92,76,168,96.76,78.75,175.5,1,175
1997,30-Dec,07:30PM,Tue,Toronto,34,12,46,20,29,0,49,95,NO,2,0,NO,Detroit,20,24,44,28,28,0,56,100,YES,2,1,NO,90,105,195,94.76,107.75,202.5,-9,183.5
1997,30-Dec,04:30PM,Tue,Seattle,27,30,57,27,17,0,44,101,NO,1,2,YES,Golden State,30,25,55,19,13,0,32,87,NO,2,2,NO,112,76,188,116.76,78.75,195.5,11,185.5
1997,30-Dec,04:30PM,Tue,Sacramento,26,17,43,20,17,0,37,80,YES,1,2,YES,LAL,31,16,47,26,20,0,46,93,NO,2,1,NO,90,83,173,94.76,85.75,180.5,-13.5,201
1997,30-Dec,06:30PM,Tue,Dallas,19,26,45,25,18,10,43,88,NO,0,2,NO,Milwaukee,16,29,45,24,19,17,43,88,YES,2,2,YES,90,86,176,94.76,88.75,183.5,0,0
1997,30-Dec,08:00PM,Tue,New York,20,16,36,27,21,0,48,84,YES,2,2,NO,Orlando,23,21,44,11,24,0,35,79,NO,2,2,NO,80,83,163,84.76,85.75,170.5,2,178
1997,31-Dec,09:00PM,Wed,Toronto,28,23,51,22,18,0,40,91,NO,0,1,YES,Washington,35,30,65,28,25,0,53,118,NO,1,1,YES,116,93,209,120.76,95.75,216.5,-12,197
1998,1-Jan,06:00PM,Thu,Philadelphia,27,30,57,25,33,0,58,115,NO,1,0,NO,Vancouver,33,23,56,23,25,0,48,104,YES,0,1,NO,113,106,219,116.58,108.05,224.63,-3,192
1998,2-Jan,07:00PM,Fri,Minnesota,25,22,47,22,20,0,42,89,YES,2,0,YES,Boston,24,21,45,22,26,0,48,93,YES,0,2,YES,92,90,182,95.58,92.05,187.63,-2.5,198
1998,2-Jan,05:00PM,Fri,Houston,21,29,50,29,24,13,53,103,YES,3,0,YES,Denver,24,28,52,19,32,12,51,103,YES,0,2,NO,102,104,206,105.58,106.05,211.63,10.5,204.5
1998,2-Jan,04:00PM,Fri,Dallas,19,35,54,16,15,0,31,85,NO,2,0,NO,Phoenix,28,20,48,27,17,0,44,92,YES,1,2,NO,102,75,177,105.58,77.05,182.63,-11.5,190
1998,2-Jan,07:00PM,Fri,Philadelphia,20,16,36,11,26,0,37,73,NO,0,1,NO,Seattle,27,28,55,18,17,0,35,90,YES,1,2,YES,91,72,163,94.58,74.05,168.63,-13.5,200.5
1998,2-Jan,07:00PM,Fri,Indiana,23,34,57,19,23,0,42,99,YES,2,0,YES,Washington,20,20,40,19,22,0,41,81,NO,1,1,NO,97,83,180,100.58,85.05,185.63,-4,196
1998,2-Jan,07:30PM,Fri,Miami,23,21,44,18,22,4,40,84,NO,2,0,YES,Charlotte,20,17,37,26,21,15,47,84,YES,1,3,YES,81,87,168,84.58,89.05,173.63,1,184
1998,2-Jan,06:30PM,Fri,Milwaukee,31,26,57,20,23,0,43,100,YES,2,0,YES,Chicago,30,27,57,25,32,0,57,114,YES,0,2,YES,114,100,214,117.58,102.05,219.63,-9.5,180
1998,2-Jan,04:30PM,Fri,LAC,24,21,45,26,23,0,49,94,YES,5,0,YES,Golden State,17,26,43,17,19,0,36,79,NO,4,2,NO,88,85,173,91.58,87.05,178.63,-1,181.5
1998,2-Jan,04:30PM,Fri,Atlanta,21,23,44,33,29,0,62,106,NO,5,0,NO,LAL,27,32,59,31,26,0,57,116,NO,1,2,NO,103,119,222,106.58,121.05,227.63,-6.5,191
1998,2-Jan,07:30PM,Fri,New York,28,19,47,28,23,0,51,98,NO,2,0,YES,New Jersey,26,28,54,18,31,0,49,103,YES,0,2,YES,101,100,201,104.58,102.05,206.63,-3,186.5
1998,2-Jan,07:30PM,Fri,Cleveland,19,21,40,21,20,0,41,81,YES,2,0,YES,Orlando,20,17,37,17,17,0,34,71,YES,0,2,NO,77,75,152,80.58,77.05,157.63,2.5,175.5
1998,2-Jan,04:30PM,Fri,Vancouver,23,10,33,22,25,0,47,80,YES,0,1,YES,Sacramento,29,23,52,18,24,0,42,94,NO,1,2,YES,85,89,174,88.58,91.05,179.63,-4.5,190
1998,2-Jan,06:30PM,Fri,Portland,12,18,30,20,19,0,39,69,YES,2,0,NO,San Antonio,26,21,47,25,13,0,38,85,YES,0,2,YES,77,77,154,80.58,79.05,159.63,-5,181
1998,2-Jan,08:00PM,Fri,Detroit,24,22,46,29,16,0,45,91,YES,2,0,YES,Toronto,15,27,42,24,22,0,46,88,YES,0,1,YES,88,91,179,91.58,93.05,184.63,0,0
1998,3-Jan,07:00PM,Sat,Toronto,18,19,37,22,18,0,40,77,YES,0,1,YES,Indiana,21,29,50,19,20,0,39,89,NO,2,0,YES,87,79,166,90.58,81.05,171.63,-14,192
1998,3-Jan,06:00PM,Sat,Denver,16,26,42,22,23,0,45,87,YES,0,2,NO,Minnesota,38,21,59,18,32,0,50,109,NO,3,0,YES,101,95,196,104.58,97.05,201.63,-13.5,202
1998,3-Jan,05:00PM,Sat,Atlanta,21,20,41,19,22,0,41,82,NO,0,3,NO,Utah,15,25,40,29,28,0,57,97,NO,2,3,YES,81,98,179,84.58,100.05,184.63,0,0
1998,3-Jan,07:30PM,Sat,New Jersey,23,24,47,15,19,0,34,81,YES,0,3,NO,Cleveland,28,18,46,23,26,0,49,95,NO,2,0,YES,93,83,176,96.58,85.05,181.63,-6,191
1998,3-Jan,07:30PM,Sat,Chicago,29,24,53,28,24,0,52,105,YES,0,2,YES,Detroit,28,25,53,25,18,0,43,96,NO,5,0,YES,106,95,201,109.58,97.05,206.63,3,179
1998,3-Jan,06:30PM,Sat,Portland,24,22,46,27,24,0,51,97,NO,0,1,YES,Houston,22,30,52,20,23,0,43,95,YES,1,0,YES,98,94,192,101.58,96.05,197.63,-2,192
1998,3-Jan,04:30PM,Sat,Dallas,20,22,42,27,19,0,46,88,NO,0,2,YES,LAC,26,29,55,19,23,0,42,97,YES,2,0,YES,97,88,185,100.58,90.05,190.63,-4.5,187.5
1998,3-Jan,07:30PM,Sat,San Antonio,25,20,45,17,22,0,39,84,YES,0,1,NO,Miami,24,15,39,25,13,0,38,77,NO,3,0,YES,84,77,161,87.58,79.05,166.63,-6,181.5
1998,3-Jan,07:30PM,Sat,Orlando,21,18,39,19,26,0,45,84,YES,0,1,YES,New York,21,22,43,25,20,0,45,88,NO,1,0,YES,82,90,172,85.58,92.05,177.63,0,0
1998,3-Jan,07:00PM,Sat,Boston,21,25,46,37,23,0,60,106,YES,0,2,NO,Milwaukee,25,24,49,31,19,0,50,99,YES,1,0,YES,95,110,205,98.58,112.05,210.63,-6.5,188
1998,4-Jan,01:00PM,Sun,Phoenix,19,27,46,32,21,0,53,99,YES,1,1,NO,Washington,27,29,56,24,29,0,53,109,YES,0,1,NO,102,106,208,105.58,108.05,213.63,-5,196
1998,4-Jan,05:30PM,Sun,Seattle,28,28,56,43,21,0,64,120,YES,1,1,YES,Vancouver,35,30,65,20,23,0,43,108,NO,1,1,YES,121,107,228,124.58,109.05,233.63,,
1998,4-Jan,03:00PM,Sun,Charlotte,18,17,35,24,31,0,55,90,YES,1,1,NO,Sacramento,33,29,62,26,18,0,44,106,NO,1,1,NO,97,99,196,100.58,101.05,201.63,5.5,186
1998,4-Jan,03:30PM,Sun,Philadelphia,33,24,57,27,29,0,56,113,NO,1,1,NO,LAL,25,27,52,25,30,0,55,107,YES,1,1,NO,109,111,220,112.58,113.05,225.63,-14.5,205
1998,5-Jan,04:00PM,Mon,Milwaukee,30,20,50,24,24,0,48,98,YES,1,1,NO,Portland,23,26,49,20,23,0,43,92,NO,1,1,YES,99,91,190,102.58,93.05,195.63,-7.5,185.5
1998,5-Jan,07:00PM,Mon,Houston,21,31,52,36,32,0,68,120,YES,1,0,NO,Toronto,24,20,44,29,23,0,52,96,NO,1,1,YES,96,120,216,99.58,122.05,221.63,6.5,198
1998,5-Jan,07:30PM,Mon,Washington,30,30,60,28,25,0,53,113,YES,0,1,YES,New York,19,24,43,30,33,0,63,106,NO,1,1,NO,103,116,219,106.58,118.05,224.63,-2,183
1998,5-Jan,07:30PM,Mon,San Antonio,16,23,39,17,18,0,35,74,NO,1,1,YES,Orlando,21,21,42,16,11,0,27,69,YES,1,1,YES,81,62,143,84.58,64.05,148.63,5.5,174.5
1998,6-Jan,05:00PM,Tue,LAL,21,17,38,28,34,0,62,100,YES,1,0,YES,Vancouver,21,26,47,16,24,0,40,87,YES,0,1,NO,85,102,187,88.58,104.05,192.63,12,208
1998,6-Jan,07:00PM,Tue,Phoenix,29,16,45,22,14,0,36,81,NO,1,0,NO,Indiana,24,18,42,19,19,0,38,80,YES,1,2,NO,87,74,161,90.58,76.05,166.63,0,0
1998,6-Jan,07:00PM,Tue,Charlotte,27,22,49,13,19,0,32,81,NO,1,0,NO,Seattle,29,22,51,28,23,0,51,102,YES,1,1,YES,100,83,183,103.58,85.05,188.63,,
1998,6-Jan,05:00PM,Tue,Philadelphia,24,18,42,22,24,7,46,88,NO,1,6,YES,Utah,19,25,44,32,12,10,44,88,NO,1,2,NO,86,90,176,89.58,92.05,181.63,-13.5,194
1998,6-Jan,06:30PM,Tue,Boston,20,20,40,25,14,0,39,79,NO,2,0,NO,Chicago,18,25,43,30,17,0,47,90,YES,0,2,YES,83,86,169,86.58,88.05,174.63,-11.5,189
1998,6-Jan,07:30PM,Tue,Houston,15,23,38,21,11,0,32,70,NO,0,1,YES,Cleveland,17,24,41,29,30,0,59,100,NO,1,2,NO,79,91,170,82.58,93.05,175.63,-6,194
1998,6-Jan,06:30PM,Tue,Denver,35,16,51,18,21,0,39,90,NO,2,0,NO,Dallas,33,21,54,26,28,0,54,108,NO,1,2,YES,105,93,198,108.58,95.05,203.63,-6.5,193
1998,6-Jan,04:30PM,Tue,LAC,21,30,51,16,22,0,38,89,YES,2,0,YES,Sacramento,26,24,50,34,21,0,55,105,YES,1,1,NO,101,93,194,104.58,95.05,199.63,-5,190
1998,7-Jan,06:00PM,Wed,Phoenix,21,20,41,20,31,0,51,92,NO,0,1,YES,Minnesota,19,21,40,21,16,0,37,77,NO,1,3,NO,81,88,169,84.58,90.05,174.63,-4.5,195
1998,7-Jan,04:00PM,Wed,Charlotte,18,20,38,27,26,0,53,91,NO,0,1,NO,Portland,23,24,47,19,23,0,42,89,YES,1,1,NO,85,95,180,88.58,97.05,185.63,0,0
1998,7-Jan,07:00PM,Wed,Boston,25,17,42,30,36,0,66,108,NO,0,1,YES,Washington,29,26,55,27,28,0,55,110,YES,1,1,YES,97,121,218,100.58,123.05,223.63,-9,198.5
1998,7-Jan,07:00PM,Wed,Orlando,27,18,45,20,18,0,38,83,YES,1,0,NO,Toronto,19,23,42,21,18,0,39,81,YES,2,1,NO,87,77,164,90.58,79.05,169.63,1,0
1998,7-Jan,04:30PM,Wed,Atlanta,24,20,44,25,37,0,62,106,NO,3,1,YES,Golden State,22,23,45,22,19,0,41,86,YES,1,4,NO,89,103,192,92.58,105.05,197.63,7.5,179
1998,7-Jan,04:30PM,Wed,Vancouver,24,22,46,29,27,0,56,102,YES,0,1,YES,LAC,18,37,55,22,33,0,55,110,NO,1,0,YES,101,111,212,104.58,113.05,217.63,-5,194
1998,7-Jan,04:30PM,Wed,Milwaukee,26,24,50,28,24,0,52,102,NO,1,0,NO,LAL,30,26,56,35,23,0,58,114,YES,1,0,YES,106,110,216,109.58,112.05,221.63,-10.5,201.5
1998,7-Jan,07:30PM,Wed,New Jersey,24,31,55,18,9,6,27,82,NO,3,0,YES,New York,28,14,42,21,19,7,40,82,NO,1,1,NO,97,67,164,100.58,69.05,169.63,-3.5,189.5
1998,7-Jan,06:30PM,Wed,Denver,22,28,50,17,22,0,39,89,NO,0,1,YES,San Antonio,31,17,48,29,19,0,48,96,YES,1,1,YES,98,87,185,101.58,89.05,190.63,-16,186
1998,7-Jan,08:00PM,Wed,Chicago,28,13,41,13,18,0,31,72,YES,0,1,NO,Miami,20,32,52,28,19,0,47,99,YES,1,3,NO,93,78,171,96.58,80.05,176.63,-3,180
1998,8-Jan,05:00PM,Thu,Milwaukee,22,34,56,24,29,0,53,109,NO,0,1,YES,Utah,26,27,53,28,35,0,63,116,YES,1,1,NO,109,116,225,112.58,118.05,230.63,-11,195
1998,8-Jan,07:30PM,Thu,Seattle,35,23,58,32,19,0,51,109,YES,1,0,NO,Cleveland,18,14,32,24,28,0,52,84,NO,1,1,NO,90,103,193,93.58,105.05,198.63,3,185
1998,8-Jan,06:30PM,Thu,Sacramento,25,28,53,18,32,0,50,103,YES,1,1,NO,Dallas,27,15,42,22,28,0,50,92,NO,1,1,NO,95,100,195,98.58,102.05,200.63,-2.5,188
1998,8-Jan,06:30PM,Thu,Indiana,21,27,48,17,22,0,39,87,YES,1,1,NO,Houston,11,26,37,21,22,0,43,80,NO,1,1,YES,85,82,167,88.58,84.05,172.63,4.5,190
1998,8-Jan,07:30PM,Thu,Orlando,24,24,48,23,16,0,39,87,NO,0,1,YES,New Jersey,26,24,50,18,21,0,39,89,NO,1,0,YES,98,78,176,101.58,80.05,181.63,0,0
1998,9-Jan,07:00PM,Fri,Seattle,33,31,64,25,22,0,47,111,NO,0,1,NO,Boston,24,20,44,22,26,0,48,92,YES,0,1,YES,108,95,203,111.58,97.05,208.63,6.5,199
1998,9-Jan,05:00PM,Fri,Miami,31,17,48,22,28,0,50,98,YES,1,1,NO,Denver,16,25,41,17,21,0,38,79,NO,3,1,YES,89,88,177,92.58,90.05,182.63,13.5,186
1998,9-Jan,06:00PM,Fri,Portland,30,19,49,15,27,0,42,91,YES,1,0,NO,Minnesota,24,20,44,28,24,0,52,96,YES,0,1,NO,93,94,187,96.58,96.05,192.63,-2,188
1998,9-Jan,07:00PM,Fri,Charlotte,25,21,46,24,28,0,52,98,NO,1,1,NO,Vancouver,16,30,46,21,23,0,44,90,NO,1,1,YES,92,96,188,95.58,98.05,193.63,,
1998,9-Jan,07:30PM,Fri,Washington,16,21,37,24,16,0,40,77,YES,1,1,YES,Atlanta,23,25,48,17,17,0,34,82,YES,1,1,YES,85,74,159,88.58,76.05,164.63,-4,0
1998,9-Jan,04:30PM,Fri,LAL,38,34,72,31,22,0,53,125,YES,1,1,YES,LAC,29,34,63,24,28,0,52,115,YES,1,1,NO,135,105,240,138.58,107.05,245.63,11,206
1998,9-Jan,08:00PM,Fri,Golden State,20,18,38,14,20,0,34,72,YES,1,0,NO,Detroit,20,22,42,30,29,0,59,101,NO,1,5,NO,80,93,173,83.58,95.05,178.63,-12.5,179
1998,9-Jan,08:00PM,Fri,Chicago,20,22,42,26,22,0,48,90,NO,1,0,YES,New York,22,24,46,24,19,0,43,89,NO,1,1,NO,88,91,179,91.58,93.05,184.63,4.5,175
1998,9-Jan,05:30PM,Fri,San Antonio,24,21,45,16,18,0,34,79,YES,1,0,YES,Phoenix,25,28,53,28,19,0,47,100,YES,2,1,YES,98,81,179,101.58,83.05,184.63,0,178
1998,10-Jan,06:30PM,Sat,Golden State,21,20,41,17,24,0,41,82,NO,0,1,NO,Chicago,12,25,37,20,30,0,50,87,NO,2,0,YES,78,91,169,81.58,93.05,174.63,-17.5,180
1998,10-Jan,07:30PM,Sat,Toronto,20,25,45,28,29,0,57,102,YES,2,1,YES,Cleveland,21,25,46,11,36,0,47,93,YES,1,1,NO,91,104,195,94.58,106.05,200.63,-12.5,185
1998,10-Jan,06:30PM,Sat,Indiana,16,14,30,29,25,0,54,84,NO,1,3,YES,Dallas,20,25,45,19,15,0,34,79,YES,2,1,NO,75,88,163,78.58,90.05,168.63,8.5,184
1998,10-Jan,06:30PM,Sat,Utah,22,29,51,34,26,0,60,111,YES,1,1,YES,Houston,17,23,40,22,22,0,44,84,NO,2,1,NO,91,104,195,94.58,106.05,200.63,0,0
1998,10-Jan,07:30PM,Sat,Minnesota,27,33,60,25,23,0,48,108,YES,0,1,YES,New Jersey,26,20,46,34,21,0,55,101,YES,1,1,NO,106,103,209,109.58,105.05,214.63,-5.5,197
1998,10-Jan,07:30PM,Sat,Boston,15,29,44,16,22,0,38,82,YES,0,2,YES,Orlando,22,26,48,25,17,0,42,90,YES,2,1,YES,92,80,172,95.58,82.05,177.63,-4,183
1998,10-Jan,06:30PM,Sat,Sacramento,27,14,41,12,14,0,26,67,NO,1,1,YES,San Antonio,27,29,56,27,26,0,53,109,YES,2,0,YES,97,79,176,100.58,81.05,181.63,-9.5,179
1998,10-Jan,07:00PM,Sat,Portland,19,21,40,23,20,7,43,83,NO,0,2,YES,Milwaukee,26,17,43,21,19,12,40,83,NO,1,1,YES,83,83,166,86.58,85.05,171.63,-1,183
1998,11-Jan,01:00PM,Sun,Atlanta,26,27,53,21,19,14,40,93,YES,1,1,NO,Washington,24,18,42,31,20,9,51,93,NO,2,1,YES,95,91,186,98.58,93.05,191.63,-6,191
1998,11-Jan,06:00PM,Sun,Miami,23,32,55,24,17,0,41,96,NO,1,1,NO,Vancouver,22,18,40,24,26,0,50,90,YES,1,1,NO,95,91,186,98.58,93.05,191.63,10.5,187
1998,11-Jan,03:30PM,Sun,Charlotte,28,27,55,21,22,0,43,98,NO,1,1,YES,LAL,32,24,56,15,22,0,37,93,NO,2,1,YES,111,80,191,114.58,82.05,196.63,-9.5,208
1998,11-Jan,07:00PM,Sun,LAC,23,21,44,16,25,0,41,85,YES,1,0,NO,Detroit,36,27,63,16,34,0,50,113,YES,2,1,NO,107,91,198,110.58,93.05,203.63,-10,188
1998,11-Jan,07:30PM,Sun,Seattle,23,20,43,28,20,0,48,91,NO,1,1,NO,New York,23,24,47,22,23,0,45,92,NO,1,1,NO,90,93,183,93.58,95.05,188.63,6,189
1998,12-Jan,06:00PM,Mon,Golden State,19,23,42,24,21,0,45,87,NO,1,1,NO,Minnesota,19,26,45,25,33,0,58,103,YES,3,1,YES,87,103,190,90.58,105.05,195.63,-12,182.5
1998,12-Jan,05:00PM,Mon,Cleveland,22,27,49,23,27,0,50,99,YES,1,0,NO,Utah,26,28,54,28,24,0,52,106,YES,3,1,YES,103,102,205,106.58,104.05,210.63,-8.5,185
1998,12-Jan,07:00PM,Mon,New Jersey,33,18,51,30,27,0,57,108,YES,1,0,NO,Toronto,24,22,46,31,23,0,54,100,NO,1,1,YES,97,111,208,100.58,113.05,213.63,3.5,193
1998,12-Jan,06:30PM,Mon,LAC,24,26,50,19,26,0,45,95,NO,0,1,NO,Milwaukee,33,29,62,24,24,0,48,110,NO,1,1,NO,112,93,205,115.58,95.05,210.63,-9,195
1998,12-Jan,04:30PM,Mon,Phoenix,29,16,45,22,23,0,45,90,YES,2,0,YES,Sacramento,19,21,40,19,37,0,56,96,NO,1,1,YES,85,101,186,88.58,103.05,191.63,5,186
1998,13-Jan,07:00PM,Tue,San Antonio,28,21,49,26,22,0,48,97,YES,2,0,NO,Boston,15,23,38,28,22,0,50,88,NO,1,2,YES,87,98,185,90.58,100.05,190.63,4.5,186
1998,13-Jan,06:00PM,Tue,Seattle,30,16,46,21,24,0,45,91,NO,1,1,YES,Chicago,29,27,56,26,19,0,45,101,YES,1,2,NO,102,90,192,105.58,92.05,197.63,-3.5,189
1998,13-Jan,05:00PM,Tue,Orlando,25,25,50,22,26,0,48,98,YES,2,0,NO,Denver,26,17,43,24,17,0,41,84,YES,0,3,NO,93,89,182,96.58,91.05,187.63,5.5,182
1998,13-Jan,04:00PM,Tue,Cleveland,27,22,49,28,25,0,53,102,NO,0,2,NO,Phoenix,18,28,46,19,19,0,38,84,NO,2,0,YES,95,91,186,98.58,93.05,191.63,-5,181
1998,13-Jan,04:00PM,Tue,Miami,23,22,45,20,11,0,31,76,NO,1,1,NO,Portland,22,16,38,17,13,0,30,68,NO,2,2,YES,83,61,144,86.58,63.05,149.63,2,174
1998,13-Jan,07:30PM,Tue,New Jersey,25,28,53,15,13,0,28,81,NO,0,1,YES,Charlotte,23,14,37,13,18,0,31,68,YES,1,1,YES,90,59,149,93.58,61.05,154.63,,
1998,13-Jan,06:30PM,Tue,Dallas,20,21,41,23,23,0,46,87,YES,2,0,NO,Houston,22,15,37,32,31,0,63,100,NO,2,2,NO,78,109,187,81.58,111.05,192.63,0,0
1998,13-Jan,07:30PM,Tue,Atlanta,14,21,35,32,24,0,56,91,NO,1,0,YES,New York,12,26,38,21,30,0,51,89,YES,3,1,NO,73,107,180,76.58,109.05,185.63,-1.5,180
1998,13-Jan,07:30PM,Tue,Vancouver,31,23,54,13,22,0,35,89,YES,1,1,NO,Philadelphia,27,32,59,23,25,0,48,107,NO,1,6,YES,113,83,196,116.58,85.05,201.63,-6.5,194
1998,14-Jan,07:00PM,Wed,Detroit,24,27,51,22,20,0,42,93,YES,2,0,YES,Indiana,34,15,49,27,24,0,51,100,NO,1,3,YES,100,93,193,103.58,95.05,198.63,-6,181
1998,14-Jan,07:00PM,Wed,LAC,33,23,56,24,21,0,45,101,NO,1,0,NO,Toronto,35,24,59,25,25,0,50,109,NO,2,1,NO,115,95,210,118.58,97.05,215.63,-4.5,197
1998,14-Jan,07:30PM,Wed,Dallas,15,27,42,13,27,0,40,82,NO,0,2,YES,Atlanta,26,23,49,26,33,0,59,108,NO,1,0,YES,91,99,190,94.58,101.05,195.63,-11,182
1998,14-Jan,04:30PM,Wed,Denver,25,32,57,21,36,0,57,114,YES,0,1,YES,LAL,32,37,69,34,29,0,63,132,NO,2,2,NO,126,120,246,129.58,122.05,251.63,-17.5,206.5
1998,14-Jan,06:30PM,Wed,Golden State,14,27,41,32,22,0,54,95,NO,1,1,NO,Milwaukee,28,25,53,18,30,0,48,101,NO,1,1,NO,94,102,196,97.58,104.05,201.63,-11.5,182
1998,14-Jan,04:30PM,Wed,Orlando,25,30,55,20,21,0,41,96,NO,0,1,NO,Sacramento,26,30,56,20,32,0,52,108,YES,1,1,NO,111,93,204,114.58,95.05,209.63,-4,178
1998,14-Jan,08:00PM,Wed,San Antonio,24,28,52,19,18,0,37,89,NO,0,1,NO,Washington,29,20,49,17,13,0,30,79,NO,1,2,NO,101,67,168,104.58,69.05,173.63,-2,185.5
1998,15-Jan,07:00PM,Thu,Vancouver,27,25,52,19,22,0,41,93,NO,1,0,NO,Boston,13,31,44,23,30,0,53,97,NO,2,1,NO,96,94,190,99.58,96.05,195.63,-8,196
1998,15-Jan,07:00PM,Thu,Miami,21,20,41,23,21,0,44,85,NO,1,1,NO,Seattle,28,21,49,26,28,0,54,103,NO,1,1,YES,90,98,188,93.58,100.05,193.63,-5.5,183
1998,15-Jan,07:30PM,Thu,Charlotte,26,20,46,23,15,10,38,84,YES,1,0,YES,Detroit,22,28,50,14,20,11,34,84,YES,3,0,YES,96,72,168,99.58,74.05,173.63,-2.5,183
1998,15-Jan,07:30PM,Thu,LAC,33,30,63,27,29,0,56,119,NO,0,1,NO,New Jersey,39,21,60,28,28,0,56,116,NO,1,1,YES,123,112,235,126.58,114.05,240.63,-10.5,207
1998,15-Jan,07:30PM,Thu,Chicago,26,25,51,16,29,0,45,96,YES,1,0,NO,Philadelphia,24,28,52,27,27,0,54,106,NO,1,1,NO,103,99,202,106.58,101.05,207.63,7.5,190
1998,16-Jan,03:00PM,Fri,Orlando,25,18,43,15,28,0,43,86,NO,1,0,NO,Phoenix,29,31,60,25,26,0,51,111,NO,1,2,NO,103,94,197,106.58,96.05,202.63,-8.5,183
1998,16-Jan,05:00PM,Fri,Cleveland,18,26,44,26,29,0,55,99,NO,2,0,NO,Denver,22,15,37,15,22,0,37,74,YES,1,1,YES,81,92,173,84.58,94.05,178.63,10.5,188
1998,16-Jan,07:00PM,Fri,Sacramento,26,19,45,24,23,0,47,92,YES,1,2,NO,Indiana,35,28,63,25,29,0,54,117,YES,1,1,NO,108,101,209,111.58,103.05,214.63,-12.5,187
1998,16-Jan,04:00PM,Fri,Utah,20,20,40,23,23,0,46,86,YES,3,0,YES,Portland,16,26,42,22,32,0,54,96,NO,1,2,NO,82,100,182,85.58,102.05,187.63,3,186
1998,16-Jan,07:00PM,Fri,Vancouver,40,32,72,16,22,0,38,110,NO,0,3,YES,Washington,34,23,57,23,32,0,55,112,NO,0,1,NO,129,93,222,132.58,95.05,227.63,-13,202.5
1998,16-Jan,07:30PM,Fri,Golden State,19,15,34,23,32,0,55,89,NO,1,0,NO,Atlanta,21,29,50,28,24,0,52,102,YES,0,1,NO,84,107,191,87.58,109.05,196.63,-13.5,180
1998,16-Jan,07:30PM,Fri,San Antonio,21,22,43,16,17,0,33,76,NO,1,1,NO,Charlotte,18,19,37,17,17,0,34,71,NO,2,0,YES,80,67,147,83.58,69.05,152.63,3,179
1998,16-Jan,06:30PM,Fri,Minnesota,17,28,45,23,35,13,58,103,YES,3,0,NO,Houston,26,20,46,29,28,12,57,103,YES,1,2,NO,91,115,206,94.58,117.05,211.63,-1,0
1998,16-Jan,07:00PM,Fri,Chicago,28,27,55,18,23,0,41,96,NO,0,1,YES,Milwaukee,20,21,41,28,17,0,45,86,NO,1,1,NO,96,86,182,99.58,88.05,187.63,5.5,188
1998,17-Jan,12:30PM,Sat,New York,29,18,47,23,23,0,46,93,YES,3,1,YES,Toronto,25,18,43,21,18,0,39,82,YES,1,2,NO,90,85,175,93.58,87.05,180.63,5,183
1998,17-Jan,07:00PM,Sat,Cleveland,24,19,43,23,25,0,48,91,NO,0,2,YES,Seattle,22,35,57,15,27,0,42,99,YES,1,1,NO,100,90,190,103.58,92.05,195.63,-10,185.5
1998,17-Jan,05:00PM,Sat,Orlando,16,37,53,22,18,0,40,93,NO,0,1,NO,Utah,28,26,54,23,30,0,53,107,NO,1,0,YES,107,93,200,110.58,95.05,205.63,-13,189
1998,17-Jan,07:00PM,Sat,LAC,33,21,54,21,24,0,45,99,NO,1,1,NO,Washington,26,36,62,23,23,0,46,108,NO,3,0,NO,116,91,207,119.58,93.05,212.63,-11,210
1998,17-Jan,06:30PM,Sat,Minnesota,24,18,42,22,35,14,57,99,NO,0,1,YES,Dallas,29,25,54,27,18,11,45,99,NO,2,2,YES,96,102,198,99.58,104.05,203.63,4.5,191
1998,17-Jan,04:30PM,Sat,Miami,19,27,46,26,27,0,53,99,NO,1,0,NO,LAL,26,23,49,31,28,0,59,108,NO,1,2,NO,95,112,207,98.58,114.05,212.63,-5.5,191.5
1998,17-Jan,07:30PM,Sat,Atlanta,20,25,45,10,26,0,36,81,YES,0,2,YES,New Jersey,18,26,44,23,30,0,53,97,NO,1,1,NO,89,89,178,92.58,91.05,183.63,0,193
1998,17-Jan,07:30PM,Sat,Golden State,15,23,38,21,25,0,46,84,NO,0,2,YES,Philadelphia,35,21,56,26,30,0,56,112,NO,1,1,NO,94,102,196,97.58,104.05,201.63,-9.5,184
1998,18-Jan,12:00PM,Sun,Indiana,27,25,52,26,25,0,51,103,YES,1,2,NO,Boston,26,27,53,21,22,0,43,96,YES,0,2,NO,105,94,199,108.58,96.05,204.63,5,188
1998,18-Jan,12:30PM,Sun,Houston,18,27,45,25,30,0,55,100,YES,1,0,YES,Chicago,34,22,56,26,24,0,50,106,NO,2,1,YES,101,105,206,104.58,107.05,211.63,-12,192
1998,18-Jan,04:00PM,Sun,San Antonio,16,15,31,27,25,15,52,83,NO,1,0,NO,Milwaukee,21,24,45,21,17,9,38,83,YES,1,1,NO,76,90,166,79.58,92.05,171.63,3.5,179
1998,18-Jan,03:00PM,Sun,Miami,15,23,38,21,28,0,49,87,NO,0,2,YES,Phoenix,31,26,57,20,19,0,39,96,YES,1,1,NO,95,88,183,98.58,90.05,188.63,-1,183.5
1998,18-Jan,04:00PM,Sun,Denver,22,16,38,23,21,0,44,82,YES,1,1,NO,Portland,22,15,37,30,27,0,57,94,YES,1,1,NO,75,101,176,78.58,103.05,181.63,-15,189
1998,19-Jan,01:00PM,Mon,Boston,13,28,41,24,17,0,41,82,YES,0,1,NO,New York,30,15,45,24,29,0,53,98,NO,1,1,YES,86,94,180,89.58,96.05,185.63,-8,184
1998,19-Jan,01:00PM,Mon,Sacramento,18,23,41,24,20,0,44,85,NO,2,1,NO,Philadelphia,29,28,57,28,13,0,41,98,YES,1,1,NO,98,85,183,101.58,87.05,188.63,-7,195
1998,19-Jan,10:30AM,Mon,Orlando,22,24,46,21,22,0,43,89,NO,1,1,YES,LAL,27,14,41,34,17,0,51,92,YES,1,1,NO,87,94,181,90.58,96.05,186.63,0,0
1998,19-Jan,01:30PM,Mon,LAC,21,28,49,28,32,0,60,109,NO,1,2,YES,Minnesota,21,37,58,30,29,0,59,117,NO,1,1,YES,107,119,226,110.58,121.05,231.63,-9.5,208
1998,19-Jan,05:00PM,Mon,Detroit,27,24,51,15,23,0,38,89,YES,3,1,NO,Utah,18,21,39,27,32,0,59,98,NO,1,1,NO,90,97,187,93.58,99.05,192.63,-9,193
1998,19-Jan,07:30PM,Mon,Toronto,27,28,55,12,21,0,33,88,YES,1,1,YES,Charlotte,28,31,59,21,29,0,50,109,YES,1,2,NO,114,83,197,117.58,85.05,202.63,-10.5,186.5
1998,19-Jan,06:30PM,Mon,Seattle,29,25,54,35,25,0,60,114,YES,1,0,NO,Houston,20,23,43,17,20,0,37,80,YES,1,0,YES,97,97,194,100.58,99.05,199.63,8,200.5
1998,19-Jan,07:30PM,Mon,San Antonio,17,21,38,20,26,0,46,84,NO,0,1,YES,New Jersey,21,26,47,22,26,0,48,95,NO,1,1,NO,85,94,179,88.58,96.05,184.63,-2,182.5
1998,20-Jan,06:00PM,Tue,Seattle,30,24,54,22,22,0,44,98,NO,0,3,YES,Dallas,31,34,65,23,19,0,42,107,YES,2,2,NO,119,86,205,122.58,88.05,210.63,12,194
1998,20-Jan,07:00PM,Tue,Denver,23,19,42,12,23,0,35,77,NO,1,0,YES,Vancouver,28,22,50,23,15,0,38,88,YES,2,3,YES,92,73,165,95.58,75.05,170.63,-7,198
1998,20-Jan,07:30PM,Tue,Milwaukee,24,23,47,22,24,0,46,93,YES,1,0,NO,Atlanta,11,34,45,28,30,0,58,103,YES,0,2,YES,92,104,196,95.58,106.05,201.63,-8.5,185
1998,20-Jan,07:30PM,Tue,Portland,30,22,52,17,17,0,34,86,YES,1,0,NO,Cleveland,20,20,40,20,24,0,44,84,NO,1,2,YES,92,78,170,95.58,80.05,175.63,-5,177
1998,20-Jan,04:30PM,Tue,Phoenix,17,19,36,26,25,0,51,87,YES,1,0,YES,Golden State,16,20,36,18,15,0,33,69,YES,0,2,YES,72,84,156,75.58,86.05,161.63,9.5,187
1998,21-Jan,03:00PM,Wed,LAL,21,26,47,33,39,0,72,119,YES,1,2,NO,Phoenix,31,28,59,20,30,0,50,109,NO,1,0,YES,106,122,228,109.58,124.05,233.63,4.5,202
1998,21-Jan,05:00PM,Wed,Detroit,20,21,41,18,28,0,46,87,NO,1,0,NO,Denver,25,9,34,16,17,0,33,67,YES,1,0,YES,75,79,154,78.58,81.05,159.63,10.5,184
1998,21-Jan,06:00PM,Wed,Boston,23,19,42,28,25,0,53,95,NO,1,1,NO,Minnesota,20,20,40,35,29,0,64,104,YES,2,1,NO,82,117,199,85.58,119.05,204.63,-7.5,200
1998,21-Jan,05:00PM,Wed,Golden State,21,17,38,21,26,0,47,85,YES,0,1,YES,Utah,29,22,51,28,19,0,47,98,YES,1,1,NO,89,94,183,92.58,96.05,188.63,-18,190
1998,21-Jan,07:00PM,Wed,Portland,20,27,47,24,29,0,53,100,NO,0,1,NO,Washington,21,27,48,18,21,0,39,87,NO,2,3,NO,95,92,187,98.58,94.05,192.63,-4.5,187
1998,21-Jan,07:00PM,Wed,Sacramento,26,23,49,28,21,0,49,98,NO,1,0,NO,Toronto,30,25,55,22,22,0,44,99,NO,2,1,YES,104,93,197,107.58,95.05,202.63,0,0
1998,21-Jan,06:30PM,Wed,Charlotte,16,23,39,21,19,0,40,79,YES,1,0,YES,Chicago,26,26,52,28,30,0,58,110,YES,1,2,NO,91,98,189,94.58,100.05,194.63,-11,183
1998,21-Jan,07:30PM,Wed,Philadelphia,29,17,46,15,26,0,41,87,YES,1,1,YES,Miami,25,24,49,25,18,0,43,92,NO,1,2,YES,95,84,179,98.58,86.05,184.63,-9,187
1998,21-Jan,07:30PM,Wed,Houston,36,14,50,31,23,8,54,104,YES,1,0,NO,New Jersey,28,30,58,23,23,13,46,104,NO,1,1,NO,108,100,208,111.58,102.05,213.63,0,0
1998,21-Jan,07:30PM,Wed,Indiana,32,20,52,18,19,0,37,89,NO,2,1,YES,New York,31,24,55,23,19,0,42,97,YES,2,1,NO,107,79,186,110.58,81.05,191.63,2.5,177
1998,21-Jan,07:30PM,Wed,Milwaukee,21,23,44,21,26,0,47,91,NO,0,2,YES,Orlando,14,28,42,25,17,0,42,84,YES,1,1,YES,86,89,175,89.58,91.05,180.63,0,0
1998,21-Jan,06:30PM,Wed,Atlanta,12,18,30,16,30,0,46,76,YES,0,1,YES,San Antonio,27,23,50,26,14,0,40,90,NO,1,1,YES,80,86,166,83.58,88.05,171.63,-6,177
1998,22-Jan,07:30PM,Thu,Houston,30,13,43,22,21,0,43,86,NO,0,1,YES,Charlotte,23,28,51,16,26,0,42,93,YES,1,0,YES,94,85,179,97.58,87.05,184.63,0,0
1998,22-Jan,07:30PM,Thu,Sacramento,25,18,43,28,25,0,53,96,NO,0,1,NO,Cleveland,36,23,59,28,25,0,53,112,NO,1,1,NO,102,106,208,105.58,108.05,213.63,-12,186
1998,22-Jan,04:30PM,Thu,Detroit,15,28,43,22,29,0,51,94,NO,0,1,YES,LAC,20,15,35,19,22,0,41,76,NO,1,2,YES,78,92,170,81.58,94.05,175.63,4,196
1998,23-Jan,07:00PM,Fri,Utah,29,27,56,24,22,0,46,102,YES,1,1,NO,Indiana,22,24,46,35,25,0,60,106,NO,0,1,YES,102,106,208,105.58,108.05,213.63,-3.5,192
1998,23-Jan,04:00PM,Fri,Denver,20,20,40,22,15,0,37,77,YES,1,0,NO,Phoenix,33,23,56,14,23,0,37,93,YES,2,1,NO,96,74,170,99.58,76.05,175.63,-16,191
1998,23-Jan,07:30PM,Fri,Boston,24,25,49,23,17,0,40,89,NO,1,0,NO,Atlanta,19,14,33,30,22,0,52,85,NO,0,1,YES,82,92,174,85.58,94.05,179.63,-10,188
1998,23-Jan,04:30PM,Fri,Vancouver,18,24,42,23,23,0,46,88,YES,2,0,YES,Golden State,23,23,46,16,18,0,34,80,YES,0,1,YES,88,80,168,91.58,82.05,173.63,-1.5,186.5
1998,23-Jan,07:30PM,Fri,Chicago,25,28,53,21,17,9,38,91,YES,1,1,YES,New Jersey,19,24,43,20,28,7,48,91,YES,0,1,NO,96,86,182,99.58,88.05,187.63,4,191.5
1998,23-Jan,07:30PM,Fri,Portland,23,12,35,30,22,0,52,87,NO,1,0,NO,Philadelphia,25,20,45,23,30,0,53,98,YES,0,1,YES,80,105,185,83.58,107.05,190.63,-1.5,183
1998,23-Jan,06:30PM,Fri,Dallas,13,22,35,17,23,0,40,75,YES,2,0,YES,San Antonio,19,24,43,22,16,0,38,81,YES,0,1,NO,78,78,156,81.58,80.05,161.63,-13,180
1998,23-Jan,08:00PM,Fri,Orlando,16,23,39,22,29,0,51,90,YES,1,4,NO,Miami,28,25,53,17,32,0,49,102,NO,2,1,NO,92,100,192,95.58,102.05,197.63,-11,181
1998,24-Jan,12:30PM,Sat,LAL,34,24,58,15,22,0,37,95,NO,2,3,YES,Seattle,30,33,63,14,24,0,38,101,YES,1,3,YES,121,75,196,124.58,77.05,201.63,-4.5,209
1998,24-Jan,12:30PM,Sat,Minnesota,38,24,62,21,17,7,38,100,YES,2,2,YES,Toronto,23,27,50,21,29,13,50,100,NO,1,2,NO,112,88,200,115.58,90.05,205.63,5,200
1998,24-Jan,03:30PM,Sat,New York,29,25,54,23,22,0,45,99,YES,2,1,NO,Detroit,20,22,42,28,22,0,50,92,YES,2,1,YES,96,95,191,99.58,97.05,196.63,-4,175
1998,24-Jan,07:00PM,Sat,Boston,22,22,44,19,25,0,44,88,NO,0,1,YES,Indiana,14,20,34,34,27,0,61,95,NO,2,0,NO,78,105,183,81.58,107.05,188.63,-10,190
1998,24-Jan,07:00PM,Sat,New Jersey,15,22,37,21,29,0,50,87,YES,0,2,NO,Washington,28,25,53,27,24,0,51,104,YES,2,2,NO,90,101,191,93.58,103.05,196.63,-5.5,202.5
1998,24-Jan,07:00PM,Sat,Golden State,22,29,51,25,20,0,45,96,YES,0,2,NO,Vancouver,25,28,53,24,30,0,54,107,NO,2,0,YES,104,99,203,107.58,101.05,208.63,-6.5,184
1998,24-Jan,07:30PM,Sat,Portland,19,27,46,19,27,0,46,92,NO,0,2,YES,Atlanta,18,16,34,17,26,0,43,77,NO,1,0,NO,80,89,169,83.58,91.05,174.63,-7,175.5
1998,24-Jan,07:30PM,Sat,Philadelphia,29,15,44,21,27,0,48,92,YES,0,1,NO,Cleveland,30,31,61,23,27,0,50,111,YES,1,1,NO,105,98,203,108.58,100.05,208.63,-7.5,186
1998,24-Jan,06:30PM,Sat,Charlotte,29,19,48,27,19,0,46,94,YES,1,2,YES,Dallas,33,23,56,12,24,0,36,92,NO,2,0,YES,104,82,186,107.58,84.05,191.63,4.5,183
1998,24-Jan,06:30PM,Sat,San Antonio,24,22,46,22,19,0,41,87,YES,0,1,YES,Houston,27,30,57,26,29,0,55,112,YES,1,1,YES,103,96,199,106.58,98.05,204.63,2,184
1998,24-Jan,04:30PM,Sat,Denver,26,30,56,22,21,0,43,99,NO,0,2,YES,LAC,15,23,38,15,28,0,43,81,YES,2,1,NO,94,86,180,97.58,88.05,185.63,-9.5,194.5
1998,24-Jan,07:00PM,Sat,Sacramento,30,22,52,29,16,0,45,97,NO,1,1,YES,Milwaukee,20,17,37,35,29,0,64,101,NO,2,2,YES,89,109,198,92.58,111.05,203.63,-9,194
1998,25-Jan,11:00AM,Sun,Utah,26,23,49,28,24,0,52,101,NO,1,2,YES,Chicago,22,27,49,24,21,0,45,94,YES,1,1,YES,98,97,195,101.58,99.05,200.63,-7,192
1998,26-Jan,07:00PM,Mon,New York,27,12,39,22,24,0,46,85,NO,1,1,NO,Boston,25,19,44,26,24,0,50,94,NO,1,1,YES,83,96,179,86.58,98.05,184.63,2.5,185
1998,26-Jan,07:00PM,Mon,Philadelphia,30,25,55,17,15,0,32,87,NO,1,1,YES,Toronto,25,26,51,20,20,0,40,91,YES,2,1,NO,106,72,178,109.58,74.05,183.63,2.5,196
1998,26-Jan,07:30PM,Mon,Phoenix,21,30,51,25,20,0,45,96,YES,2,0,NO,Atlanta,30,18,48,19,24,0,43,91,YES,0,1,NO,99,88,187,102.58,90.05,192.63,-5,182.5
1998,26-Jan,07:30PM,Mon,Cleveland,23,23,46,23,25,0,48,94,YES,1,0,NO,Miami,36,17,53,11,29,0,40,93,NO,1,2,NO,99,88,187,102.58,90.05,192.63,-6.5,179
1998,26-Jan,04:30PM,Mon,Seattle,16,24,40,18,34,0,52,92,YES,1,1,NO,Sacramento,26,28,54,28,29,0,57,111,NO,3,1,YES,94,109,203,97.58,111.05,208.63,8.5,198
1998,26-Jan,06:30PM,Mon,Houston,21,27,48,21,21,0,42,90,YES,1,0,YES,San Antonio,27,25,52,33,30,0,63,115,NO,1,1,YES,100,105,205,103.58,107.05,210.63,-8.5,188
1998,27-Jan,05:00PM,Tue,New Jersey,35,31,66,27,27,0,54,120,NO,2,0,NO,Denver,17,19,36,23,28,0,51,87,NO,1,2,YES,102,105,207,105.58,107.05,212.63,9.5,189
1998,27-Jan,07:00PM,Tue,Washington,20,26,46,21,17,0,38,84,YES,2,0,NO,Indiana,27,20,47,20,18,0,38,85,YES,0,2,NO,93,76,169,96.58,78.05,174.63,-7,194
1998,27-Jan,06:00PM,Tue,Detroit,22,26,48,18,15,0,33,81,YES,2,0,YES,Milwaukee,22,20,42,20,21,0,41,83,YES,1,2,NO,90,74,164,93.58,76.05,169.63,-2.5,184.5
1998,27-Jan,06:00PM,Tue,Atlanta,20,32,52,15,29,0,44,96,YES,0,1,YES,Minnesota,28,33,61,25,27,0,52,113,YES,1,2,YES,113,96,209,116.58,98.05,214.63,-3,188.5
1998,27-Jan,04:00PM,Tue,Golden State,18,16,34,25,23,0,48,82,NO,2,1,NO,Portland,18,24,42,24,12,0,36,78,NO,1,2,YES,76,84,160,79.58,86.05,165.63,-14,178
1998,27-Jan,07:00PM,Tue,Chicago,34,26,60,25,18,0,43,103,YES,1,1,NO,Vancouver,26,24,50,7,28,0,35,85,NO,1,2,NO,110,78,188,113.58,80.05,193.63,11,193.5
1998,27-Jan,07:30PM,Tue,Phoenix,24,26,50,26,18,19,44,94,NO,0,2,NO,Charlotte,18,22,40,30,24,26,54,94,YES,2,2,YES,90,98,188,93.58,100.05,193.63,-1,185
1998,27-Jan,06:30PM,Tue,Cleveland,26,15,41,22,12,2,34,75,NO,0,2,NO,Dallas,23,16,39,20,16,9,36,75,YES,2,2,NO,80,70,150,83.58,72.05,155.63,6.5,184
1998,27-Jan,06:30PM,Tue,LAC,28,31,59,23,27,0,50,109,YES,2,0,NO,Houston,26,28,54,31,30,0,61,115,NO,1,0,YES,113,111,224,116.58,113.05,229.63,-9,207
1998,28-Jan,07:00PM,Wed,Washington,31,29,60,21,21,0,42,102,NO,0,1,NO,Boston,22,31,53,28,23,0,51,104,NO,1,1,NO,113,93,206,116.58,95.05,211.63,-1,193
1998,28-Jan,05:00PM,Wed,Seattle,31,28,59,25,17,0,42,101,NO,1,0,YES,Utah,32,19,51,22,20,0,42,93,NO,1,2,YES,110,84,194,113.58,86.05,199.63,-3,200
1998,28-Jan,07:30PM,Wed,Orlando,26,16,42,17,27,0,44,86,NO,4,0,NO,Detroit,20,27,47,23,21,0,44,91,NO,1,0,YES,89,88,177,92.58,90.05,182.63,-5,176
1998,28-Jan,04:30PM,Wed,New Jersey,24,33,57,32,17,0,49,106,NO,0,2,NO,LAL,18,23,41,31,23,0,54,95,NO,1,3,YES,98,103,201,101.58,105.05,206.63,-11,214
1998,28-Jan,07:30PM,Wed,Indiana,17,21,38,22,22,11,44,82,YES,0,1,YES,Philadelphia,18,25,43,10,29,8,39,82,YES,0,1,YES,81,83,164,84.58,85.05,169.63,0,0
1998,28-Jan,06:30PM,Wed,LAC,26,17,43,17,26,0,43,86,NO,0,1,YES,San Antonio,27,31,58,25,26,0,51,109,YES,1,1,NO,101,94,195,104.58,96.05,200.63,-13.5,190.5
1998,28-Jan,08:00PM,Wed,New York,25,13,38,29,15,0,44,82,NO,1,0,YES,Miami,23,20,43,20,23,0,43,86,NO,1,1,NO,81,87,168,84.58,89.05,173.63,-6.5,179.5
1998,29-Jan,05:00PM,Thu,Toronto,26,23,49,25,10,0,35,84,YES,2,0,NO,Denver,18,31,49,14,17,0,31,80,NO,1,1,NO,98,66,164,101.58,68.05,169.63,4.5,188
1998,29-Jan,04:00PM,Thu,Chicago,20,31,51,26,23,0,49,100,NO,1,0,NO,Portland,35,18,53,18,16,0,34,87,NO,2,1,NO,104,83,187,107.58,85.05,192.63,5,178
1998,29-Jan,07:00PM,Thu,Golden State,23,19,42,26,29,0,55,97,NO,1,0,YES,Seattle,27,29,56,24,29,0,53,109,NO,2,0,YES,98,108,206,101.58,110.05,211.63,-17,188
1998,29-Jan,07:00PM,Thu,Minnesota,35,30,65,22,25,0,47,112,YES,1,0,NO,Vancouver,27,23,50,31,25,0,56,106,NO,1,1,NO,115,103,218,118.58,105.05,223.63,3.5,202
1998,29-Jan,07:30PM,Thu,Philadelphia,30,26,56,16,22,5,38,94,YES,0,1,YES,Atlanta,23,19,42,24,28,15,52,94,YES,1,1,YES,98,90,188,101.58,92.05,193.63,-8.5,186
1998,29-Jan,06:30PM,Thu,Orlando,33,27,60,18,17,0,35,95,NO,0,1,YES,Houston,25,25,50,16,22,0,38,88,YES,1,1,NO,110,73,183,113.58,75.05,188.63,-6.5,193
1998,29-Jan,07:30PM,Thu,Milwaukee,33,17,50,28,22,15,50,100,YES,1,2,NO,New York,20,32,52,29,19,12,48,100,NO,2,0,YES,102,98,200,105.58,100.05,205.63,-3.5,183.5
1998,30-Jan,07:00PM,Fri,Charlotte,21,26,47,25,25,0,50,97,YES,2,0,YES,Boston,22,23,45,18,32,0,50,95,NO,1,1,NO,92,100,192,95.58,102.05,197.63,1,188
1998,30-Jan,07:00PM,Fri,Cleveland,21,28,49,19,15,0,34,83,NO,2,0,YES,Indiana,19,15,34,28,27,0,55,89,YES,1,1,YES,83,89,172,86.58,91.05,177.63,-4.5,179
1998,30-Jan,05:00PM,Fri,Dallas,18,26,44,26,24,0,50,94,YES,2,0,NO,Utah,22,24,46,32,26,0,58,104,YES,1,1,NO,90,108,198,93.58,110.05,203.63,-14.5,187.5
1998,30-Jan,04:30PM,Fri,Chicago,28,18,46,23,18,0,41,87,NO,0,1,NO,Golden State,20,25,45,18,17,0,35,80,NO,1,0,YES,91,76,167,94.58,78.05,172.63,13.5,179
1998,30-Jan,04:30PM,Fri,San Antonio,27,17,44,20,33,0,53,97,YES,1,1,NO,LAC,24,22,46,29,12,0,41,87,NO,1,1,YES,90,94,184,93.58,96.05,189.63,9.5,186
1998,30-Jan,04:30PM,Fri,Minnesota,27,23,50,38,26,0,64,114,NO,0,1,YES,LAL,36,31,67,21,33,0,54,121,NO,1,1,NO,117,118,235,120.58,120.05,240.63,-10,0
1998,30-Jan,07:30PM,Fri,Phoenix,22,15,37,18,19,0,37,74,NO,2,0,NO,Miami,22,17,39,21,11,0,32,71,YES,1,1,NO,76,69,145,79.58,71.05,150.63,-6,186
1998,30-Jan,04:30PM,Fri,Toronto,15,24,39,28,30,0,58,97,NO,0,1,NO,Sacramento,35,27,62,35,26,0,61,123,NO,1,3,NO,101,119,220,104.58,121.05,225.63,-8.5,195.5
1998,30-Jan,08:00PM,Fri,Washington,23,30,53,22,27,0,49,102,NO,1,2,YES,Detroit,27,14,41,21,33,0,54,95,YES,0,1,NO,94,103,197,97.58,105.05,202.63,-3.5,185
1998,31-Jan,05:00PM,Sat,Dallas,23,21,44,26,28,0,54,98,NO,0,1,YES,Denver,18,32,50,27,33,0,60,110,NO,1,1,NO,94,114,208,97.58,116.05,213.63,2.5,181
1998,31-Jan,07:00PM,Sat,New Jersey,32,29,61,28,27,0,55,116,NO,2,0,NO,Vancouver,27,29,56,23,27,0,50,106,YES,1,1,NO,117,105,222,120.58,107.05,227.63,,
1998,31-Jan,07:30PM,Sat,Atlanta,28,28,56,19,28,0,47,103,YES,1,1,NO,Charlotte,25,20,45,25,13,0,38,83,NO,2,0,YES,101,85,186,104.58,87.05,191.63,1,183
1998,31-Jan,07:30PM,Sat,Detroit,16,34,50,14,24,0,38,88,YES,0,1,NO,Cleveland,22,24,46,24,20,0,44,90,NO,1,0,YES,96,82,178,99.58,84.05,183.63,-5,177
1998,31-Jan,07:30PM,Sat,Phoenix,28,22,50,19,27,0,46,96,NO,0,1,NO,Orlando,17,28,45,22,27,0,49,94,NO,2,1,YES,95,95,190,98.58,97.05,195.63,-1.5,182.5
1998,31-Jan,07:30PM,Sat,Houston,17,22,39,32,31,0,63,102,YES,1,0,NO,Philadelphia,23,20,43,20,23,0,43,86,NO,1,1,YES,82,106,188,85.58,108.05,193.63,-2,200
1998,1-Feb,09:30AM,Sun,Chicago,23,30,53,11,23,0,34,87,NO,1,0,NO,LAL,26,31,57,34,21,0,55,112,NO,2,1,NO,110,89,199,113.58,91.05,204.63,-1,198
1998,1-Feb,01:00PM,Sun,Miami,18,23,41,23,19,0,42,83,YES,1,0,YES,New York,22,23,45,21,23,0,44,89,YES,1,2,NO,86,86,172,89.58,88.05,177.63,0,175
1998,1-Feb,01:30PM,Sun,Milwaukee,23,24,47,35,36,0,71,118,NO,2,1,YES,Minnesota,28,32,60,21,29,0,50,110,YES,0,1,YES,107,121,228,110.58,123.05,233.63,0,0
1998,1-Feb,02:00PM,Sun,Utah,27,30,57,34,24,0,58,115,YES,1,1,NO,Golden State,16,21,37,22,29,0,51,88,NO,1,1,NO,94,109,203,97.58,111.05,208.63,11.5,182.5
1998,1-Feb,02:00PM,Sun,San Antonio,21,28,49,18,36,0,54,103,NO,1,1,NO,Sacramento,23,20,43,26,28,0,54,97,NO,1,1,NO,92,108,200,95.58,110.05,205.63,4,185
1998,1-Feb,02:30PM,Sun,Toronto,24,16,40,20,30,0,50,90,NO,1,1,YES,Portland,22,30,52,20,25,0,45,97,NO,1,2,NO,92,95,187,95.58,97.05,192.63,-10.5,183
1998,1-Feb,03:00PM,Sun,Indiana,28,29,57,24,18,0,42,99,YES,1,1,NO,LAC,29,21,50,20,22,0,42,92,NO,1,1,NO,107,84,191,110.58,86.05,196.63,9,190
1998,1-Feb,06:00PM,Sun,New Jersey,16,18,34,26,27,0,53,87,NO,0,1,NO,Seattle,25,23,48,24,25,0,49,97,NO,2,2,NO,82,102,184,85.58,104.05,189.63,,
1998,1-Feb,07:00PM,Sun,Houston,22,24,46,27,23,0,50,96,NO,0,1,YES,Boston,28,28,56,17,34,0,51,107,YES,1,1,NO,102,101,203,105.58,103.05,208.63,-2.5,197
1998,2-Feb,05:00PM,Mon,Chicago,21,26,47,26,38,0,64,111,NO,0,1,NO,Denver,16,17,33,23,16,0,39,72,NO,1,1,NO,80,103,183,83.58,105.05,188.63,13.5,184
1998,2-Feb,07:00PM,Mon,Detroit,20,30,50,26,25,0,51,101,NO,1,2,YES,Washington,35,28,63,23,27,0,50,113,NO,1,2,YES,113,101,214,116.58,103.05,219.63,-3.5,190
1998,2-Feb,07:30PM,Mon,Minnesota,22,17,39,27,33,0,60,99,YES,0,1,YES,Cleveland,28,25,53,30,26,0,56,109,YES,1,1,NO,92,116,208,95.58,118.05,213.63,-7.5,195
1998,2-Feb,06:30PM,Mon,Vancouver,18,25,43,18,29,0,47,90,YES,1,0,NO,Dallas,24,27,51,26,27,0,53,104,YES,1,1,YES,94,100,194,97.58,102.05,199.63,-3.5,193
1998,2-Feb,07:30PM,Mon,Atlanta,30,15,45,24,14,0,38,83,NO,1,0,NO,Miami,28,24,52,26,12,0,38,90,YES,1,0,YES,97,76,173,100.58,78.05,178.63,-2.5,182
1998,2-Feb,07:30PM,Mon,Phoenix,25,22,47,34,25,0,59,106,NO,1,0,NO,Philadelphia,26,30,56,29,12,0,41,97,NO,1,1,NO,103,100,203,106.58,102.05,208.63,3.5,189
1998,3-Feb,04:00PM,Tue,New Jersey,26,24,50,23,24,0,47,97,NO,1,1,YES,Portland,25,31,56,24,18,0,42,98,YES,0,1,NO,106,89,195,109.58,91.05,200.63,-3.5,187
1998,3-Feb,07:00PM,Tue,Phoenix,33,22,55,33,22,0,55,110,NO,0,1,NO,Toronto,33,23,56,24,25,0,49,105,NO,1,1,YES,111,104,215,114.58,106.05,220.63,7,192
1998,3-Feb,07:30PM,Tue,Boston,27,16,43,22,24,0,46,89,YES,1,0,YES,Charlotte,15,29,44,23,26,0,49,93,NO,1,2,NO,87,95,182,90.58,97.05,187.63,-5,191
1998,3-Feb,04:30PM,Tue,San Antonio,29,28,57,20,28,0,48,105,NO,1,7,YES,Golden State,25,35,60,26,10,0,36,96,NO,6,1,NO,117,84,201,120.58,86.05,206.63,12,178
1998,3-Feb,06:30PM,Tue,Vancouver,26,24,50,21,26,0,47,97,NO,0,1,NO,Houston,35,22,57,27,26,0,53,110,YES,1,1,YES,107,100,207,110.58,102.05,212.63,-12.5,204
1998,3-Feb,04:30PM,Tue,Utah,23,17,40,37,25,0,62,102,NO,1,0,YES,LAC,26,29,55,27,29,0,56,111,YES,6,1,NO,95,118,213,98.58,120.05,218.63,10.5,200
1998,3-Feb,06:30PM,Tue,New York,22,25,47,18,13,0,31,78,YES,1,0,NO,Milwaukee,26,18,44,21,17,0,38,82,NO,1,1,YES,91,69,160,94.58,71.05,165.63,-2,183
1998,3-Feb,04:30PM,Tue,Indiana,24,37,61,32,22,0,54,115,NO,1,0,NO,Sacramento,20,19,39,24,30,0,54,93,YES,0,1,NO,100,108,208,103.58,110.05,213.63,4,191
1998,3-Feb,08:00PM,Tue,Atlanta,22,28,50,19,21,0,40,90,NO,0,1,NO,Orlando,28,20,48,21,22,0,43,91,NO,1,2,NO,98,83,181,101.58,85.05,186.63,0,0
1998,4-Feb,04:00PM,Wed,Chicago,35,21,56,13,24,0,37,93,NO,1,5,YES,Utah,13,32,45,26,30,0,56,101,NO,5,0,YES,101,93,194,104.58,95.05,199.63,2,191
1998,4-Feb,07:00PM,Wed,Dallas,25,20,45,21,33,0,54,99,YES,1,0,NO,Boston,22,30,52,29,29,0,58,110,YES,5,0,YES,97,112,209,100.58,114.05,214.63,-5.5,190
1998,4-Feb,05:00PM,Wed,Sacramento,26,24,50,25,26,0,51,101,YES,0,5,NO,Denver,22,29,51,22,26,0,48,99,NO,5,1,NO,101,99,200,104.58,101.05,205.63,4.5,195
1998,4-Feb,06:00PM,Wed,New York,25,20,45,26,17,0,43,88,NO,0,5,YES,Minnesota,26,23,49,31,15,0,46,95,NO,6,1,YES,94,89,183,97.58,91.05,188.63,-2.5,192.5
1998,4-Feb,07:00PM,Wed,Indiana,25,20,45,27,25,0,52,97,NO,0,5,YES,Seattle,26,24,50,25,29,0,54,104,YES,5,2,NO,95,106,201,98.58,108.05,206.63,-7.5,193
1998,4-Feb,07:00PM,Wed,Cleveland,32,11,43,33,12,0,45,88,YES,1,0,YES,Washington,28,25,53,26,25,0,51,104,YES,0,1,NO,96,96,192,99.58,98.05,197.63,0,0
1998,4-Feb,04:30PM,Wed,Portland,24,18,42,32,41,0,73,115,YES,0,5,YES,LAL,31,27,58,36,28,0,64,122,YES,5,2,NO,100,137,237,103.58,139.05,242.63,-10,198
1998,4-Feb,07:30PM,Wed,Miami,28,31,59,22,17,0,39,98,YES,1,0,NO,Philadelphia,19,20,39,28,17,0,45,84,NO,6,1,NO,98,84,182,101.58,86.05,187.63,5,181
1998,5-Feb,07:00PM,Thu,Dallas,27,20,47,21,25,0,46,93,NO,0,4,NO,Toronto,13,26,39,40,22,0,62,101,YES,4,1,NO,86,108,194,89.58,110.05,199.63,-5.5,196
1998,5-Feb,07:30PM,Thu,Vancouver,16,34,50,19,24,0,43,93,NO,1,6,YES,Charlotte,32,26,58,32,18,0,50,108,YES,4,1,NO,108,93,201,111.58,95.05,206.63,,
1998,5-Feb,07:30PM,Thu,Atlanta,24,20,44,30,34,0,64,108,NO,1,4,NO,Cleveland,23,25,48,14,32,0,46,94,NO,4,0,YES,92,110,202,95.58,112.05,207.63,-1.5,181
1998,5-Feb,07:30PM,Thu,Houston,24,24,48,25,19,0,44,92,YES,1,4,YES,Detroit,22,26,48,31,25,0,56,104,NO,5,2,YES,96,100,196,99.58,102.05,201.63,1,195
1998,5-Feb,06:30PM,Thu,Miami,28,20,48,25,18,0,43,91,NO,0,4,NO,Milwaukee,13,28,41,21,25,0,46,87,NO,4,1,NO,89,89,178,92.58,91.05,183.63,1,179
1998,5-Feb,07:30PM,Thu,Phoenix,25,21,46,21,27,0,48,94,NO,1,4,YES,New Jersey,25,32,57,31,18,0,49,106,NO,4,1,YES,103,97,200,106.58,99.05,205.63,-2,199
1998,5-Feb,07:30PM,Thu,Washington,15,24,39,20,24,0,44,83,YES,0,4,NO,Orlando,16,35,51,15,27,0,42,93,YES,4,1,NO,90,86,176,93.58,88.05,181.63,-6,189
1998,10-Feb,05:00PM,Tue,Boston,19,19,38,27,34,0,61,99,YES,5,1,NO,Denver,24,24,48,30,34,0,64,112,YES,1,5,NO,86,125,211,89.58,127.05,216.63,7,192
1998,10-Feb,06:00PM,Tue,Seattle,31,24,55,9,19,0,28,83,YES,5,0,NO,Houston,20,27,47,25,25,0,50,97,YES,1,4,YES,102,78,180,105.58,80.05,185.63,2.5,204
1998,10-Feb,07:00PM,Tue,Orlando,17,17,34,14,18,0,32,66,YES,4,0,NO,Indiana,17,24,41,24,20,0,44,85,YES,0,5,YES,75,76,151,78.58,78.05,156.63,-7.5,185
1998,10-Feb,04:00PM,Tue,Sacramento,23,23,46,23,17,0,40,86,NO,5,1,YES,Phoenix,21,31,52,21,15,0,36,88,NO,1,4,YES,98,76,174,101.58,78.05,179.63,-11.5,201
1998,10-Feb,04:00PM,Tue,LAL,18,37,55,14,36,0,50,105,YES,5,0,YES,Portland,28,30,58,35,24,0,59,117,YES,1,5,YES,113,109,222,116.58,111.05,227.63,4.5,200.5
1998,10-Feb,05:00PM,Tue,LAC,20,36,56,14,28,0,42,98,YES,6,0,YES,Utah,30,26,56,31,19,0,50,106,NO,1,5,NO,112,92,204,115.58,94.05,209.63,-15.5,209
1998,10-Feb,06:30PM,Tue,Toronto,24,18,42,23,21,0,44,86,YES,4,1,YES,Chicago,21,17,38,28,27,0,55,93,YES,0,5,YES,80,99,179,83.58,101.05,184.63,-15,194
1998,10-Feb,07:30PM,Tue,Miami,23,24,47,25,19,0,44,91,NO,4,0,YES,Cleveland,14,19,33,28,20,0,48,81,YES,1,4,NO,80,92,172,83.58,94.05,177.63,1.5,180
1998,10-Feb,04:30PM,Tue,Washington,30,30,60,15,24,0,39,99,NO,4,0,NO,Golden State,26,25,51,17,19,0,36,87,YES,0,6,NO,111,75,186,114.58,77.05,191.63,6.5,186
1998,10-Feb,06:30PM,Tue,Atlanta,26,26,52,29,27,0,56,108,NO,4,2,NO,Milwaukee,31,14,45,36,19,0,55,100,YES,0,4,NO,97,111,208,100.58,113.05,213.63,3,184
1998,10-Feb,07:30PM,Tue,Dallas,25,19,44,21,16,0,37,81,NO,4,0,NO,New Jersey,20,27,47,22,21,0,43,90,NO,2,4,NO,91,80,171,94.58,82.05,176.63,-12,202
1998,10-Feb,07:30PM,Tue,Charlotte,24,28,52,15,24,0,39,91,YES,4,0,YES,New York,31,19,50,20,29,0,49,99,YES,2,5,YES,102,88,190,105.58,90.05,195.63,-2.5,181
1998,11-Feb,06:00PM,Wed,Orlando,20,24,44,24,28,0,52,96,NO,0,1,YES,Minnesota,15,20,35,24,30,0,54,89,YES,1,6,NO,79,106,185,82.58,108.05,190.63,0,0
1998,11-Feb,06:00PM,Wed,Seattle,27,32,59,26,21,0,47,106,NO,0,1,NO,San Antonio,29,34,63,31,11,0,42,105,NO,2,7,YES,122,89,211,125.58,91.05,216.63,-2.5,187
1998,11-Feb,07:30PM,Wed,Chicago,30,21,51,15,26,0,41,92,YES,0,1,YES,Charlotte,20,22,42,20,28,0,48,90,NO,1,0,YES,93,89,182,96.58,91.05,187.63,6,187
1998,11-Feb,07:30PM,Wed,Milwaukee,20,26,46,12,25,0,37,83,YES,0,2,NO,Detroit,23,21,44,20,31,0,51,95,YES,1,5,NO,90,88,178,93.58,90.05,183.63,-7,186.5
1998,11-Feb,04:30PM,Wed,Washington,27,38,65,24,21,0,45,110,NO,0,2,NO,LAC,34,18,52,26,26,0,52,104,NO,1,0,YES,117,97,214,120.58,99.05,219.63,0,0
1998,11-Feb,04:30PM,Wed,Golden State,26,25,51,23,25,0,48,99,YES,0,1,YES,LAL,29,29,58,27,20,0,47,105,NO,1,0,YES,109,95,204,112.58,97.05,209.63,-18.5,206
1998,11-Feb,07:30PM,Wed,Indiana,29,29,58,23,29,0,52,110,YES,0,1,YES,Miami,26,16,42,26,33,0,59,101,NO,1,0,YES,100,111,211,103.58,113.05,216.63,-3.5,178
1998,11-Feb,07:30PM,Wed,Dallas,26,18,44,25,21,0,46,90,NO,0,1,NO,Philadelphia,26,18,44,19,28,0,47,91,YES,1,6,NO,88,93,181,91.58,95.05,186.63,-8.5,190
1998,12-Feb,04:00PM,Thu,Portland,26,26,52,30,33,0,63,115,YES,1,0,YES,Phoenix,24,20,44,33,33,0,66,110,YES,1,1,NO,96,129,225,99.58,131.05,230.63,-7,188
1998,12-Feb,05:00PM,Thu,Boston,31,27,58,23,19,0,42,100,NO,1,0,NO,Utah,18,27,45,37,36,0,73,118,YES,1,1,NO,103,115,218,106.58,117.05,223.63,-11.5,201
1998,12-Feb,07:00PM,Thu,Cleveland,25,24,49,29,25,0,54,103,YES,1,1,YES,Toronto,24,19,43,25,26,0,51,94,YES,0,1,YES,92,105,197,95.58,107.05,202.63,6.5,188
1998,12-Feb,07:00PM,Thu,Houston,29,25,54,26,32,0,58,112,YES,1,0,NO,Vancouver,28,33,61,22,20,0,42,103,NO,1,6,YES,115,100,215,118.58,102.05,220.63,9,206
1998,12-Feb,04:30PM,Thu,Denver,17,29,46,20,18,0,38,84,YES,1,0,YES,Sacramento,26,27,53,14,20,0,34,87,YES,0,1,YES,99,72,171,102.58,74.05,176.63,-10,195
1998,13-Feb,05:00PM,Fri,Minnesota,27,24,51,23,33,0,56,107,YES,1,1,YES,Denver,20,22,42,15,23,0,38,80,YES,1,0,YES,93,94,187,96.58,96.05,192.63,7,198
1998,13-Feb,07:00PM,Fri,Dallas,12,12,24,29,21,11,50,74,NO,1,1,NO,Indiana,24,10,34,15,25,8,40,74,YES,0,1,YES,58,90,148,61.58,92.05,153.63,-13,187
1998,13-Feb,04:00PM,Fri,Houston,16,25,41,16,24,0,40,81,NO,0,1,NO,Portland,33,20,53,21,31,0,52,105,NO,1,0,YES,94,92,186,97.58,94.05,191.63,0,0
1998,13-Feb,07:30PM,Fri,Philadelphia,26,20,46,24,26,0,50,96,YES,1,0,YES,Charlotte,26,20,46,31,26,0,57,103,YES,2,1,NO,92,107,199,95.58,109.05,204.63,-5.5,189
1998,13-Feb,06:30PM,Fri,Atlanta,26,23,49,25,36,0,61,110,NO,2,0,YES,Chicago,36,28,64,27,21,0,48,112,NO,1,1,YES,113,109,222,116.58,111.05,227.63,-9,185
1998,13-Feb,04:30PM,Fri,Sacramento,24,32,56,31,22,0,53,109,YES,0,1,YES,Golden State,25,21,46,21,25,0,46,92,NO,1,1,YES,102,99,201,105.58,101.05,206.63,3.5,186
1998,13-Feb,04:30PM,Fri,Boston,25,21,46,29,22,0,51,97,NO,0,1,NO,LAC,22,30,52,20,24,0,44,96,NO,2,1,NO,98,95,193,101.58,97.05,198.63,0,0
1998,13-Feb,04:30PM,Fri,Seattle,26,18,44,33,20,16,53,97,NO,1,0,YES,LAL,15,25,40,31,26,11,57,97,NO,1,1,NO,84,110,194,87.58,112.05,199.63,-4,212
1998,13-Feb,07:30PM,Fri,Toronto,19,29,48,33,34,0,67,115,YES,0,1,YES,New Jersey,29,29,58,41,31,0,72,130,YES,0,2,NO,106,139,245,109.58,141.05,250.63,0,0
1998,13-Feb,07:30PM,Fri,New York,22,26,48,27,24,0,51,99,YES,2,1,YES,Orlando,20,22,42,14,27,0,41,83,YES,2,1,YES,90,92,182,93.58,94.05,187.63,0,0
1998,13-Feb,08:00PM,Fri,Detroit,17,22,39,22,25,0,47,86,YES,1,1,NO,Miami,29,15,44,27,29,0,56,100,YES,1,1,NO,83,103,186,86.58,105.05,191.63,-6.5,178
1998,14-Feb,07:00PM,Sat,Utah,27,28,55,32,24,0,56,111,YES,1,1,YES,Seattle,23,17,40,31,20,0,51,91,NO,3,0,YES,95,107,202,98.58,109.05,207.63,-3,203
1998,14-Feb,07:00PM,Sat,Washington,27,27,54,17,27,10,44,98,NO,2,0,NO,Vancouver,34,22,56,23,19,12,42,98,NO,3,1,NO,110,86,196,113.58,88.05,201.63,2,201
1998,14-Feb,07:30PM,Sat,Indiana,16,28,44,27,25,0,52,96,YES,0,2,NO,Atlanta,22,24,46,29,17,0,46,92,NO,1,0,YES,90,98,188,93.58,100.05,193.63,-2,185
1998,14-Feb,07:30PM,Sat,Milwaukee,18,29,47,18,34,0,52,99,NO,2,1,NO,Cleveland,17,26,43,22,28,0,50,93,YES,0,1,YES,90,102,192,93.58,104.05,197.63,-7,187
1998,14-Feb,07:30PM,Sat,New Jersey,21,23,44,29,32,0,61,105,YES,0,1,YES,Philadelphia,30,24,54,19,25,0,44,98,NO,2,0,YES,98,105,203,101.58,107.05,208.63,4,197
1998,14-Feb,06:30PM,Sat,Phoenix,25,29,54,16,24,0,40,94,YES,1,2,NO,San Antonio,27,19,46,21,14,0,35,81,NO,2,2,NO,100,75,175,103.58,77.05,180.63,-5,189
1998,15-Feb,09:00AM,Sun,Houston,24,22,46,24,20,0,44,90,NO,1,0,NO,LAL,20,25,45,20,23,0,43,88,YES,2,1,NO,91,87,178,94.58,89.05,183.63,-7,212.5
1998,15-Feb,12:00PM,Sun,Miami,28,29,57,28,31,0,59,116,YES,1,1,YES,Toronto,23,28,51,22,22,0,44,95,NO,3,1,YES,108,103,211,111.58,105.05,216.63,0,0
1998,15-Feb,01:30PM,Sun,Dallas,22,13,35,27,24,13,51,86,NO,1,1,YES,Minnesota,15,21,36,26,24,19,50,86,YES,1,1,YES,71,101,172,74.58,103.05,177.63,-8,192.5
1998,15-Feb,03:30PM,Sun,Detroit,18,23,41,18,31,0,49,90,NO,1,1,NO,Chicago,22,22,44,25,30,0,55,99,NO,1,1,NO,85,104,189,88.58,106.05,194.63,-10,185
1998,15-Feb,02:00PM,Sun,Boston,12,26,38,24,25,0,49,87,NO,1,1,NO,Golden State,22,29,51,19,31,0,50,101,YES,1,1,NO,89,99,188,92.58,101.05,193.63,6.5,188
1998,15-Feb,03:00PM,Sun,Washington,21,25,46,19,21,0,40,86,NO,0,2,YES,Sacramento,22,29,51,22,15,0,37,88,NO,1,1,YES,97,77,174,100.58,79.05,179.63,-7,199
1998,15-Feb,04:00PM,Sun,Denver,24,16,40,25,17,0,42,82,YES,1,1,YES,Portland,29,17,46,34,37,0,71,117,NO,1,1,NO,86,113,199,89.58,115.05,204.63,0,0
1998,15-Feb,08:00PM,Sun,Cleveland,15,26,41,22,28,0,50,91,YES,0,1,NO,New York,23,26,49,26,27,0,53,102,YES,1,1,YES,90,103,193,93.58,105.05,198.63,-2,179
1998,16-Feb,02:00PM,Mon,Houston,29,26,55,34,32,0,66,121,NO,0,2,YES,LAC,24,27,51,20,28,0,48,99,NO,2,2,NO,106,114,220,109.58,116.05,225.63,7.5,206
1998,16-Feb,05:00PM,Mon,Charlotte,19,20,39,20,31,0,51,90,YES,2,1,NO,Utah,24,19,43,22,31,0,53,96,NO,1,1,YES,82,104,186,85.58,106.05,191.63,-10.5,197.5
1998,16-Feb,07:30PM,Mon,Orlando,23,23,46,23,16,0,39,85,YES,2,1,YES,Atlanta,22,20,42,25,14,0,39,81,NO,1,1,NO,88,78,166,91.58,80.05,171.63,0,0
1998,16-Feb,07:30PM,Mon,Milwaukee,15,29,44,26,22,0,48,92,NO,1,1,NO,New Jersey,34,24,58,20,25,0,45,103,YES,1,1,YES,102,93,195,105.58,95.05,200.63,-8,198
1998,17-Feb,05:00PM,Tue,New York,22,21,43,26,22,0,48,91,YES,1,0,NO,Denver,20,19,39,24,14,0,38,77,YES,1,1,YES,82,86,168,85.58,88.05,173.63,9.5,181.5
1998,17-Feb,04:00PM,Tue,Golden State,10,19,29,27,27,0,54,83,YES,1,0,YES,Portland,31,18,49,28,24,0,52,101,YES,0,1,NO,78,106,184,81.58,108.05,189.63,-16,190
1998,17-Feb,06:00PM,Tue,Detroit,25,27,52,25,17,0,42,94,NO,1,1,NO,San Antonio,29,24,53,21,21,0,42,95,YES,1,2,NO,105,84,189,108.58,86.05,194.63,0,0
1998,17-Feb,06:30PM,Tue,Indiana,25,13,38,29,30,0,59,97,NO,2,1,YES,Chicago,29,23,52,23,30,0,53,105,YES,1,1,NO,90,112,202,93.58,114.05,207.63,-6,187
1998,17-Feb,06:30PM,Tue,Phoenix,21,19,40,29,26,0,55,95,NO,2,0,YES,Dallas,18,15,33,19,25,0,44,77,NO,1,1,YES,73,99,172,76.58,101.05,177.63,8,186
1998,17-Feb,07:30PM,Tue,Minnesota,18,15,33,24,27,0,51,84,YES,1,0,NO,Miami,24,29,53,27,30,0,57,110,YES,1,1,YES,86,108,194,89.58,110.05,199.63,-9,194
1998,17-Feb,07:30PM,Tue,Cleveland,24,21,45,26,26,0,52,97,NO,1,2,NO,Philadelphia,27,23,50,28,20,0,48,98,YES,1,2,NO,95,100,195,98.58,102.05,200.63,0,0
1998,17-Feb,04:30PM,Tue,Boston,20,23,43,26,30,0,56,99,NO,1,0,NO,Sacramento,24,31,55,26,21,0,47,102,NO,2,1,NO,98,103,201,101.58,105.05,206.63,-4,198
1998,18-Feb,04:00PM,Wed,New York,19,11,30,14,34,0,48,78,NO,0,1,NO,Utah,21,35,56,18,20,0,38,94,YES,2,1,NO,86,86,172,89.58,88.05,177.63,-9,190
1998,18-Feb,04:00PM,Wed,LAL,32,22,54,22,27,0,49,103,YES,2,0,YES,Phoenix,32,20,52,26,32,0,58,110,NO,1,0,YES,106,107,213,109.58,109.05,218.63,3,207
1998,18-Feb,07:00PM,Wed,Portland,24,17,41,34,20,0,54,95,YES,0,1,YES,Seattle,22,22,44,26,31,0,57,101,NO,1,3,NO,85,111,196,88.58,113.05,201.63,-7.5,198
1998,18-Feb,07:00PM,Wed,Milwaukee,24,28,52,26,30,0,56,108,NO,1,1,YES,Washington,27,28,55,22,21,0,43,98,NO,2,2,YES,107,99,206,110.58,101.05,211.63,-3,193
1998,18-Feb,07:00PM,Wed,Boston,28,32,60,25,29,0,54,114,NO,0,1,NO,Vancouver,18,23,41,28,36,0,64,105,YES,1,3,NO,101,118,219,104.58,120.05,224.63,0,202
1998,18-Feb,07:30PM,Wed,New Jersey,23,21,44,33,27,0,60,104,YES,1,1,YES,Atlanta,26,25,51,30,33,0,63,114,NO,1,1,NO,95,123,218,98.58,125.05,223.63,-3.5,194
1998,18-Feb,04:30PM,Wed,Charlotte,26,21,47,14,16,0,30,77,NO,1,1,NO,Golden State,23,26,49,20,19,0,39,88,NO,1,0,YES,96,69,165,99.58,71.05,170.63,10.5,185
1998,18-Feb,07:30PM,Wed,Minnesota,30,22,52,19,31,0,50,102,NO,0,1,YES,Orlando,31,30,61,28,26,0,54,115,NO,1,1,YES,113,104,217,116.58,106.05,222.63,0,0
1998,19-Feb,07:00PM,Thu,Philadelphia,21,18,39,15,23,0,38,77,YES,1,1,NO,Indiana,21,23,44,23,15,0,38,82,YES,0,1,YES,83,76,159,86.58,78.05,164.63,-8,189
1998,19-Feb,07:00PM,Thu,Chicago,31,24,55,36,32,0,68,123,YES,1,1,NO,Toronto,26,18,44,20,22,0,42,86,YES,0,3,NO,99,110,209,102.58,112.05,214.63,0,0
1998,19-Feb,06:30PM,Thu,San Antonio,14,24,38,26,23,0,49,87,YES,1,1,YES,Dallas,14,30,44,13,24,0,37,81,NO,1,1,NO,82,86,168,85.58,88.05,173.63,4.5,179
1998,19-Feb,06:30PM,Thu,Detroit,23,19,42,27,21,0,48,90,NO,1,1,NO,Houston,22,29,51,21,28,0,49,100,YES,0,2,YES,93,97,190,96.58,99.05,195.63,-7,195
1998,19-Feb,04:30PM,Thu,Miami,33,20,53,19,17,0,36,89,YES,1,0,NO,LAC,22,23,45,9,26,0,35,80,NO,1,2,NO,98,71,169,101.58,73.05,174.63,11.5,192
1998,19-Feb,04:30PM,Thu,Denver,19,19,38,31,23,0,54,92,YES,1,0,NO,LAL,29,35,64,34,33,0,67,131,YES,2,0,YES,102,121,223,105.58,123.05,228.63,-17.5,206
1998,20-Feb,06:00PM,Fri,Houston,21,25,46,24,19,6,43,89,YES,0,1,NO,Minnesota,22,22,44,24,21,11,45,89,NO,1,1,YES,90,88,178,93.58,90.05,183.63,0,0
1998,20-Feb,04:00PM,Fri,Charlotte,23,25,48,22,29,0,51,99,NO,1,0,NO,Phoenix,39,25,64,25,26,0,51,115,NO,1,1,NO,112,102,214,115.58,104.05,219.63,-8.5,191
1998,20-Feb,04:00PM,Fri,New York,28,16,44,24,30,0,54,98,NO,1,1,YES,Portland,23,23,46,14,29,0,43,89,NO,1,1,YES,90,97,187,93.58,99.05,192.63,-6.5,182
1998,20-Feb,07:00PM,Fri,Boston,16,30,46,25,35,0,60,106,NO,1,1,NO,Seattle,23,21,44,28,24,0,52,96,NO,1,1,NO,90,112,202,93.58,114.05,207.63,0,0
1998,20-Feb,07:30PM,Fri,Vancouver,27,16,43,23,26,0,49,92,YES,1,1,NO,Atlanta,40,24,64,29,22,0,51,115,YES,4,1,NO,107,100,207,110.58,102.05,212.63,-13,197.5
1998,20-Feb,04:30PM,Fri,Denver,23,22,45,21,22,0,43,88,NO,0,1,NO,Golden State,26,22,48,24,23,0,47,95,NO,1,1,NO,93,90,183,96.58,92.05,188.63,-7.5,181
1998,20-Feb,07:30PM,Fri,Cleveland,29,24,53,36,20,0,56,109,NO,2,1,NO,New Jersey,26,29,55,20,20,0,40,95,NO,0,1,YES,108,96,204,111.58,98.05,209.63,-5,193
1998,20-Feb,07:30PM,Fri,Indiana,20,18,38,29,24,0,53,91,YES,0,1,NO,Orlando,27,19,46,24,23,0,47,93,NO,1,1,NO,84,100,184,87.58,102.05,189.63,0,0
1998,20-Feb,04:30PM,Fri,Miami,28,24,52,19,20,0,39,91,NO,0,1,NO,Sacramento,21,18,39,16,22,0,38,77,YES,1,2,NO,91,77,168,94.58,79.05,173.63,4.5,185
1998,20-Feb,07:00PM,Fri,Toronto,29,23,52,17,20,0,37,89,YES,0,1,YES,Milwaukee,21,30,51,16,27,0,43,94,NO,1,1,YES,103,80,183,106.58,82.05,188.63,-11.5,199
1998,21-Feb,06:30PM,Sat,Detroit,22,22,44,26,24,0,50,94,NO,1,1,YES,Dallas,21,20,41,18,23,0,41,82,YES,3,1,NO,85,91,176,88.58,93.05,181.63,6.5,179
1998,21-Feb,04:30PM,Sat,Charlotte,20,39,59,23,29,0,52,111,NO,0,1,NO,LAC,32,29,61,16,21,0,37,98,NO,1,1,NO,120,89,209,123.58,91.05,214.63,5,195.5
1998,21-Feb,07:30PM,Sat,Philadelphia,32,18,50,23,25,0,48,98,NO,1,0,YES,New Jersey,19,23,42,23,24,0,47,89,NO,2,0,NO,92,95,187,95.58,97.05,192.63,-7.5,200
1998,21-Feb,06:30PM,Sat,Utah,20,23,43,21,15,0,36,79,YES,2,2,YES,San Antonio,14,21,35,18,24,0,42,77,YES,0,1,YES,78,78,156,81.58,80.05,161.63,4.5,184
1998,21-Feb,08:00PM,Sat,Chicago,30,26,56,16,22,0,38,94,NO,1,1,YES,Washington,22,24,46,17,25,0,42,88,NO,2,2,NO,102,80,182,105.58,82.05,187.63,10,194
1998,22-Feb,01:00PM,Sun,Houston,18,25,43,23,8,0,31,74,NO,1,1,NO,New York,20,23,43,24,25,0,49,92,NO,1,1,YES,86,80,166,89.58,82.05,171.63,2,187.5
1998,22-Feb,12:30PM,Sun,Cleveland,20,15,35,15,21,0,36,71,NO,1,0,NO,Milwaukee,20,20,40,18,21,0,39,79,NO,1,1,NO,75,75,150,78.58,77.05,155.63,2.5,188.5
1998,22-Feb,01:30PM,Sun,Sacramento,30,20,50,17,28,0,45,95,YES,1,0,NO,Minnesota,27,28,55,28,30,0,58,113,YES,1,1,NO,105,103,208,108.58,105.05,213.63,-6,198.5
1998,22-Feb,03:00PM,Sun,Vancouver,20,25,45,20,28,12,48,93,NO,1,1,NO,Toronto,30,19,49,20,24,20,44,93,YES,3,1,YES,94,92,186,97.58,94.05,191.63,-3.5,205
1998,22-Feb,03:30PM,Sun,LAL,23,27,50,21,23,0,44,94,YES,2,1,NO,Orlando,30,18,48,27,21,0,48,96,NO,2,1,NO,98,92,190,101.58,94.05,195.63,9,198.5
1998,22-Feb,02:00PM,Sun,Miami,22,11,33,27,30,0,57,90,NO,1,1,NO,Golden State,25,22,47,18,17,0,35,82,YES,1,1,NO,80,92,172,83.58,94.05,177.63,10,178
1998,22-Feb,05:00PM,Sun,Denver,15,15,30,21,17,0,38,68,NO,1,0,YES,Seattle,22,20,42,21,25,0,46,88,YES,0,1,NO,72,84,156,75.58,86.05,161.63,-17.5,196
1998,22-Feb,06:00PM,Sun,Indiana,27,24,51,24,22,0,46,97,NO,1,2,YES,Philadelphia,22,22,44,23,25,0,48,92,YES,1,0,YES,95,94,189,98.58,96.05,194.63,6,187
1998,22-Feb,03:00PM,Sun,San Antonio,29,17,46,23,10,0,33,79,YES,0,1,YES,Phoenix,22,24,46,22,29,0,51,97,NO,1,1,NO,92,84,176,95.58,86.05,181.63,-10,186.5
1998,22-Feb,04:00PM,Sun,Boston,25,16,41,27,28,0,55,96,NO,1,2,YES,Portland,30,24,54,33,34,0,67,121,YES,2,1,NO,95,122,217,98.58,124.05,222.63,-9,198
1998,23-Feb,05:00PM,Mon,Charlotte,25,31,56,24,38,0,62,118,NO,1,1,NO,Denver,20,23,43,20,35,0,55,98,NO,1,0,YES,99,117,216,102.58,119.05,221.63,10,188
1998,23-Feb,06:30PM,Mon,Cleveland,18,15,33,15,27,0,42,75,NO,0,1,YES,Chicago,30,22,52,20,25,0,45,97,NO,1,1,YES,85,87,172,88.58,89.05,177.63,-10.5,188
1998,23-Feb,07:30PM,Mon,Sacramento,15,25,40,22,23,0,45,85,NO,0,1,NO,Detroit,35,24,59,24,28,0,52,111,NO,1,1,YES,99,97,196,102.58,99.05,201.63,-9.5,189.5
1998,23-Feb,04:30PM,Mon,Seattle,26,25,51,23,27,0,50,101,YES,0,3,YES,LAC,35,18,53,20,27,0,47,100,NO,1,1,NO,104,97,201,107.58,99.05,206.63,9.5,200
1998,24-Feb,04:00PM,Tue,Miami,27,26,53,24,27,0,51,104,NO,1,1,YES,Utah,23,27,50,17,35,0,52,102,NO,1,2,YES,103,103,206,106.58,105.05,211.63,-6,184
1998,24-Feb,04:00PM,Tue,Philadelphia,24,15,39,20,26,0,46,85,YES,1,0,NO,Phoenix,31,26,57,14,13,0,27,84,YES,1,1,NO,96,73,169,99.58,75.05,174.63,-9,196
1998,24-Feb,07:00PM,Tue,Houston,29,21,50,27,35,0,62,112,NO,1,1,YES,Washington,27,31,58,33,33,0,66,124,NO,1,2,NO,108,128,236,111.58,130.05,241.63,4.5,199.5
1998,24-Feb,06:30PM,Tue,LAL,21,26,47,28,23,0,51,98,NO,1,0,NO,Milwaukee,17,21,38,20,23,0,43,81,YES,1,1,NO,85,94,179,88.58,96.05,184.63,6.5,201.5
1998,24-Feb,07:30PM,Tue,Vancouver,25,25,50,26,25,0,51,101,NO,1,0,NO,New Jersey,26,24,50,25,35,0,60,110,NO,1,2,NO,100,111,211,103.58,113.05,216.63,,
1998,24-Feb,07:30PM,Tue,Golden State,20,18,38,24,25,0,49,87,YES,1,1,NO,New York,16,14,30,29,23,0,52,82,NO,1,1,NO,68,101,169,71.58,103.05,174.63,-11.5,180
1998,24-Feb,06:30PM,Tue,Minnesota,28,18,46,21,32,0,53,99,YES,1,1,NO,San Antonio,25,29,54,21,30,0,51,105,NO,1,1,YES,100,104,204,103.58,106.05,209.63,-4.5,189
1998,25-Feb,07:00PM,Wed,Sacramento,22,29,51,17,26,0,43,94,NO,1,0,NO,Boston,31,25,56,32,23,0,55,111,NO,1,2,YES,107,98,205,110.58,100.05,210.63,-6,199
1998,25-Feb,05:00PM,Wed,Atlanta,29,36,65,23,24,0,47,112,YES,4,1,NO,Denver,17,25,42,18,28,0,46,88,NO,1,1,NO,107,93,200,110.58,95.05,205.63,13,189.5
1998,25-Feb,06:30PM,Wed,Portland,25,22,47,31,28,0,59,106,YES,2,1,NO,Chicago,21,23,44,19,38,0,57,101,NO,2,1,NO,91,116,207,94.58,118.05,212.63,-8,189
1998,25-Feb,07:30PM,Wed,Vancouver,20,29,49,24,28,0,52,101,NO,0,3,YES,Cleveland,34,26,60,21,25,0,46,106,YES,1,1,YES,109,98,207,112.58,100.05,212.63,-11.5,196
1998,25-Feb,07:30PM,Wed,Charlotte,30,25,55,22,21,0,43,98,NO,1,2,YES,Detroit,30,23,53,15,20,0,35,88,NO,1,1,NO,108,78,186,111.58,80.05,191.63,-5,189
1998,25-Feb,04:30PM,Wed,Philadelphia,19,30,49,26,33,0,59,108,NO,0,1,NO,LAC,27,19,46,31,40,0,71,117,NO,1,1,NO,95,130,225,98.58,132.05,230.63,1,194
1998,25-Feb,07:30PM,Wed,Dallas,19,15,34,20,25,0,45,79,YES,3,0,NO,Orlando,17,27,44,30,26,0,56,100,NO,1,2,NO,78,101,179,81.58,103.05,184.63,-7,179.5
1998,25-Feb,08:00PM,Wed,LAL,26,25,51,25,20,0,45,96,NO,0,1,NO,Indiana,17,28,45,25,19,0,44,89,NO,1,2,YES,96,89,185,99.58,91.05,190.63,-2,193
1998,26-Feb,05:00PM,Thu,Phoenix,19,27,46,21,30,0,51,97,YES,1,0,NO,Utah,33,24,57,28,23,0,51,108,YES,2,1,NO,103,102,205,106.58,104.05,210.63,-6.5,198
1998,26-Feb,07:00PM,Thu,Golden State,25,17,42,27,18,0,45,87,NO,1,0,NO,Washington,25,25,50,31,29,0,60,110,NO,1,1,NO,92,105,197,95.58,107.05,202.63,-10,194
1998,26-Feb,06:30PM,Thu,Minnesota,19,24,43,26,29,0,55,98,NO,1,0,YES,Houston,23,34,57,31,30,0,61,118,NO,2,1,YES,100,116,216,103.58,118.05,221.63,-9,208
1998,26-Feb,07:30PM,Thu,Dallas,15,15,30,27,15,0,42,72,NO,0,1,NO,Miami,26,18,44,29,18,0,47,91,YES,1,1,YES,74,89,163,77.58,91.05,168.63,-13,180
1998,26-Feb,07:30PM,Thu,Sacramento,32,25,57,20,22,0,42,99,NO,0,1,NO,New Jersey,28,24,52,24,26,0,50,102,NO,1,1,NO,109,92,201,112.58,94.05,206.63,-11,205
1998,26-Feb,07:30PM,Thu,Milwaukee,20,24,44,20,26,0,46,90,YES,1,5,NO,New York,28,29,57,21,24,0,45,102,NO,2,1,NO,101,91,192,104.58,93.05,197.63,-4.5,183
1998,26-Feb,06:30PM,Thu,Toronto,27,18,45,19,22,0,41,86,YES,3,0,NO,San Antonio,29,20,49,31,17,0,48,97,NO,1,1,NO,94,89,183,97.58,91.05,188.63,-9,187
1998,27-Feb,07:00PM,Fri,Golden State,15,19,34,26,28,0,54,88,NO,0,1,NO,Boston,30,25,55,33,32,0,65,120,NO,1,1,NO,89,119,208,92.58,121.05,213.63,-10.5,194
1998,27-Feb,05:00PM,Fri,Philadelphia,27,17,44,17,18,0,35,79,NO,1,0,NO,Denver,23,16,39,21,18,0,39,78,YES,1,1,NO,83,74,157,86.58,76.05,162.63,8,190
1998,27-Feb,07:00PM,Fri,Portland,14,15,29,14,16,0,30,59,NO,1,1,NO,Indiana,33,26,59,25,40,0,65,124,NO,1,1,NO,88,95,183,91.58,97.05,188.63,-3.5,183
1998,27-Feb,06:00PM,Fri,LAL,27,25,52,30,22,0,52,104,NO,1,1,NO,Minnesota,23,26,49,25,17,0,42,91,NO,1,0,YES,101,94,195,104.58,96.05,200.63,7.5,209
1998,27-Feb,07:00PM,Fri,Atlanta,23,17,40,23,25,0,48,88,NO,1,1,NO,Seattle,26,32,58,16,16,0,32,90,NO,1,3,YES,98,80,178,101.58,82.05,183.63,-7,198
1998,27-Feb,04:30PM,Fri,Phoenix,28,29,57,22,25,0,47,104,NO,0,1,NO,LAC,26,27,53,27,19,0,46,99,YES,3,1,NO,110,93,203,113.58,95.05,208.63,8,207
1998,27-Feb,07:30PM,Fri,Toronto,16,28,44,18,23,30,41,85,NO,0,3,YES,Orlando,22,30,52,19,14,22,33,85,YES,0,1,NO,96,74,170,99.58,76.05,175.63,-8,186
1998,27-Feb,08:00PM,Fri,Cleveland,27,24,51,19,17,0,36,87,YES,1,1,YES,Detroit,26,14,40,27,23,0,50,90,YES,1,1,NO,91,86,177,94.58,88.05,182.63,-4.5,182
1998,28-Feb,01:00PM,Sat,Miami,23,17,40,23,32,0,55,95,YES,1,0,YES,New Jersey,33,19,52,26,15,0,41,93,YES,0,1,NO,92,96,188,95.58,98.05,193.63,1.5,189
1998,28-Feb,07:00PM,Sat,Dallas,29,25,54,18,31,0,49,103,NO,1,1,NO,Washington,21,18,39,20,18,0,38,77,NO,1,1,NO,93,87,180,96.58,89.05,185.63,-12.5,189
1998,28-Feb,07:30PM,Sat,Orlando,20,24,44,16,20,0,36,80,YES,0,3,YES,Charlotte,24,23,47,16,27,0,43,90,NO,1,2,YES,91,79,170,94.58,81.05,175.63,0,0
1998,28-Feb,06:30PM,Sat,Sacramento,25,25,50,22,22,0,44,94,NO,1,1,YES,Chicago,31,25,56,27,26,0,53,109,NO,2,2,NO,106,97,203,109.58,99.05,208.63,-15,197
1998,28-Feb,06:30PM,Sat,Philadelphia,35,18,53,17,18,0,35,88,NO,0,3,YES,San Antonio,26,17,43,26,31,0,57,100,YES,1,1,NO,96,92,188,99.58,94.05,193.63,0,0
1998,1-Mar,12:00PM,Sun,Atlanta,28,26,54,24,23,0,47,101,NO,1,4,YES,Vancouver,7,24,31,15,30,0,45,76,NO,1,3,YES,85,92,177,88.58,94.05,182.63,9.5,204.5
1998,1-Mar,12:30PM,Sun,Phoenix,18,27,45,25,17,0,42,87,NO,1,1,NO,Seattle,23,23,46,29,14,0,43,89,YES,1,1,NO,91,85,176,94.58,87.05,181.63,-6,198.5
1998,1-Mar,01:00PM,Sun,LAL,27,19,46,25,18,0,43,89,NO,1,0,NO,New York,24,19,43,25,33,0,58,101,NO,1,2,NO,89,101,190,92.58,103.05,195.63,6,190.5
1998,1-Mar,01:30PM,Sun,Utah,17,29,46,35,25,0,60,106,YES,2,1,NO,Houston,24,29,53,25,22,0,47,100,NO,1,2,NO,99,107,206,102.58,109.05,211.63,-2,204
1998,1-Mar,02:30PM,Sun,Denver,21,17,38,9,16,0,25,63,YES,1,1,NO,Indiana,25,21,46,26,18,0,44,90,YES,1,1,NO,84,69,153,87.58,71.05,158.63,-18,182
1998,1-Mar,01:30PM,Sun,Detroit,24,17,41,26,22,24,48,89,YES,1,0,YES,Minnesota,23,22,45,20,24,26,44,89,NO,1,1,NO,86,92,178,89.58,94.05,183.63,-1,192
1998,1-Mar,06:00PM,Sun,Golden State,21,25,46,24,12,0,36,82,NO,1,0,NO,Cleveland,24,26,50,34,18,0,52,102,NO,2,1,YES,96,88,184,99.58,90.05,189.63,-11.5,186
1998,1-Mar,07:00PM,Sun,Portland,21,19,40,18,43,0,61,101,NO,1,1,YES,Boston,21,27,48,28,26,0,54,102,NO,2,1,NO,88,115,203,91.58,117.05,208.63,4,207
1998,1-Mar,07:30PM,Sun,New Jersey,26,24,50,15,19,0,34,84,YES,0,1,NO,Miami,19,23,42,23,20,0,43,85,NO,1,0,YES,92,77,169,95.58,79.05,174.63,-7,191
1998,2-Mar,07:00PM,Mon,LAL,25,19,44,23,19,0,42,86,NO,0,1,YES,Washington,24,25,49,25,22,0,47,96,NO,2,1,NO,93,89,182,96.58,91.05,187.63,5,207
1998,2-Mar,07:30PM,Mon,Golden State,21,10,31,27,25,0,52,83,NO,0,1,YES,Charlotte,31,18,49,30,33,0,63,112,NO,1,1,NO,80,115,195,83.58,117.05,200.63,-14,188.5
1998,2-Mar,07:30PM,Mon,Dallas,29,18,47,25,22,0,47,94,NO,1,0,NO,Detroit,22,20,42,30,28,0,58,100,YES,1,0,YES,89,105,194,92.58,107.05,199.63,-8.5,180
1998,2-Mar,04:30PM,Mon,San Antonio,26,22,48,34,34,0,68,116,YES,1,1,NO,Sacramento,18,22,40,26,29,0,55,95,NO,1,1,YES,88,123,211,91.58,125.05,216.63,5.5,188
1998,3-Mar,06:00PM,Tue,Dallas,24,35,59,24,27,0,51,110,NO,0,1,YES,Minnesota,20,27,47,22,30,0,52,99,YES,0,1,NO,106,103,209,109.58,105.05,214.63,-8.5,192
1998,3-Mar,04:00PM,Tue,Phoenix,17,23,40,26,27,0,53,93,NO,1,1,YES,Portland,28,27,55,18,25,0,43,98,NO,4,1,YES,95,96,191,98.58,98.05,196.63,-2,195.5
1998,3-Mar,07:00PM,Tue,Utah,20,30,50,30,28,0,58,108,NO,1,0,NO,Toronto,26,16,42,28,23,0,51,93,YES,0,3,YES,92,109,201,95.58,111.05,206.63,10,200
1998,3-Mar,07:00PM,Tue,Indiana,22,31,53,27,31,0,58,111,YES,1,0,NO,Vancouver,30,23,53,19,31,0,50,103,NO,2,1,NO,106,108,214,109.58,110.05,219.63,10,192
1998,3-Mar,06:30PM,Tue,Denver,27,29,56,18,16,0,34,90,NO,1,1,NO,Chicago,34,25,59,26,33,0,59,118,YES,4,2,NO,115,93,208,118.58,95.05,213.63,-19.5,189
1998,3-Mar,06:30PM,Tue,LAC,22,24,46,28,23,0,51,97,YES,3,1,NO,Houston,28,28,56,19,32,0,51,107,NO,1,1,NO,102,102,204,105.58,104.05,209.63,-11,212
1998,3-Mar,07:30PM,Tue,New Jersey,20,23,43,23,25,0,48,91,NO,1,2,YES,New York,23,27,50,20,24,0,44,94,YES,1,1,NO,93,92,185,96.58,94.05,190.63,-2,189
1998,3-Mar,08:00PM,Tue,Seattle,25,25,50,16,17,14,33,83,YES,1,0,NO,Miami,28,25,53,17,13,8,30,83,YES,1,1,NO,103,63,166,106.58,65.05,171.63,-1.5,187
1998,4-Mar,07:30PM,Wed,Minnesota,27,23,50,31,21,0,52,102,YES,0,1,YES,Charlotte,27,26,53,29,30,0,59,112,NO,1,1,NO,103,111,214,106.58,113.05,219.63,-9,203
1998,4-Mar,07:30PM,Wed,Toronto,24,19,43,22,23,0,45,88,YES,0,1,NO,Cleveland,31,34,65,36,21,0,57,122,YES,1,2,NO,108,102,210,111.58,104.05,215.63,-11,193
1998,4-Mar,04:30PM,Wed,San Antonio,19,37,56,14,13,0,27,83,NO,1,1,NO,Golden State,25,24,49,19,22,0,41,90,NO,1,1,YES,105,68,173,108.58,70.05,178.63,11.5,190
1998,4-Mar,04:30PM,Wed,Indiana,22,24,46,21,28,0,49,95,NO,0,1,NO,LAL,31,28,59,21,24,0,45,104,NO,1,1,YES,105,94,199,108.58,96.05,204.63,-4.5,196
1998,4-Mar,07:30PM,Wed,Seattle,19,23,42,15,26,0,41,83,NO,0,1,NO,Orlando,29,25,54,22,20,0,42,96,NO,1,3,YES,96,83,179,99.58,85.05,184.63,6,185
1998,4-Mar,07:30PM,Wed,Milwaukee,24,24,48,8,24,0,32,80,NO,5,0,YES,Philadelphia,19,25,44,18,25,0,43,87,NO,1,3,YES,92,75,167,95.58,77.05,172.63,-2.5,189
1998,4-Mar,04:30PM,Wed,Detroit,30,20,50,20,19,0,39,89,YES,1,0,NO,Sacramento,27,23,50,28,31,0,59,109,YES,1,1,NO,100,98,198,103.58,100.05,203.63,3,190
1998,4-Mar,08:00PM,Wed,Utah,24,25,49,33,28,0,61,110,NO,0,1,NO,Boston,23,23,46,26,22,0,48,94,NO,1,2,NO,95,109,204,98.58,111.05,209.63,4.5,206
1998,5-Mar,04:00PM,Thu,Detroit,24,24,48,19,26,0,45,93,NO,0,2,NO,Phoenix,27,22,49,28,25,0,53,102,NO,1,1,YES,97,98,195,100.58,100.05,200.63,-9,190
1998,5-Mar,07:00PM,Thu,New York,18,19,37,31,22,0,53,90,YES,1,0,NO,Washington,30,30,60,19,24,0,43,103,YES,0,2,NO,97,96,193,100.58,98.05,198.63,-3,189
1998,5-Mar,06:30PM,Thu,LAC,22,30,52,20,37,0,57,109,NO,1,2,NO,Dallas,30,29,59,35,25,0,60,119,NO,1,1,YES,111,117,228,114.58,119.05,233.63,-3.5,198
1998,5-Mar,06:30PM,Thu,Miami,24,27,51,33,33,0,66,117,YES,1,1,NO,Houston,23,30,53,20,20,0,40,93,YES,1,1,NO,104,106,210,107.58,108.05,215.63,-1.5,187
1998,5-Mar,06:30PM,Thu,Denver,21,14,35,29,23,0,52,87,NO,1,0,NO,Milwaukee,23,27,50,29,25,0,54,104,NO,1,0,YES,85,106,191,88.58,108.05,196.63,-13,184
1998,6-Mar,07:00PM,Fri,Washington,29,19,48,30,20,0,50,98,YES,0,1,YES,Boston,35,22,57,28,23,0,51,108,YES,1,1,NO,105,101,206,108.58,103.05,211.63,-3,206
1998,6-Mar,06:00PM,Fri,Toronto,20,27,47,22,22,0,44,91,NO,1,1,NO,Minnesota,35,31,66,25,22,0,47,113,NO,1,1,YES,113,91,204,116.58,93.05,209.63,-8,203
1998,6-Mar,07:00PM,Fri,Sacramento,25,21,46,29,23,0,52,98,YES,1,2,YES,Vancouver,29,28,57,23,16,0,39,96,NO,1,2,NO,103,91,194,106.58,93.05,199.63,0,204
1998,6-Mar,07:30PM,Fri,Denver,24,25,49,20,25,0,45,94,NO,0,1,YES,Atlanta,31,21,52,29,34,0,63,115,NO,1,4,YES,101,108,209,104.58,110.05,214.63,-18.5,191
1998,6-Mar,07:30PM,Fri,Seattle,20,29,49,23,26,0,49,98,NO,1,1,NO,Charlotte,20,38,58,18,28,0,46,104,YES,1,1,NO,107,95,202,110.58,97.05,207.63,,
1998,6-Mar,04:30PM,Fri,Indiana,26,23,49,22,30,0,52,101,NO,1,1,YES,Golden State,18,24,42,28,17,0,45,87,YES,2,1,NO,91,97,188,94.58,99.05,193.63,10,181.5
1998,6-Mar,04:30PM,Fri,San Antonio,23,13,36,24,24,0,48,84,NO,1,1,NO,LAL,22,22,44,17,30,0,47,91,NO,1,1,NO,80,95,175,83.58,97.05,180.63,-6,195
1998,6-Mar,07:30PM,Fri,Utah,31,23,54,37,31,0,68,122,NO,1,0,NO,New Jersey,36,19,55,24,36,0,60,115,NO,1,2,YES,109,128,237,112.58,130.05,242.63,4,200
1998,6-Mar,07:30PM,Fri,Cleveland,17,22,39,22,22,6,44,83,YES,1,1,NO,Orlando,20,18,38,20,25,8,45,83,YES,2,1,NO,77,89,166,80.58,91.05,171.63,-1.5,178.5
1998,6-Mar,07:30PM,Fri,New York,14,24,38,13,20,0,33,71,NO,0,1,YES,Philadelphia,23,24,47,14,19,0,33,80,YES,1,1,NO,85,66,151,88.58,68.05,156.63,1.5,182.5
1998,7-Mar,04:00PM,Sat,Houston,30,25,55,25,28,0,53,108,YES,1,1,NO,Phoenix,24,27,51,22,16,0,38,89,NO,1,1,NO,106,91,197,109.58,93.05,202.63,-5.5,203
1998,7-Mar,06:30PM,Sat,Miami,22,27,49,24,21,0,45,94,NO,1,2,NO,Dallas,19,23,42,16,30,0,46,88,YES,2,1,NO,91,91,182,94.58,93.05,187.63,9,0
1998,7-Mar,07:00PM,Sat,Utah,24,26,50,24,36,0,60,110,NO,0,1,YES,Milwaukee,16,27,43,27,22,0,49,92,NO,2,1,NO,93,109,202,96.58,111.05,207.63,5,194
1998,8-Mar,12:00PM,Sun,Cleveland,20,20,40,24,32,0,56,96,NO,1,2,YES,Atlanta,22,23,45,29,27,0,56,101,YES,2,1,NO,85,112,197,88.58,114.05,202.63,-4,186
1998,8-Mar,09:00AM,Sun,Detroit,24,19,43,15,31,0,46,89,NO,2,2,YES,LAL,25,17,42,24,30,0,54,96,NO,2,1,NO,85,100,185,88.58,102.05,190.63,-8.5,196
1998,8-Mar,09:00AM,Sun,San Antonio,18,25,43,24,15,0,39,82,NO,1,1,YES,Portland,20,15,35,25,18,0,43,78,YES,2,4,NO,78,82,160,81.58,84.05,165.63,-1.5,182.5
1998,8-Mar,12:00PM,Sun,Toronto,26,31,57,28,21,0,49,106,NO,1,1,NO,Vancouver,38,25,63,19,31,0,50,113,YES,3,1,NO,120,99,219,123.58,101.05,224.63,-4,204.5
1998,8-Mar,12:30PM,Sun,Boston,21,32,53,26,21,0,47,100,YES,1,2,YES,Indiana,29,22,51,32,21,0,53,104,YES,2,1,YES,104,100,204,107.58,102.05,209.63,-8,193
1998,8-Mar,12:30PM,Sun,Charlotte,23,24,47,35,27,0,62,109,YES,1,2,YES,New Jersey,29,29,58,20,22,0,42,100,YES,1,1,NO,105,104,209,108.58,106.05,214.63,,
1998,8-Mar,01:00PM,Sun,Seattle,17,26,43,27,22,7,49,92,NO,1,1,YES,Minnesota,24,22,46,25,21,6,46,92,YES,2,1,NO,89,95,184,92.58,97.05,189.63,7,201.5
1998,8-Mar,03:00PM,Sun,Philadelphia,21,24,45,27,19,0,46,91,YES,1,0,YES,Washington,31,23,54,27,19,0,46,100,YES,1,1,YES,99,92,191,102.58,94.05,196.63,-5.5,195.5
1998,8-Mar,05:30PM,Sun,Chicago,28,15,43,31,28,0,59,102,YES,4,1,YES,New York,31,15,46,25,18,0,43,89,NO,1,1,YES,89,102,191,92.58,104.05,196.63,5,183
1998,8-Mar,05:00PM,Sun,LAC,30,19,49,22,29,0,51,100,NO,2,0,NO,Denver,23,33,56,16,17,0,33,89,NO,1,1,YES,105,84,189,108.58,86.05,194.63,5,200.5
1998,9-Mar,04:00PM,Mon,LAC,22,29,51,29,25,0,54,105,NO,0,2,YES,Phoenix,32,42,74,38,22,0,60,134,YES,0,1,NO,125,114,239,128.58,116.05,244.63,-11,206
1998,9-Mar,05:00PM,Mon,Houston,25,32,57,21,15,0,36,93,NO,1,0,YES,Utah,19,28,47,27,26,0,53,100,NO,1,1,YES,104,89,193,107.58,91.05,198.63,0,0
1998,9-Mar,07:30PM,Mon,Orlando,25,22,47,19,22,0,41,88,YES,2,0,NO,Philadelphia,25,22,47,12,19,0,31,78,NO,1,0,YES,94,72,166,97.58,74.05,171.63,0,179
1998,9-Mar,04:30PM,Mon,Golden State,27,29,56,17,20,0,37,93,YES,2,1,YES,Sacramento,18,20,38,33,17,0,50,88,YES,1,2,YES,94,87,181,97.58,89.05,186.63,-8.5,192
1998,10-Mar,06:00PM,Tue,Miami,19,25,44,21,26,0,47,91,NO,2,1,YES,Chicago,27,26,53,28,25,0,53,106,YES,1,1,YES,97,100,197,100.58,102.05,202.63,-6.5,184
1998,10-Mar,05:00PM,Tue,Phoenix,26,20,46,31,23,0,54,100,YES,0,2,YES,Denver,21,16,37,23,16,0,39,76,NO,1,1,NO,83,93,176,86.58,95.05,181.63,14,195.5
1998,10-Mar,07:00PM,Tue,Toronto,32,23,55,14,24,0,38,93,NO,1,2,NO,Seattle,29,37,66,23,22,0,45,111,NO,3,1,YES,121,83,204,124.58,85.05,209.63,-15.5,204
1998,10-Mar,06:30PM,Tue,Dallas,26,19,45,19,27,0,46,91,YES,2,1,YES,Houston,29,31,60,19,18,0,37,97,NO,1,0,YES,105,83,188,108.58,85.05,193.63,-10,203
1998,10-Mar,06:30PM,Tue,Washington,28,27,55,21,17,0,38,93,YES,1,0,NO,Milwaukee,15,21,36,19,22,0,41,77,YES,0,2,NO,91,79,170,94.58,81.05,175.63,0,0
1998,10-Mar,07:30PM,Tue,Orlando,18,22,40,15,23,0,38,78,NO,0,2,YES,New York,24,19,43,22,20,0,42,85,YES,0,1,NO,83,80,163,86.58,82.05,168.63,-6.5,175
1998,10-Mar,06:30PM,Tue,New Jersey,15,24,39,24,15,0,39,78,YES,1,1,NO,San Antonio,22,26,48,13,18,0,31,79,NO,1,1,YES,87,70,157,90.58,72.05,162.63,-7,0
1998,11-Mar,07:00PM,Wed,Atlanta,33,24,57,30,23,0,53,110,YES,2,1,NO,Boston,23,28,51,31,23,0,54,105,NO,1,2,YES,108,107,215,111.58,109.05,220.63,3.5,201
1998,11-Mar,05:00PM,Wed,Sacramento,21,24,45,24,26,0,50,95,YES,1,0,NO,Utah,28,25,53,33,24,0,57,110,NO,1,1,NO,98,107,205,101.58,109.05,210.63,-14.5,204
1998,11-Mar,07:30PM,Wed,New York,23,20,43,19,16,0,35,78,YES,0,2,NO,Charlotte,24,23,47,17,21,0,38,85,YES,1,2,YES,90,73,163,93.58,75.05,168.63,-7.5,185
1998,11-Mar,07:30PM,Wed,Milwaukee,18,18,36,23,24,0,47,83,YES,0,1,NO,Cleveland,22,29,51,22,22,0,44,95,YES,0,2,YES,87,91,178,90.58,93.05,183.63,-11,0
1998,11-Mar,04:30PM,Wed,Minnesota,31,28,59,29,25,0,54,113,YES,2,0,NO,Golden State,14,25,39,23,22,0,45,84,YES,1,1,YES,98,99,197,101.58,101.05,202.63,5,192
1998,11-Mar,04:30PM,Wed,Portland,25,30,55,30,22,0,52,107,YES,2,0,YES,LAL,27,31,58,35,28,0,63,121,YES,0,2,NO,113,115,228,116.58,117.05,233.63,-7.5,194.5
1998,11-Mar,07:30PM,Wed,Washington,17,18,35,35,16,0,51,86,NO,0,2,NO,Philadelphia,28,21,49,23,16,0,39,88,NO,1,1,NO,84,90,174,87.58,92.05,179.63,2,190
1998,11-Mar,08:00PM,Wed,Indiana,24,20,44,19,28,0,47,91,YES,2,1,YES,Detroit,30,38,68,28,26,0,54,122,YES,1,2,YES,112,101,213,115.58,103.05,218.63,2,183.5
1998,12-Mar,05:00PM,Thu,Vancouver,18,21,39,30,24,0,54,93,YES,3,0,NO,Denver,29,28,57,20,21,0,41,98,NO,1,1,NO,96,95,191,99.58,97.05,196.63,4.5,195
1998,12-Mar,04:00PM,Thu,Minnesota,16,23,39,25,28,0,53,92,NO,0,1,NO,Portland,21,25,46,23,26,0,49,95,YES,1,0,YES,85,102,187,88.58,104.05,192.63,-7,198
1998,12-Mar,06:30PM,Thu,Chicago,30,18,48,23,20,6,43,91,YES,1,1,NO,Dallas,24,16,40,20,31,13,51,91,NO,1,1,YES,88,94,182,91.58,96.05,187.63,11.5,192
1998,12-Mar,06:30PM,Thu,New Jersey,26,20,46,33,25,0,58,104,NO,1,1,NO,Houston,30,22,52,32,31,0,63,115,NO,1,1,NO,98,121,219,101.58,123.05,224.63,-8,201
1998,12-Mar,04:30PM,Thu,LAL,25,29,54,22,32,0,54,108,YES,0,2,NO,LAC,17,17,34,25,26,0,51,85,NO,0,2,YES,88,105,193,91.58,107.05,198.63,10.5,213
1998,12-Mar,07:30PM,Thu,Cleveland,17,15,32,13,29,0,42,74,YES,0,1,YES,Miami,30,23,53,18,26,0,44,97,YES,2,1,YES,85,86,171,88.58,88.05,176.63,-8,179.5
1998,12-Mar,06:30PM,Thu,Sacramento,27,19,46,22,18,0,40,86,NO,0,1,NO,San Antonio,30,25,55,15,27,0,42,97,NO,1,1,NO,101,82,183,104.58,84.05,188.63,-11.5,187
1998,13-Mar,07:00PM,Fri,Detroit,19,18,37,28,31,0,59,96,YES,1,1,YES,Boston,18,20,38,31,23,0,54,92,YES,1,1,NO,75,113,188,78.58,115.05,193.63,-1.5,200.5
1998,13-Mar,07:00PM,Fri,Milwaukee,24,22,46,12,18,0,30,76,NO,1,0,YES,Indiana,26,23,49,20,27,0,47,96,YES,1,1,YES,95,77,172,98.58,79.05,177.63,-13.5,181
1998,13-Mar,04:00PM,Fri,Golden State,18,22,40,20,17,0,37,77,YES,1,1,YES,Phoenix,24,26,50,27,24,0,51,101,NO,1,2,YES,90,88,178,93.58,90.05,183.63,-15,191
1998,13-Mar,05:00PM,Fri,Vancouver,23,28,51,24,26,0,50,101,NO,0,1,YES,Utah,29,28,57,28,25,0,53,110,YES,1,1,NO,108,103,211,111.58,105.05,216.63,-16.5,207
1998,13-Mar,04:30PM,Fri,Toronto,26,30,56,31,33,0,64,120,NO,2,1,NO,LAC,39,35,74,39,39,0,78,152,YES,1,0,NO,130,142,272,133.58,144.05,277.63,-6,209
1998,13-Mar,07:30PM,Fri,Charlotte,21,31,52,27,21,0,48,100,YES,1,0,YES,Orlando,21,23,44,25,13,0,38,82,NO,1,2,YES,96,86,182,99.58,88.05,187.63,2.5,182
1998,13-Mar,07:30PM,Fri,Atlanta,19,28,47,17,22,0,39,86,NO,1,1,YES,Philadelphia,23,29,52,32,23,0,55,107,YES,0,1,NO,99,94,193,102.58,96.05,198.63,6.5,190
1998,14-Mar,12:30PM,Sat,Minnesota,25,17,42,18,20,0,38,80,NO,1,1,YES,Seattle,28,26,54,27,33,0,60,114,NO,1,3,NO,96,98,194,99.58,100.05,199.63,-11,202
1998,14-Mar,05:00PM,Sat,Portland,18,14,32,24,26,0,50,82,YES,1,0,YES,Denver,24,15,39,28,25,0,53,92,YES,1,1,NO,71,103,174,74.58,105.05,179.63,11.5,189
1998,14-Mar,07:30PM,Sat,Washington,28,13,41,23,19,0,42,83,NO,2,2,YES,Charlotte,18,25,43,11,26,0,37,80,NO,1,0,YES,84,79,163,87.58,81.05,168.63,-6,195.5
1998,14-Mar,07:30PM,Sat,New York,18,25,43,19,16,7,35,78,NO,2,0,YES,Cleveland,21,22,43,18,17,10,35,78,YES,2,1,YES,86,70,156,89.58,72.05,161.63,-3,179
1998,14-Mar,06:30PM,Sat,New Jersey,25,22,47,25,36,0,61,108,NO,1,1,NO,Dallas,22,26,48,24,21,0,45,93,YES,0,1,NO,95,106,201,98.58,108.05,206.63,3.5,193
1998,14-Mar,06:30PM,Sat,Sacramento,24,24,48,23,15,0,38,86,NO,1,2,NO,Houston,19,25,44,24,21,0,45,89,NO,2,1,NO,92,83,175,95.58,85.05,180.63,-11,207
1998,14-Mar,06:30PM,Sat,Chicago,27,13,40,28,28,0,56,96,NO,1,1,YES,San Antonio,17,22,39,20,27,0,47,86,NO,1,1,NO,79,103,182,82.58,105.05,187.63,4,181.5
1998,14-Mar,07:00PM,Sat,Philadelphia,24,26,50,28,15,0,43,93,YES,0,2,NO,Milwaukee,27,24,51,20,18,0,38,89,YES,1,0,YES,101,81,182,104.58,83.05,187.63,-1,179
1998,15-Mar,12:00PM,Sun,Utah,24,22,46,31,32,0,63,109,YES,1,0,NO,Detroit,18,23,41,25,32,0,57,98,YES,0,1,YES,87,120,207,90.58,122.05,212.63,3,194
1998,15-Mar,12:00PM,Sun,Miami,17,21,38,17,24,0,41,79,YES,2,0,YES,Orlando,18,17,35,24,17,0,41,76,NO,1,1,NO,73,82,155,76.58,84.05,160.63,6.5,175
1998,15-Mar,12:00PM,Sun,LAL,26,37,63,27,29,0,56,119,NO,2,0,NO,Vancouver,24,39,63,25,22,0,47,110,YES,1,1,YES,126,103,229,129.58,105.05,234.63,13,210
1998,15-Mar,03:00PM,Sun,Boston,13,21,34,17,26,0,43,77,YES,1,1,NO,Atlanta,18,33,51,19,23,0,42,93,YES,1,1,YES,85,85,170,88.58,87.05,175.63,-9,202
1998,15-Mar,02:00PM,Sun,Toronto,23,25,48,22,22,8,44,92,NO,1,1,YES,Golden State,34,25,59,18,15,6,33,92,NO,1,1,YES,107,77,184,110.58,79.05,189.63,-4.5,198
1998,15-Mar,03:00PM,Sun,Dallas,22,23,45,23,22,0,45,90,YES,0,1,YES,Phoenix,28,22,50,27,23,0,50,100,NO,1,1,NO,95,95,190,98.58,97.05,195.63,-14.5,192.5
1998,15-Mar,04:00PM,Sun,LAC,29,22,51,24,17,0,41,92,YES,1,1,NO,Portland,31,22,53,21,29,0,50,103,NO,1,0,YES,104,91,195,107.58,93.05,200.63,-9.5,204
1998,15-Mar,07:30PM,Sun,Indiana,23,12,35,29,27,0,56,91,YES,1,1,YES,New York,18,19,37,24,25,0,49,86,NO,1,0,YES,72,105,177,75.58,107.05,182.63,3.5,178
1998,16-Mar,06:00PM,Mon,Utah,27,17,44,28,30,0,58,102,NO,0,1,NO,Minnesota,27,11,38,34,24,0,58,96,NO,1,1,YES,82,116,198,85.58,118.05,203.63,5.5,206
1998,16-Mar,07:00PM,Mon,LAL,19,22,41,25,23,0,48,89,NO,0,1,YES,Seattle,23,37,60,11,30,0,41,101,NO,1,1,NO,101,89,190,104.58,91.05,195.63,-4,199.5
1998,16-Mar,07:30PM,Mon,Denver,25,12,37,20,30,0,50,87,YES,1,0,NO,Charlotte,24,23,47,28,34,0,62,109,NO,1,1,NO,84,112,196,87.58,114.05,201.63,-16.5,189
1998,16-Mar,06:30PM,Mon,New Jersey,21,14,35,10,27,0,37,72,NO,1,2,YES,Chicago,22,15,37,30,21,0,51,88,YES,0,1,YES,72,88,160,75.58,90.05,165.63,-12,200
1998,16-Mar,07:30PM,Mon,Detroit,22,25,47,27,29,0,56,103,YES,0,1,YES,Miami,20,22,42,24,24,0,48,90,NO,1,0,YES,89,104,193,92.58,106.05,198.63,-8.5,181.5
1998,16-Mar,06:30PM,Mon,Milwaukee,22,20,42,17,26,0,43,85,YES,1,0,NO,San Antonio,18,22,40,30,26,0,56,96,YES,1,1,NO,82,99,181,85.58,101.05,186.63,-15,0
1998,17-Mar,04:00PM,Tue,Sacramento,22,24,46,25,9,0,34,80,NO,2,1,YES,Phoenix,23,31,54,31,22,0,53,107,YES,0,1,NO,100,87,187,103.58,89.05,192.63,-12.5,197
1998,17-Mar,04:00PM,Tue,Cleveland,20,29,49,21,26,0,47,96,YES,2,1,NO,Portland,23,23,46,20,16,0,36,82,YES,1,1,NO,95,83,178,98.58,85.05,183.63,-3.5,182
1998,17-Mar,07:00PM,Tue,Atlanta,25,22,47,30,40,0,70,117,YES,1,1,YES,Toronto,19,27,46,18,41,0,59,105,NO,1,1,YES,93,129,222,96.58,131.05,227.63,10,202
1998,17-Mar,07:00PM,Tue,Denver,20,23,43,16,31,0,47,90,NO,0,1,NO,Washington,26,23,49,21,19,0,40,89,NO,1,2,YES,92,87,179,95.58,89.05,184.63,-17,193
1998,17-Mar,06:30PM,Tue,Boston,27,27,54,15,24,0,39,93,NO,1,1,NO,Dallas,20,26,46,26,27,0,53,99,NO,1,1,YES,100,92,192,103.58,94.05,197.63,3,196
1998,17-Mar,04:30PM,Tue,LAC,27,35,62,21,24,0,45,107,NO,1,0,NO,Golden State,33,24,57,21,24,0,45,102,YES,1,1,NO,119,90,209,122.58,92.05,214.63,1,196.5
1998,17-Mar,06:30PM,Tue,Milwaukee,22,23,45,21,25,0,46,91,NO,0,1,NO,Houston,31,18,49,24,23,0,47,96,NO,1,2,NO,94,93,187,97.58,95.05,192.63,-14,0
1998,17-Mar,07:30PM,Tue,Philadelphia,16,18,34,27,35,0,62,96,NO,2,0,NO,New York,25,26,51,21,28,0,49,100,NO,1,1,NO,85,111,196,88.58,113.05,201.63,-5.5,177
1998,17-Mar,07:30PM,Tue,Vancouver,27,28,55,15,22,0,37,92,YES,1,0,NO,Orlando,21,31,52,27,20,0,47,99,YES,1,1,NO,107,84,191,110.58,86.05,196.63,-9,188
1998,17-Mar,08:00PM,Tue,Chicago,28,23,51,22,17,0,39,90,YES,0,2,YES,Indiana,22,24,46,27,11,0,38,84,YES,1,1,YES,97,77,174,100.58,79.05,179.63,1.5,182.5
1998,18-Mar,06:00PM,Wed,San Antonio,23,24,47,21,24,0,45,92,YES,1,1,YES,Minnesota,25,17,42,20,14,0,34,76,NO,1,1,NO,89,79,168,92.58,81.05,173.63,4,186
1998,18-Mar,07:00PM,Wed,LAC,25,25,50,19,11,0,30,80,NO,0,2,YES,Seattle,32,22,54,19,26,0,45,99,YES,1,1,NO,104,75,179,107.58,77.05,184.63,-15,206
1998,18-Mar,07:30PM,Wed,Philadelphia,31,23,54,23,27,0,50,104,NO,0,1,YES,Detroit,15,31,46,32,18,0,50,96,NO,1,1,YES,100,100,200,103.58,102.05,205.63,-9,186.5
1998,18-Mar,04:30PM,Wed,Phoenix,22,20,42,31,20,0,51,93,YES,0,2,YES,LAL,22,27,49,26,24,0,50,99,NO,1,1,YES,91,101,192,94.58,103.05,197.63,-7,207
1998,18-Mar,07:30PM,Wed,Vancouver,26,23,49,21,21,0,42,91,NO,0,1,NO,Miami,24,27,51,25,18,0,43,94,NO,1,1,NO,100,85,185,103.58,87.05,190.63,-15,193
1998,18-Mar,08:00PM,Wed,Utah,21,16,37,25,23,0,48,85,NO,1,1,NO,Charlotte,22,30,52,32,27,0,59,111,YES,1,1,NO,89,107,196,92.58,109.05,201.63,1.5,200
1998,19-Mar,07:00PM,Thu,Indiana,27,26,53,28,14,0,42,95,YES,1,0,YES,Washington,25,21,46,24,21,0,45,91,YES,2,1,NO,99,87,186,102.58,89.05,191.63,1,189
1998,19-Mar,07:00PM,Thu,Denver,25,26,51,26,18,8,44,95,NO,1,0,NO,Toronto,20,25,45,22,28,9,50,95,YES,0,1,NO,96,94,190,99.58,96.05,195.63,-6,195
1998,19-Mar,07:30PM,Thu,Milwaukee,21,19,40,17,24,0,41,81,NO,1,2,YES,Atlanta,18,26,44,20,20,0,40,84,YES,0,1,YES,84,81,165,87.58,83.05,170.63,-13,188
1998,19-Mar,06:30PM,Thu,Golden State,22,17,39,18,21,4,39,78,YES,1,0,NO,Dallas,31,12,43,16,19,10,35,78,NO,1,1,NO,82,74,156,85.58,76.05,161.63,-5,185
1998,19-Mar,06:30PM,Thu,Boston,24,27,51,20,25,0,45,96,NO,1,2,YES,Houston,19,26,45,28,32,0,60,105,YES,1,1,NO,96,105,201,99.58,107.05,206.63,-8,204
1998,19-Mar,07:30PM,Thu,Orlando,15,20,35,26,26,0,52,87,YES,1,0,YES,New Jersey,19,20,39,23,31,0,54,93,YES,0,2,YES,74,106,180,77.58,108.05,185.63,-6.5,188
1998,19-Mar,07:30PM,Thu,Portland,25,15,40,23,19,0,42,82,YES,1,0,NO,New York,20,17,37,20,20,0,40,77,NO,0,1,NO,77,82,159,80.58,84.05,164.63,-2.5,178.5
1998,19-Mar,04:30PM,Thu,Cleveland,16,19,35,27,28,0,55,90,NO,1,1,NO,Sacramento,22,12,34,27,24,0,51,85,NO,2,1,YES,69,106,175,72.58,108.05,180.63,3.5,187
1998,20-Mar,06:00PM,Fri,Vancouver,25,24,49,21,22,0,43,92,NO,1,0,NO,Chicago,24,34,58,17,23,0,40,98,YES,1,2,YES,107,83,190,110.58,85.05,195.63,-17,200
1998,20-Mar,07:00PM,Fri,New Jersey,16,24,40,31,21,0,52,92,YES,0,1,YES,Indiana,28,15,43,30,26,0,56,99,YES,1,0,YES,83,108,191,86.58,110.05,196.63,-7,186
1998,20-Mar,06:00PM,Fri,Denver,22,24,46,8,34,0,42,88,NO,0,2,YES,Minnesota,20,30,50,18,36,0,54,104,NO,0,1,NO,96,96,192,99.58,98.05,197.63,-12.5,193
1998,20-Mar,04:30PM,Fri,Seattle,22,16,38,16,26,0,42,80,YES,1,0,NO,LAL,23,29,52,14,27,0,41,93,YES,1,1,NO,90,83,173,93.58,85.05,178.63,-4,197
1998,20-Mar,07:30PM,Fri,Golden State,17,25,42,21,24,0,45,87,NO,0,1,NO,Miami,30,14,44,23,26,0,49,93,NO,1,1,NO,86,94,180,89.58,96.05,185.63,-16.5,183
1998,20-Mar,07:30PM,Fri,Atlanta,31,25,56,21,31,0,52,108,YES,0,1,NO,New York,31,35,66,24,19,0,43,109,NO,1,0,NO,122,95,217,125.58,97.05,222.63,-1,0
1998,20-Mar,07:30PM,Fri,Portland,24,18,42,16,29,0,45,87,NO,0,1,NO,Orlando,20,23,43,28,31,0,59,102,NO,1,0,YES,85,104,189,88.58,106.05,194.63,-1.5,176
1998,20-Mar,07:30PM,Fri,Utah,15,26,41,28,22,0,50,91,NO,1,1,NO,Philadelphia,20,17,37,21,21,0,42,79,YES,1,1,YES,78,92,170,81.58,94.05,175.63,7.5,193
1998,20-Mar,06:30PM,Fri,Charlotte,26,25,51,23,18,0,41,92,YES,1,3,NO,San Antonio,26,17,43,21,18,0,39,82,NO,1,1,YES,94,80,174,97.58,82.05,179.63,-3.5,182
1998,20-Mar,08:00PM,Fri,Toronto,26,27,53,26,20,0,46,99,YES,0,1,YES,Detroit,27,33,60,27,18,0,45,105,NO,1,1,NO,113,91,204,116.58,93.05,209.63,-13,200
1998,21-Mar,06:00PM,Sat,Vancouver,26,17,43,21,24,0,45,88,NO,0,1,YES,Minnesota,26,25,51,20,31,0,51,102,YES,1,0,NO,94,96,190,97.58,98.05,195.63,-10,200
1998,21-Mar,04:00PM,Sat,Seattle,26,29,55,25,22,0,47,102,NO,0,1,YES,Phoenix,31,27,58,32,19,0,51,109,YES,0,2,YES,113,98,211,116.58,100.05,216.63,-2.5,191
1998,21-Mar,06:30PM,Sat,Houston,27,30,57,24,22,0,46,103,YES,1,2,NO,Dallas,18,27,45,19,31,0,50,95,NO,1,1,NO,102,96,198,105.58,98.05,203.63,7.5,190.5
1998,21-Mar,04:30PM,Sat,Cleveland,28,21,49,30,21,0,51,100,NO,1,2,YES,LAC,12,18,30,22,27,0,49,79,YES,1,2,YES,79,100,179,82.58,102.05,184.63,8,191
1998,22-Mar,12:30PM,Sun,Atlanta,23,24,47,22,29,0,51,98,NO,1,1,YES,Detroit,30,23,53,23,29,0,52,105,YES,0,1,NO,100,103,203,103.58,105.05,208.63,-2.5,193
1998,22-Mar,12:30PM,Sun,Utah,26,25,51,22,25,26,47,98,NO,1,1,YES,New York,26,29,55,18,25,21,43,98,YES,1,1,NO,106,90,196,109.58,92.05,201.63,5,187
1998,22-Mar,11:00AM,Sun,LAL,21,29,50,25,21,0,46,96,YES,1,0,NO,Sacramento,31,25,56,18,19,0,37,93,YES,0,2,NO,106,83,189,109.58,85.05,194.63,9.5,195
1998,22-Mar,01:30PM,Sun,Indiana,17,18,35,28,16,17,44,79,YES,1,2,YES,Milwaukee,26,15,41,24,14,15,38,79,NO,1,2,YES,76,82,158,79.58,84.05,163.63,10.5,181
1998,22-Mar,03:00PM,Sun,Portland,26,20,46,12,22,0,34,80,NO,1,1,YES,Miami,28,29,57,27,28,0,55,112,YES,2,1,NO,103,89,192,106.58,91.05,197.63,-7,179
1998,22-Mar,03:00PM,Sun,Chicago,21,29,50,28,24,0,52,102,YES,1,0,YES,Toronto,26,22,48,21,31,0,52,100,NO,1,1,YES,98,104,202,101.58,106.05,207.63,13.5,201
1998,22-Mar,03:30PM,Sun,Philadelphia,26,22,48,24,18,0,42,90,YES,1,0,YES,Boston,33,20,53,30,25,0,55,108,YES,0,2,YES,101,97,198,104.58,99.05,203.63,0,0
1998,22-Mar,03:30PM,Sun,Washington,30,28,58,19,13,12,32,90,YES,2,1,NO,New Jersey,25,19,44,27,19,10,46,90,YES,2,1,YES,102,78,180,105.58,80.05,185.63,-4,199.5
1998,22-Mar,03:30PM,Sun,Golden State,14,23,37,20,26,0,46,83,NO,1,1,YES,Orlando,23,15,38,22,32,0,54,92,YES,1,1,NO,75,100,175,78.58,102.05,180.63,-7.5,175
1998,22-Mar,05:00PM,Sun,Phoenix,21,23,44,19,20,0,39,83,YES,0,1,NO,San Antonio,21,21,42,31,20,0,51,93,YES,1,1,NO,86,90,176,89.58,92.05,181.63,-5,183
1998,23-Mar,05:00PM,Mon,LAL,27,27,54,30,23,0,53,107,NO,0,1,YES,Denver,18,20,38,26,22,0,48,86,NO,1,2,YES,92,101,193,95.58,103.05,198.63,14,193
1998,23-Mar,07:00PM,Mon,Sacramento,22,18,40,14,29,0,43,83,YES,0,1,NO,Seattle,31,27,58,28,23,0,51,109,NO,1,1,YES,98,94,192,101.58,96.05,197.63,-16.5,0
1998,23-Mar,07:00PM,Mon,LAC,28,12,40,32,23,0,55,95,YES,1,1,YES,Vancouver,29,26,55,27,24,0,51,106,YES,2,1,YES,95,106,201,98.58,108.05,206.63,-2.5,210
1998,23-Mar,06:30PM,Mon,Boston,24,21,45,23,20,0,43,88,YES,0,1,YES,Chicago,30,26,56,24,31,0,55,111,YES,1,0,YES,101,98,199,104.58,100.05,204.63,-14,193
1998,23-Mar,06:30PM,Mon,Minnesota,24,20,44,27,16,0,43,87,YES,1,1,NO,Dallas,20,16,36,25,30,0,55,91,YES,1,1,NO,80,98,178,83.58,100.05,183.63,3.5,193
1998,23-Mar,07:30PM,Mon,Detroit,28,18,46,18,30,0,48,94,YES,0,1,YES,Philadelphia,15,18,33,27,19,0,46,79,NO,1,0,YES,79,94,173,82.58,96.05,178.63,3,188
1998,24-Mar,04:00PM,Tue,Phoenix,23,12,35,15,23,0,38,73,NO,1,0,YES,Utah,27,15,42,29,21,0,50,92,YES,2,1,YES,77,88,165,80.58,90.05,170.63,-6.5,197
1998,24-Mar,04:00PM,Tue,Washington,19,24,43,22,34,0,56,99,NO,1,0,NO,Portland,18,23,41,27,19,0,46,87,NO,1,1,YES,84,102,186,87.58,104.05,191.63,-2,0
1998,24-Mar,07:00PM,Tue,Charlotte,31,23,54,27,25,0,52,106,NO,3,1,YES,Toronto,20,24,44,19,26,0,45,89,NO,1,1,NO,98,97,195,101.58,99.05,200.63,9.5,203
1998,24-Mar,07:30PM,Tue,Orlando,20,19,39,18,16,0,34,73,YES,1,0,YES,Atlanta,18,20,38,23,24,0,47,85,NO,2,1,YES,77,81,158,80.58,83.05,163.63,-8.5,0
1998,24-Mar,07:30PM,Tue,San Antonio,16,22,38,25,23,0,48,86,YES,1,0,NO,Cleveland,15,18,33,28,24,0,52,85,YES,1,2,YES,71,100,171,74.58,102.05,176.63,-1,174
1998,24-Mar,04:30PM,Tue,New York,31,24,55,12,21,0,33,88,YES,1,0,NO,Golden State,24,13,37,14,24,0,38,75,NO,1,1,YES,92,71,163,95.58,73.05,168.63,8,177
1998,24-Mar,06:30PM,Tue,Houston,26,24,50,27,31,0,58,108,NO,2,0,NO,Milwaukee,32,26,58,31,29,0,60,118,YES,1,1,NO,108,118,226,111.58,120.05,231.63,0,0
1998,25-Mar,07:00PM,Wed,Miami,22,32,54,27,24,0,51,105,YES,2,1,YES,Boston,28,21,49,25,17,0,42,91,YES,1,1,YES,103,93,196,106.58,95.05,201.63,7,189
1998,25-Mar,05:00PM,Wed,Dallas,27,24,51,25,29,0,54,105,YES,1,1,YES,Denver,18,23,41,22,31,0,53,94,NO,1,1,NO,92,107,199,95.58,109.05,204.63,3,181
1998,25-Mar,07:00PM,Wed,Houston,18,19,37,28,21,0,49,86,NO,0,1,NO,Indiana,21,20,41,17,23,0,40,81,NO,1,2,YES,78,89,167,81.58,91.05,172.63,-11,191
1998,25-Mar,04:00PM,Wed,Minnesota,28,22,50,23,26,0,49,99,NO,1,1,NO,Phoenix,25,19,44,26,27,0,53,97,NO,1,0,YES,94,102,196,97.58,104.05,201.63,-9,195.5
1998,25-Mar,07:30PM,Wed,San Antonio,29,14,43,24,27,0,51,94,NO,0,1,NO,Detroit,27,26,53,27,23,0,50,103,YES,1,1,YES,96,101,197,99.58,103.05,202.63,-2.5,180
1998,25-Mar,04:30PM,Wed,New York,22,19,41,16,20,0,36,77,NO,0,1,NO,LAC,18,16,34,21,21,0,42,76,NO,1,1,YES,75,78,153,78.58,80.05,158.63,6,187.5
1998,25-Mar,04:30PM,Wed,Sacramento,29,24,53,18,20,0,38,91,NO,1,1,YES,LAL,33,30,63,25,26,0,51,114,YES,2,1,YES,116,89,205,119.58,91.05,210.63,-16,0
1998,25-Mar,07:30PM,Wed,New Jersey,24,17,41,28,22,0,50,91,YES,2,1,YES,Philadelphia,20,23,43,22,21,0,43,86,NO,1,1,NO,84,93,177,87.58,95.05,182.63,4,194.5
1998,25-Mar,07:30PM,Wed,Washington,31,24,55,22,32,0,54,109,NO,0,1,NO,Seattle,36,38,74,38,21,0,59,133,YES,0,1,NO,129,113,242,132.58,115.05,247.63,-9.5,190
1998,25-Mar,08:00PM,Wed,Chicago,23,26,49,25,11,0,36,85,YES,1,1,NO,Orlando,13,18,31,23,16,0,39,70,NO,1,0,YES,80,75,155,83.58,77.05,160.63,10.5,179
1998,26-Mar,04:00PM,Thu,Vancouver,30,27,57,27,18,0,45,102,YES,2,0,YES,Portland,25,29,54,25,29,0,54,108,YES,0,1,NO,111,99,210,114.58,101.05,215.63,0,0
1998,26-Mar,07:00PM,Thu,Cleveland,29,23,52,18,27,0,45,97,YES,1,0,YES,Toronto,19,28,47,27,22,0,49,96,NO,2,1,NO,99,94,193,102.58,96.05,198.63,9.5,192
1998,26-Mar,07:30PM,Thu,Milwaukee,23,21,44,22,14,0,36,80,YES,1,0,NO,Charlotte,22,26,48,15,31,0,46,94,YES,0,1,YES,92,82,174,95.58,84.05,179.63,-13,187
1998,26-Mar,04:30PM,Thu,Seattle,20,28,48,17,26,0,43,91,YES,0,1,YES,Golden State,24,23,47,24,27,0,51,98,YES,0,1,NO,95,94,189,98.58,96.05,194.63,13,187
1998,27-Mar,05:00PM,Fri,Golden State,24,21,45,26,18,0,44,89,YES,0,1,YES,Denver,31,20,51,21,25,0,46,97,NO,4,1,NO,96,90,186,99.58,92.05,191.63,-2,181
1998,27-Mar,07:00PM,Fri,Charlotte,22,21,43,31,22,0,53,96,YES,0,1,NO,Indiana,36,36,72,27,34,0,61,133,NO,1,1,NO,115,114,229,118.58,116.05,234.63,-5.5,182
1998,27-Mar,04:00PM,Fri,Washington,19,27,46,20,19,0,39,85,NO,1,1,NO,Phoenix,19,33,52,19,18,0,37,89,NO,1,1,NO,98,76,174,101.58,78.05,179.63,-6.5,195
1998,27-Mar,07:30PM,Fri,Chicago,22,25,47,20,22,0,42,89,NO,1,1,NO,Atlanta,25,19,44,14,16,0,30,74,NO,1,2,NO,91,72,163,94.58,74.05,168.63,3.5,186
1998,27-Mar,07:30PM,Fri,Detroit,21,25,46,14,23,4,37,83,YES,1,1,NO,Cleveland,23,25,48,13,22,5,35,83,NO,1,0,YES,94,72,166,97.58,74.05,171.63,-2,181
1998,27-Mar,06:30PM,Fri,Utah,25,27,52,25,22,0,47,99,YES,2,0,YES,Dallas,11,23,34,22,34,0,56,90,YES,1,1,YES,86,103,189,89.58,105.05,194.63,10.5,190
1998,27-Mar,04:30PM,Fri,Minnesota,26,25,51,23,26,0,49,100,NO,1,1,NO,LAC,25,22,47,29,22,0,51,98,NO,1,1,NO,98,100,198,101.58,102.05,203.63,4,204
1998,27-Mar,07:30PM,Fri,Milwaukee,17,24,41,18,18,0,36,77,NO,0,1,YES,Miami,23,22,45,30,27,0,57,102,NO,1,1,YES,86,93,179,89.58,95.05,184.63,-13,182
1998,27-Mar,07:30PM,Fri,Boston,14,15,29,26,27,0,53,82,YES,1,1,NO,New Jersey,18,24,42,13,21,0,34,76,NO,3,1,YES,71,87,158,74.58,89.05,163.63,-8.5,204
1998,27-Mar,07:30PM,Fri,San Antonio,30,22,52,35,23,0,58,110,NO,1,1,NO,Philadelphia,27,18,45,14,26,0,40,85,NO,1,1,NO,97,98,195,100.58,100.05,200.63,4,175
1998,27-Mar,04:30PM,Fri,Portland,20,27,47,27,16,0,43,90,YES,0,1,NO,Sacramento,20,15,35,17,21,0,38,73,NO,1,1,YES,82,81,163,85.58,83.05,168.63,0,0
1998,27-Mar,07:30PM,Fri,New York,25,20,45,20,18,14,38,83,NO,1,0,NO,Vancouver,27,15,42,22,19,6,41,83,YES,1,0,YES,87,79,166,90.58,81.05,171.63,7,185
1998,27-Mar,08:00PM,Fri,Houston,19,14,33,18,24,0,42,75,NO,1,1,NO,Orlando,22,26,48,20,32,0,52,100,YES,1,1,NO,81,94,175,84.58,96.05,180.63,0,0
1998,28-Mar,07:00PM,Sat,New York,14,19,33,18,27,0,45,78,NO,0,2,YES,Seattle,27,28,55,26,23,0,49,104,NO,2,1,YES,88,94,182,91.58,96.05,187.63,-10,183
1998,28-Mar,05:00PM,Sat,LAL,26,25,51,19,21,0,40,91,YES,2,0,YES,Utah,31,28,59,24,23,0,47,106,YES,2,0,YES,110,87,197,113.58,89.05,202.63,-4,197
1998,29-Mar,12:30PM,Sun,San Antonio,23,19,42,14,18,0,32,74,NO,1,1,NO,Indiana,14,20,34,12,9,0,21,55,NO,1,1,NO,76,53,129,79.58,55.05,134.63,-2.5,0
1998,29-Mar,12:30PM,Sun,Houston,26,13,39,19,19,0,38,77,NO,1,1,YES,Miami,28,14,42,26,41,0,67,109,NO,1,1,NO,81,105,186,84.58,107.05,191.63,-8.5,188
1998,29-Mar,10:00AM,Sun,Vancouver,24,28,52,24,22,0,46,98,YES,1,1,YES,Phoenix,21,33,54,22,30,0,52,106,YES,1,1,NO,106,98,204,109.58,100.05,209.63,-12.5,196
1998,29-Mar,01:30PM,Sun,Chicago,27,21,48,28,28,0,56,104,NO,1,1,YES,Milwaukee,21,19,40,28,19,0,47,87,YES,1,1,YES,88,103,191,91.58,105.05,196.63,10.5,180
1998,29-Mar,03:00PM,Sun,Detroit,20,35,55,16,24,0,40,95,NO,1,1,NO,Atlanta,37,25,62,27,29,0,56,118,YES,1,1,NO,117,96,213,120.58,98.05,218.63,-4.5,188
1998,29-Mar,03:00PM,Sun,Charlotte,13,15,28,29,25,0,54,82,NO,1,1,YES,Cleveland,18,34,52,29,16,0,45,97,NO,1,1,NO,80,99,179,83.58,101.05,184.63,0,182
1998,29-Mar,03:00PM,Sun,Orlando,18,27,45,18,32,0,50,95,YES,1,1,NO,Toronto,19,15,34,16,18,0,34,68,NO,1,2,NO,79,84,163,82.58,86.05,168.63,6.5,186
1998,29-Mar,02:00PM,Sun,Portland,21,22,43,33,23,0,56,99,NO,1,2,NO,Golden State,23,20,43,26,14,0,40,83,NO,1,1,YES,86,96,182,89.58,98.05,187.63,9,182
1998,29-Mar,02:00PM,Sun,Minnesota,21,26,47,29,28,0,57,104,NO,1,3,NO,Sacramento,25,20,45,21,30,0,51,96,NO,4,1,NO,92,108,200,95.58,110.05,205.63,3,194
1998,29-Mar,03:00PM,Sun,Dallas,22,20,42,23,21,0,44,86,YES,1,1,NO,LAC,29,24,53,25,30,0,55,108,YES,1,1,NO,95,99,194,98.58,101.05,199.63,-3,193
1998,29-Mar,06:00PM,Sun,Boston,27,31,58,18,18,0,36,94,NO,1,1,NO,Philadelphia,22,27,49,24,26,0,50,99,YES,1,1,NO,107,86,193,110.58,88.05,198.63,-3.5,191
1998,29-Mar,03:30PM,Sun,Washington,19,18,37,25,27,0,52,89,NO,1,2,YES,LAL,28,37,65,32,19,0,51,116,YES,1,0,YES,102,103,205,105.58,105.05,210.63,-8.5,199
1998,31-Mar,06:00PM,Tue,Detroit,20,21,41,33,21,6,54,95,NO,1,0,YES,Chicago,26,30,56,26,13,11,39,95,NO,2,1,YES,97,93,190,100.58,95.05,195.63,-11,188
1998,31-Mar,07:00PM,Tue,LAC,26,24,50,25,31,0,56,106,YES,1,1,NO,Indiana,36,35,71,33,24,0,57,128,NO,1,1,NO,121,113,234,124.58,115.05,239.63,0,0
1998,31-Mar,07:00PM,Tue,LAL,25,34,59,31,24,0,55,114,YES,1,1,NO,Toronto,24,26,50,30,25,0,55,105,YES,0,1,NO,109,110,219,112.58,112.05,224.63,13,207
1998,31-Mar,07:00PM,Tue,Dallas,29,29,58,26,20,0,46,104,NO,1,1,NO,Vancouver,21,24,45,26,30,0,56,101,NO,2,1,YES,103,102,205,106.58,104.05,210.63,-3.5,195.5
1998,31-Mar,07:30PM,Tue,Philadelphia,22,27,49,28,16,0,44,93,YES,1,0,NO,Charlotte,38,16,54,19,28,0,47,101,NO,2,1,YES,103,91,194,106.58,93.05,199.63,-10.5,191
1998,31-Mar,07:30PM,Tue,Orlando,18,22,40,18,28,0,46,86,NO,1,0,YES,Cleveland,19,34,53,17,23,0,40,93,YES,0,1,NO,93,86,179,96.58,88.05,184.63,-7,172
1998,31-Mar,04:30PM,Tue,Milwaukee,26,16,42,22,16,14,38,80,YES,1,0,NO,Golden State,25,21,46,11,23,9,34,80,YES,1,1,NO,88,72,160,91.58,74.05,165.63,2.5,179
1998,31-Mar,06:30PM,Tue,Phoenix,19,26,45,25,27,0,52,97,YES,1,3,YES,Houston,24,22,46,21,19,0,40,86,NO,1,1,YES,91,92,183,94.58,94.05,188.63,0,0
1998,31-Mar,07:30PM,Tue,Boston,24,26,50,13,32,0,45,95,NO,1,0,NO,Miami,38,31,69,33,19,0,52,121,YES,1,1,NO,119,97,216,122.58,99.05,221.63,-12,190
1998,31-Mar,07:30PM,Tue,Atlanta,25,22,47,23,20,0,43,90,YES,1,0,YES,New Jersey,34,23,57,15,33,0,48,105,NO,1,3,NO,104,91,195,107.58,93.05,200.63,0,0
1998,31-Mar,07:30PM,Tue,San Antonio,26,31,57,17,21,0,38,95,NO,1,1,YES,New York,24,15,39,16,23,0,39,78,NO,1,2,YES,96,77,173,99.58,79.05,178.63,2,171
1998,31-Mar,07:30PM,Tue,Utah,20,19,39,24,23,0,47,86,YES,2,0,YES,Seattle,26,15,41,26,21,0,47,88,NO,1,2,NO,80,94,174,83.58,96.05,179.63,-4.5,192.5
1998,1-Apr,05:00PM,Wed,Milwaukee,27,21,48,28,30,0,58,106,NO,0,1,NO,Denver,26,25,51,21,28,0,49,100,YES,1,4,NO,99,107,206,102.58,109.05,211.63,2,181
1998,1-Apr,05:00PM,Wed,Portland,28,19,47,18,24,0,42,89,NO,2,1,YES,Utah,25,18,43,28,27,0,55,98,NO,1,0,YES,90,97,187,93.58,99.05,192.63,-9.5,191
1998,1-Apr,07:00PM,Wed,Philadelphia,25,30,55,25,32,0,57,112,NO,0,1,YES,Washington,21,21,42,23,26,0,49,91,NO,1,2,YES,97,106,203,100.58,108.05,208.63,-8.5,193
1998,1-Apr,07:30PM,Wed,Toronto,23,24,47,17,27,0,44,91,YES,0,1,NO,Atlanta,30,31,61,22,22,0,44,105,NO,1,0,YES,108,88,196,111.58,90.05,201.63,-10.5,0
1998,1-Apr,07:30PM,Wed,Cleveland,20,26,46,20,26,0,46,92,YES,0,1,YES,Detroit,22,24,46,19,25,0,44,90,NO,1,0,YES,92,90,182,95.58,92.05,187.63,-3,182
1998,1-Apr,08:00PM,Wed,Boston,28,17,45,20,33,0,53,98,NO,0,1,NO,Orlando,26,14,40,20,27,0,47,87,YES,3,0,YES,85,100,185,88.58,102.05,190.63,-6.5,0
1998,2-Apr,07:00PM,Thu,Minnesota,16,24,40,30,38,0,68,108,NO,3,0,NO,Indiana,35,25,60,30,21,0,51,111,YES,0,1,NO,100,119,219,103.58,121.05,224.63,0,0
1998,2-Apr,07:00PM,Thu,Dallas,20,22,42,21,23,0,44,86,NO,1,0,NO,Seattle,22,27,49,29,29,0,58,107,YES,0,1,NO,91,102,193,94.58,104.05,198.63,-16,0
1998,2-Apr,06:30PM,Thu,Golden State,26,26,52,28,24,0,52,104,YES,1,1,NO,Houston,23,18,41,23,30,0,53,94,YES,0,1,NO,93,105,198,96.58,107.05,203.63,-10.5,189
1998,2-Apr,07:30PM,Thu,LAL,34,29,63,30,24,0,54,117,NO,1,0,NO,New Jersey,26,22,48,22,36,0,58,106,NO,1,1,NO,111,112,223,114.58,114.05,228.63,6,206
1998,2-Apr,07:30PM,Thu,LAC,18,15,33,20,17,0,37,70,NO,1,0,NO,New York,23,16,39,25,17,0,42,81,YES,1,1,NO,72,79,151,75.58,81.05,156.63,0,0
1998,2-Apr,06:30PM,Thu,Miami,25,20,45,19,25,0,44,89,YES,1,1,YES,San Antonio,28,23,51,21,31,0,52,103,NO,1,1,YES,96,96,192,99.58,98.05,197.63,-7.5,175
1998,3-Apr,04:00PM,Fri,Dallas,24,27,51,25,26,0,51,102,NO,0,1,NO,Portland,27,27,54,31,24,0,55,109,YES,0,1,YES,105,106,211,108.58,108.05,216.63,-10,186
1998,3-Apr,07:00PM,Fri,Toronto,19,34,53,25,34,0,59,112,NO,1,1,NO,Washington,26,30,56,29,35,0,64,120,NO,1,1,NO,109,123,232,112.58,125.05,237.63,-13,206
1998,3-Apr,07:00PM,Fri,Seattle,34,32,66,36,36,0,72,138,YES,0,1,NO,Vancouver,26,21,47,22,29,0,51,98,NO,1,2,NO,113,123,236,116.58,125.05,241.63,,
1998,3-Apr,05:00PM,Fri,Denver,20,19,39,22,14,0,36,75,YES,1,1,YES,Utah,21,26,47,28,22,0,50,97,YES,1,1,NO,86,86,172,89.58,88.05,177.63,-19,194.5
1998,3-Apr,07:30PM,Fri,Houston,17,18,35,23,29,0,52,87,YES,0,1,YES,Atlanta,25,24,49,23,35,0,58,107,NO,1,1,NO,84,110,194,87.58,112.05,199.63,0,0
1998,3-Apr,07:30PM,Fri,Indiana,21,35,56,19,14,0,33,89,YES,0,1,YES,Charlotte,24,23,47,31,18,0,49,96,YES,0,2,NO,103,82,185,106.58,84.05,190.63,-7,187
1998,3-Apr,06:30PM,Fri,Minnesota,27,22,49,17,27,0,44,93,NO,0,1,NO,Chicago,22,23,45,33,29,0,62,107,YES,1,2,NO,94,106,200,97.58,108.05,205.63,-13.5,197
1998,3-Apr,07:30PM,Fri,LAC,17,14,31,20,27,0,47,78,NO,0,1,NO,Philadelphia,21,27,48,24,21,0,45,93,NO,1,1,YES,79,92,171,82.58,94.05,176.63,-10,0
1998,3-Apr,04:30PM,Fri,Milwaukee,22,28,50,14,23,0,37,87,NO,1,1,NO,Sacramento,30,16,46,24,16,0,40,86,NO,1,4,NO,96,77,173,99.58,79.05,178.63,-3,187
1998,3-Apr,08:00PM,Fri,LAL,25,27,52,25,28,0,53,105,NO,0,1,NO,Cleveland,21,26,47,17,29,0,46,93,NO,1,1,YES,99,99,198,102.58,101.05,203.63,7.5,0
1998,3-Apr,08:00PM,Fri,Boston,14,28,42,26,33,0,59,101,NO,1,1,YES,Detroit,24,27,51,29,20,0,49,100,NO,1,1,NO,93,108,201,96.58,110.05,206.63,-8,198.5
1998,4-Apr,04:00PM,Sat,Portland,23,17,40,24,19,0,43,83,YES,0,1,NO,Phoenix,21,22,43,19,28,0,47,90,YES,1,3,YES,83,90,173,86.58,92.05,178.63,-9.5,192
1998,4-Apr,07:30PM,Sat,Charlotte,18,14,32,24,32,0,56,88,YES,0,1,NO,Miami,25,35,60,26,15,0,41,101,YES,2,1,YES,92,97,189,95.58,99.05,194.63,-2,188
1998,4-Apr,07:30PM,Sat,New York,22,27,49,24,21,0,45,94,YES,1,0,NO,New Jersey,22,20,42,24,31,0,55,97,NO,1,1,NO,91,100,191,94.58,102.05,196.63,-2.5,184
1998,4-Apr,06:30PM,Sat,Golden State,22,14,36,16,24,4,40,76,NO,1,2,YES,San Antonio,20,18,38,27,11,12,38,76,NO,1,1,NO,74,78,152,77.58,80.05,157.63,-15,179
1998,5-Apr,01:00PM,Sun,LAL,15,26,41,36,18,10,54,95,NO,1,2,YES,Detroit,30,27,57,22,16,8,38,95,YES,2,1,NO,98,92,190,101.58,94.05,195.63,6.5,202
1998,5-Apr,01:00PM,Sun,Orlando,21,22,43,23,19,0,42,85,YES,3,0,YES,Washington,15,33,48,19,21,0,40,88,YES,1,1,NO,91,82,173,94.58,84.05,178.63,-6.5,183
1998,5-Apr,01:30PM,Sun,LAC,22,32,54,12,27,0,39,93,NO,1,1,YES,Cleveland,20,24,44,23,27,0,50,94,YES,1,1,NO,98,89,187,101.58,91.05,192.63,0,0
1998,5-Apr,02:30PM,Sun,Milwaukee,30,19,49,23,20,0,43,92,NO,1,1,YES,Indiana,25,23,48,24,21,0,45,93,NO,1,1,YES,97,88,185,100.58,90.05,190.63,-10,183
1998,5-Apr,03:00PM,Sun,Minnesota,29,26,55,14,28,0,42,97,NO,1,1,YES,Atlanta,28,29,57,20,19,0,39,96,NO,1,1,NO,112,81,193,115.58,83.05,198.63,-7,199
1998,5-Apr,03:30PM,Sun,Chicago,20,24,44,27,38,0,65,109,YES,1,1,YES,Houston,21,22,43,23,28,0,51,94,YES,1,1,YES,87,116,203,90.58,118.05,208.63,6.5,193
1998,5-Apr,04:30PM,Sun,Utah,25,29,54,24,21,0,45,99,YES,1,1,NO,Vancouver,23,17,40,24,29,0,53,93,YES,1,1,NO,94,98,192,97.58,100.05,197.63,13,206
1998,5-Apr,02:00PM,Sun,Dallas,23,28,51,24,24,0,48,99,NO,1,1,YES,Sacramento,25,20,45,33,27,0,60,105,NO,1,1,NO,96,108,204,99.58,110.05,209.63,-4,189
1998,5-Apr,06:00PM,Sun,Toronto,17,26,43,32,29,0,61,104,NO,1,1,NO,Philadelphia,30,33,63,30,23,0,53,116,YES,0,1,NO,106,114,220,109.58,116.05,225.63,0,0
1998,5-Apr,05:00PM,Sun,Seattle,20,29,49,15,23,0,38,87,NO,1,0,YES,Denver,24,17,41,21,21,0,42,83,NO,1,1,YES,90,80,170,93.58,82.05,175.63,15,193
1998,5-Apr,08:00PM,Sun,New York,13,24,37,26,29,0,55,92,NO,0,1,NO,Boston,30,29,59,23,20,0,43,102,NO,2,1,YES,96,98,194,99.58,100.05,199.63,-1.5,185
1998,6-Apr,07:00PM,Mon,Phoenix,28,24,52,26,24,0,50,102,YES,1,0,NO,Seattle,20,16,36,25,31,0,56,92,YES,2,0,YES,88,106,194,91.58,108.05,199.63,-6.5,189
1998,6-Apr,07:30PM,Mon,Charlotte,26,26,52,32,31,0,63,115,NO,1,1,NO,New Jersey,36,31,67,26,32,0,58,125,YES,1,1,NO,119,121,240,122.58,123.05,245.63,,
1998,6-Apr,07:30PM,Mon,Philadelphia,21,25,46,19,27,0,46,92,YES,0,1,YES,Orlando,27,23,50,35,28,0,63,113,NO,1,0,YES,96,109,205,99.58,111.05,210.63,-5,179
1998,6-Apr,06:30PM,Mon,Portland,24,27,51,15,13,0,28,79,NO,1,0,NO,San Antonio,18,22,40,15,20,0,35,75,YES,1,1,NO,91,63,154,94.58,65.05,159.63,-8,177
1998,7-Apr,05:00PM,Tue,Houston,20,28,48,27,29,0,56,104,YES,1,1,NO,Denver,17,20,37,27,23,0,50,87,NO,1,1,NO,85,106,191,88.58,108.05,196.63,9.5,195
1998,7-Apr,07:00PM,Tue,Cleveland,19,20,39,23,18,0,41,80,YES,1,1,YES,Indiana,26,21,47,22,13,0,35,82,YES,1,1,NO,86,76,162,89.58,78.05,167.63,-5.5,180
1998,7-Apr,06:00PM,Tue,Miami,29,23,52,21,16,0,37,89,YES,2,0,NO,Minnesota,28,25,53,19,20,0,39,92,NO,2,1,YES,105,76,181,108.58,78.05,186.63,5,191
1998,7-Apr,06:30PM,Tue,Washington,20,26,46,14,25,0,39,85,YES,1,1,YES,Chicago,30,19,49,30,24,0,54,103,YES,1,1,YES,95,93,188,98.58,95.05,193.63,-10.5,193
1998,7-Apr,06:30PM,Tue,Portland,22,29,51,24,24,0,48,99,NO,0,1,NO,Dallas,26,15,41,19,31,0,50,91,NO,1,1,YES,92,98,190,95.58,100.05,195.63,3.5,186
1998,7-Apr,04:30PM,Tue,Utah,24,20,44,29,28,0,57,101,NO,1,0,YES,Golden State,25,25,50,23,26,0,49,99,NO,1,2,YES,94,106,200,97.58,108.05,205.63,12.5,187
1998,7-Apr,04:30PM,Tue,Vancouver,29,32,61,21,28,0,49,110,YES,1,0,NO,LAC,21,34,55,14,25,0,39,94,NO,1,1,YES,116,88,204,119.58,90.05,209.63,0,0
1998,7-Apr,06:30PM,Tue,Toronto,30,22,52,25,28,0,53,105,NO,1,0,YES,Milwaukee,39,28,67,21,26,0,47,114,YES,0,1,YES,119,100,219,122.58,102.05,224.63,-9,204
1998,7-Apr,04:30PM,Tue,Phoenix,34,22,56,24,23,0,47,103,NO,0,2,NO,Sacramento,21,20,41,28,28,0,56,97,YES,1,1,NO,97,103,200,100.58,105.05,205.63,0,0
1998,7-Apr,08:00PM,Tue,New York,19,21,40,14,25,0,39,79,NO,1,0,YES,Atlanta,21,20,41,26,25,0,51,92,NO,1,1,NO,81,90,171,84.58,92.05,176.63,-5,0
1998,8-Apr,07:00PM,Wed,New Jersey,26,33,59,27,31,0,58,117,YES,1,2,NO,Boston,30,22,52,27,25,0,52,104,NO,1,2,NO,111,110,221,114.58,112.05,226.63,1.5,203.5
1998,8-Apr,05:00PM,Wed,San Antonio,23,20,43,18,27,0,45,88,YES,1,1,YES,Utah,20,28,48,21,29,0,50,98,NO,1,0,YES,91,95,186,94.58,97.05,191.63,-5.5,179
1998,8-Apr,07:00PM,Wed,Milwaukee,27,22,49,32,26,0,58,107,YES,0,2,YES,Toronto,19,27,46,24,30,0,54,100,NO,1,0,YES,95,112,207,98.58,114.05,212.63,0,0
1998,8-Apr,04:30PM,Wed,Vancouver,28,24,52,24,26,0,50,102,NO,0,2,YES,LAL,25,33,58,29,26,0,55,113,NO,1,2,YES,110,105,215,113.58,107.05,220.63,-16,211
1998,8-Apr,07:30PM,Wed,Detroit,30,19,49,23,15,0,38,87,YES,2,0,NO,Orlando,24,23,47,26,22,0,48,95,YES,1,1,NO,96,86,182,99.58,88.05,187.63,-2,183
1998,8-Apr,07:30PM,Wed,Charlotte,24,13,37,29,35,0,64,101,NO,1,1,YES,Philadelphia,31,28,59,21,29,0,50,109,YES,1,1,YES,96,114,210,99.58,116.05,215.63,4.5,196
1998,8-Apr,08:00PM,Wed,Miami,17,16,33,31,16,0,47,80,NO,0,1,NO,New York,19,25,44,24,15,0,39,83,YES,3,0,YES,77,86,163,80.58,88.05,168.63,4,173
1998,9-Apr,05:00PM,Thu,Sacramento,26,29,55,24,24,0,48,103,YES,1,0,YES,Denver,32,36,68,30,30,0,60,128,YES,1,1,NO,123,108,231,126.58,110.05,236.63,0,0
1998,9-Apr,07:00PM,Thu,Detroit,26,34,60,21,21,0,42,102,NO,0,2,NO,Washington,12,17,29,31,23,0,54,83,NO,2,1,YES,89,96,185,92.58,98.05,190.63,-3,193
1998,9-Apr,07:30PM,Thu,Indiana,30,18,48,20,26,11,46,94,YES,1,2,NO,Atlanta,19,35,54,16,24,8,40,94,YES,0,1,NO,102,86,188,105.58,88.05,193.63,-5.5,184
1998,9-Apr,07:30PM,Thu,Chicago,26,23,49,11,25,0,36,85,YES,1,1,YES,Cleveland,20,26,46,22,23,0,45,91,NO,1,1,YES,95,81,176,98.58,83.05,181.63,5.5,181
1998,9-Apr,06:30PM,Thu,Seattle,21,31,52,21,30,0,51,103,YES,2,0,NO,Dallas,27,23,50,27,24,0,51,101,NO,1,1,NO,102,102,204,105.58,104.05,209.63,10.5,196
1998,9-Apr,04:30PM,Thu,Houston,22,21,43,29,21,0,50,93,NO,1,0,NO,Golden State,26,21,47,18,24,0,42,89,NO,1,1,NO,90,92,182,93.58,94.05,187.63,-9.5,187.5
1998,9-Apr,04:30PM,Thu,Portland,24,22,46,28,25,0,53,99,NO,1,1,NO,LAC,22,20,42,24,29,0,53,95,YES,0,1,NO,88,106,194,91.58,108.05,199.63,0,0
1998,10-Apr,07:00PM,Fri,Orlando,8,24,32,19,23,6,42,74,YES,1,0,NO,Boston,19,15,34,23,17,8,40,74,NO,1,1,NO,66,82,148,69.58,84.05,153.63,0,185
1998,10-Apr,06:00PM,Fri,Philadelphia,25,30,55,23,24,0,47,102,YES,1,0,NO,Minnesota,26,25,51,27,29,0,56,107,NO,0,2,NO,106,103,209,109.58,105.05,214.63,-5,200
1998,10-Apr,05:00PM,Fri,LAC,24,23,47,27,35,0,62,109,YES,0,2,YES,Utah,32,28,60,33,33,0,66,126,YES,0,1,NO,107,128,235,110.58,130.05,240.63,0,0
1998,10-Apr,04:30PM,Fri,Phoenix,24,32,56,29,29,0,58,114,NO,2,1,NO,LAL,29,22,51,31,23,0,54,105,YES,0,1,NO,107,112,219,110.58,114.05,224.63,-8,205
1998,10-Apr,04:30PM,Fri,Houston,24,22,46,24,27,0,51,97,NO,0,1,NO,Sacramento,20,27,47,16,22,0,38,85,YES,3,0,YES,93,89,182,96.58,91.05,187.63,0,0
1998,10-Apr,06:30PM,Fri,Seattle,21,30,51,13,20,0,33,84,NO,0,1,YES,San Antonio,24,22,46,23,30,0,53,99,NO,2,1,YES,97,86,183,100.58,88.05,188.63,5,0
1998,10-Apr,08:00PM,Fri,Atlanta,16,31,47,23,29,0,52,99,YES,0,1,NO,Charlotte,31,16,47,20,20,0,40,87,NO,1,1,YES,94,92,186,97.58,94.05,191.63,-5.5,193.5
1998,10-Apr,08:00PM,Fri,Miami,22,26,48,23,27,13,50,98,NO,1,1,YES,Toronto,28,27,55,18,25,7,43,98,NO,1,1,NO,103,93,196,106.58,95.05,201.63,12,201
1998,11-Apr,12:00PM,Sat,Portland,21,25,46,15,24,11,39,85,NO,1,2,YES,Vancouver,24,21,45,24,16,20,40,85,NO,0,2,YES,91,79,170,94.58,81.05,175.63,7.5,194
1998,11-Apr,06:00PM,Sat,Utah,26,24,50,25,28,0,53,103,YES,0,2,YES,Minnesota,30,27,57,21,32,0,53,110,YES,1,0,NO,107,106,213,110.58,108.05,218.63,6,203
1998,11-Apr,06:30PM,Sat,Orlando,13,18,31,22,25,0,47,78,NO,0,3,NO,Chicago,29,16,45,25,17,0,42,87,NO,1,1,YES,76,89,165,79.58,91.05,170.63,-14,176.5
1998,11-Apr,07:30PM,Sat,Philadelphia,28,23,51,20,24,0,44,95,NO,0,2,NO,Cleveland,16,20,36,31,39,0,70,106,NO,2,1,NO,87,114,201,90.58,116.05,206.63,-8.5,190
1998,11-Apr,06:30PM,Sat,Denver,24,18,42,20,19,0,39,81,YES,1,2,NO,Dallas,23,28,51,18,30,0,48,99,NO,2,1,NO,93,87,180,96.58,89.05,185.63,-9,198
1998,11-Apr,04:30PM,Sat,LAL,32,26,58,18,20,0,38,96,YES,0,1,NO,Golden State,14,25,39,26,19,0,45,84,NO,1,1,NO,97,83,180,100.58,85.05,185.63,13,198
1998,11-Apr,07:00PM,Sat,New Jersey,33,27,60,31,33,0,64,124,NO,2,0,NO,Milwaukee,30,31,61,33,23,0,56,117,NO,2,2,YES,121,120,241,124.58,122.05,246.63,3,201
1998,12-Apr,12:30PM,Sun,Houston,28,24,52,20,23,0,43,95,NO,1,1,YES,Seattle,24,25,49,31,23,0,54,103,NO,1,1,YES,101,97,198,104.58,99.05,203.63,-11.5,199
1998,12-Apr,01:00PM,Sun,Detroit,21,22,43,19,24,0,43,86,NO,2,2,YES,Charlotte,19,20,39,27,22,0,49,88,YES,1,1,NO,82,92,174,85.58,94.05,179.63,-6,194
1998,12-Apr,01:00PM,Sun,New York,19,22,41,22,18,0,40,81,YES,3,1,YES,Miami,19,27,46,14,22,0,36,82,NO,2,1,YES,87,76,163,90.58,78.05,168.63,-10,174
1998,12-Apr,03:30PM,Sun,Atlanta,20,18,38,24,29,0,53,91,NO,1,1,YES,Washington,22,29,51,20,10,0,30,81,YES,1,2,NO,89,83,172,92.58,85.05,177.63,4,193
1998,12-Apr,06:00PM,Sun,New Jersey,29,26,55,32,29,0,61,116,NO,0,1,YES,Toronto,20,31,51,27,31,0,58,109,YES,1,1,NO,106,119,225,109.58,121.05,230.63,8,216
1998,12-Apr,06:00PM,Sun,Phoenix,39,31,70,35,24,0,59,129,NO,1,0,NO,Vancouver,18,30,48,35,23,0,58,106,YES,1,0,NO,118,117,235,121.58,119.05,240.63,10.5,202
1998,12-Apr,07:00PM,Sun,Indiana,22,25,47,22,24,0,46,93,NO,2,0,NO,Boston,17,15,32,29,26,0,55,87,YES,1,1,NO,79,101,180,82.58,103.05,185.63,4.5,194
1998,13-Apr,06:30PM,Mon,Indiana,29,25,54,26,34,0,60,114,NO,0,1,YES,Chicago,30,17,47,24,34,0,58,105,YES,1,1,NO,101,118,219,104.58,120.05,224.63,-8,182
1998,13-Apr,04:30PM,Mon,Phoenix,21,30,51,23,31,0,54,105,NO,0,1,YES,Golden State,25,26,51,21,25,0,46,97,YES,1,1,NO,102,100,202,105.58,102.05,207.63,10,190
1998,13-Apr,04:30PM,Mon,Minnesota,28,29,57,25,25,0,50,107,YES,1,0,NO,LAC,29,20,49,23,16,0,39,88,NO,1,2,YES,106,89,195,109.58,91.05,200.63,5.5,209
1998,13-Apr,06:30PM,Mon,LAL,23,28,51,22,26,0,48,99,NO,1,0,NO,San Antonio,22,20,42,17,16,0,33,75,YES,2,2,NO,93,81,174,96.58,83.05,179.63,0,0
1998,14-Apr,04:00PM,Tue,Sacramento,15,21,36,18,12,0,30,66,YES,3,1,NO,Portland,20,26,46,29,17,0,46,92,NO,1,2,YES,82,76,158,85.58,78.05,163.63,-14,192
1998,14-Apr,07:00PM,Tue,Vancouver,30,20,50,20,28,0,48,98,YES,1,1,YES,Seattle,36,19,55,30,25,0,55,110,NO,2,1,NO,105,103,208,108.58,105.05,213.63,,
1998,14-Apr,05:00PM,Tue,Minnesota,23,24,47,35,27,0,62,109,NO,0,2,YES,Utah,36,28,64,25,37,0,62,126,NO,1,2,YES,111,124,235,114.58,126.05,240.63,-13.5,206
1998,14-Apr,07:30PM,Tue,Philadelphia,19,22,41,26,27,0,53,94,NO,2,2,YES,Atlanta,22,19,41,31,23,0,54,95,YES,0,1,YES,82,107,189,85.58,109.05,194.63,-9.5,195
1998,14-Apr,07:30PM,Tue,Boston,22,16,38,28,20,0,48,86,YES,1,0,YES,Cleveland,19,27,46,23,26,0,49,95,YES,0,2,NO,84,97,181,87.58,99.05,186.63,-8.5,193
1998,14-Apr,06:30PM,Tue,LAL,32,32,64,23,24,0,47,111,NO,0,2,YES,Dallas,25,32,57,13,25,0,38,95,YES,1,2,NO,121,85,206,124.58,87.05,211.63,0,0
1998,14-Apr,06:30PM,Tue,Denver,22,31,53,19,16,0,35,88,NO,2,0,NO,Houston,28,11,39,26,29,0,55,94,YES,2,1,YES,92,90,182,95.58,92.05,187.63,-13.5,199
1998,14-Apr,06:30PM,Tue,Charlotte,21,36,57,22,25,0,47,104,YES,1,0,YES,Milwaukee,24,18,42,21,19,0,40,82,YES,0,2,NO,99,87,186,102.58,89.05,191.63,4,195
1998,14-Apr,07:30PM,Tue,Toronto,24,23,47,23,26,0,49,96,YES,1,1,NO,New Jersey,28,30,58,17,17,0,34,92,YES,0,1,YES,105,83,188,108.58,85.05,193.63,-13,218
1998,14-Apr,08:00PM,Tue,Washington,26,33,59,16,29,0,45,104,YES,1,0,YES,New York,23,24,47,23,32,0,55,102,NO,1,1,YES,106,100,206,109.58,102.05,211.63,-7,180
1998,15-Apr,07:00PM,Wed,Milwaukee,26,31,57,24,36,0,60,117,YES,0,1,NO,Boston,24,24,48,23,38,0,61,109,NO,1,0,YES,105,121,226,108.58,123.05,231.63,-5.5,201
1998,15-Apr,07:00PM,Wed,Atlanta,20,22,42,18,10,0,28,70,YES,0,1,YES,Indiana,19,13,32,22,28,0,50,82,NO,1,1,YES,74,78,152,77.58,80.05,157.63,-5,185
1998,15-Apr,04:00PM,Wed,Denver,27,29,56,17,16,0,33,89,NO,0,1,YES,Phoenix,22,27,49,29,18,0,47,96,NO,1,1,YES,105,80,185,108.58,82.05,190.63,-17.5,195
1998,15-Apr,07:00PM,Wed,Cleveland,19,20,39,28,26,0,54,93,YES,0,1,NO,Washington,31,30,61,16,24,0,40,101,YES,1,0,YES,100,94,194,103.58,96.05,199.63,1,188
1998,15-Apr,07:30PM,Wed,New Jersey,25,33,58,25,20,0,45,103,YES,0,1,NO,Charlotte,34,27,61,26,22,0,48,109,YES,1,0,YES,119,93,212,122.58,95.05,217.63,,
1998,15-Apr,04:30PM,Wed,Golden State,26,17,43,24,25,0,49,92,YES,1,0,YES,LAC,27,14,41,17,22,0,39,80,YES,0,1,NO,84,88,172,87.58,90.05,177.63,-4,196
1998,15-Apr,07:30PM,Wed,Orlando,23,30,53,25,21,0,46,99,NO,3,1,YES,Miami,24,29,53,19,15,0,34,87,NO,1,2,NO,106,80,186,109.58,82.05,191.63,-10.5,175
1998,15-Apr,08:00PM,Wed,Chicago,9,26,35,28,16,0,44,79,YES,1,1,NO,Detroit,26,22,48,15,24,0,39,87,NO,1,2,YES,83,83,166,86.58,85.05,171.63,5,188
1998,16-Apr,04:00PM,Thu,LAC,25,27,52,16,22,0,38,90,YES,0,1,YES,Portland,35,15,50,27,22,0,49,99,YES,0,1,NO,102,87,189,105.58,89.05,194.63,-14,195
1998,16-Apr,05:00PM,Thu,Sacramento,17,16,33,26,27,0,53,86,NO,1,1,NO,Utah,29,20,49,23,27,0,50,99,YES,0,1,NO,82,103,185,85.58,105.05,190.63,-17.5,198
1998,16-Apr,07:00PM,Thu,San Antonio,30,28,58,25,27,0,52,110,YES,2,0,NO,Vancouver,18,29,47,33,17,0,50,97,YES,1,1,YES,105,102,207,108.58,104.05,212.63,0,0
1998,16-Apr,04:30PM,Thu,Dallas,25,12,37,25,20,0,45,82,YES,1,0,NO,Golden State,26,23,49,17,22,0,39,88,NO,1,0,YES,86,84,170,89.58,86.05,175.63,2,191
1998,16-Apr,07:30PM,Thu,Toronto,27,18,45,15,19,0,34,79,NO,1,0,NO,New York,29,32,61,29,18,0,47,108,YES,1,1,NO,106,81,187,109.58,83.05,192.63,-9.5,196.5
1998,17-Apr,07:00PM,Fri,Cleveland,20,24,44,16,11,0,27,71,NO,1,0,YES,Boston,21,25,46,20,12,0,32,78,YES,0,1,NO,90,59,149,93.58,61.05,154.63,2.5,194
1998,17-Apr,05:00PM,Fri,Portland,28,22,50,25,26,0,51,101,YES,0,1,YES,Denver,31,15,46,34,29,0,63,109,YES,1,1,YES,96,114,210,99.58,116.05,215.63,9.5,189
1998,17-Apr,07:00PM,Fri,Toronto,32,25,57,17,24,0,41,98,NO,0,1,YES,Indiana,30,31,61,22,24,0,46,107,YES,0,1,NO,118,87,205,121.58,89.05,210.63,-14.5,203.5
1998,17-Apr,06:00PM,Fri,Houston,17,23,40,27,28,0,55,95,YES,2,1,YES,Minnesota,24,23,47,27,28,0,55,102,YES,0,2,YES,87,110,197,90.58,112.05,202.63,-4,203
1998,17-Apr,07:00PM,Fri,San Antonio,30,19,49,18,22,0,40,89,NO,0,1,YES,Seattle,21,26,47,18,22,0,40,87,YES,1,2,NO,96,80,176,99.58,82.05,181.63,0,0
1998,17-Apr,07:30PM,Fri,Charlotte,20,23,43,32,29,0,61,104,YES,1,1,YES,Atlanta,41,30,71,28,22,0,50,121,NO,1,1,YES,114,111,225,117.58,113.05,230.63,-5,189
1998,17-Apr,04:30PM,Fri,Dallas,21,25,46,22,27,0,49,95,NO,0,293,NO,LAL,31,25,56,32,36,0,68,124,NO,1,2,YES,102,117,219,105.58,119.05,224.63,-15,207
1998,17-Apr,07:30PM,Fri,Washington,24,24,48,27,22,0,49,97,YES,1,0,YES,Miami,20,21,41,19,29,0,48,89,YES,1,1,NO,89,97,186,92.58,99.05,191.63,-8.5,189
1998,17-Apr,07:30PM,Fri,New Jersey,29,21,50,28,31,0,59,109,NO,1,1,YES,Orlando,35,28,63,32,26,0,58,121,YES,1,1,YES,113,117,230,116.58,119.05,235.63,0,192
1998,17-Apr,07:30PM,Fri,Chicago,23,34,57,17,13,0,30,87,NO,1,0,YES,Philadelphia,20,22,42,19,19,0,38,80,YES,1,2,YES,99,68,167,102.58,70.05,172.63,8.5,194
1998,17-Apr,04:30PM,Fri,Utah,23,27,50,23,29,0,52,102,YES,0,1,NO,Phoenix,30,18,48,30,21,0,51,99,YES,1,1,NO,98,103,201,101.58,105.05,206.63,1.5,195
1998,17-Apr,08:00PM,Fri,Milwaukee,30,25,55,27,20,0,47,102,NO,1,0,YES,Detroit,30,22,52,28,28,0,56,108,YES,1,1,NO,107,103,210,110.58,105.05,215.63,-7.5,199
1998,18-Apr,06:00PM,Sat,Boston,17,32,49,23,23,0,46,95,YES,0,292,YES,Washington,25,25,50,31,31,0,62,112,YES,292,0,YES,99,108,207,102.58,110.05,212.63,-7.5,199
1998,18-Apr,06:30PM,Sat,New York,27,26,53,35,21,0,56,109,YES,1,292,NO,Chicago,29,28,57,26,28,0,54,111,YES,292,0,YES,110,110,220,113.58,112.05,225.63,-11.5,183.5
1998,18-Apr,07:30PM,Sat,Indiana,25,25,50,26,16,0,42,92,YES,0,292,YES,Cleveland,20,32,52,25,19,0,44,96,YES,292,0,YES,102,86,188,105.58,88.05,193.63,-2,183
1998,18-Apr,05:00PM,Sat,Vancouver,23,32,55,21,24,0,45,100,YES,1,0,NO,Golden State,28,29,57,29,26,0,55,112,NO,293,1,NO,112,100,212,115.58,102.05,217.63,-4,198
1998,18-Apr,05:00PM,Sat,Sacramento,30,20,50,17,10,0,27,77,NO,1,0,YES,LAC,23,21,44,19,20,0,39,83,NO,292,1,YES,94,66,160,97.58,68.05,165.63,-4.5,201
1998,18-Apr,07:00PM,Sat,Minnesota,31,26,57,28,26,0,54,111,YES,0,292,NO,Milwaukee,36,22,58,25,26,0,51,109,YES,293,0,YES,115,105,220,118.58,107.05,225.63,-3.5,210
1998,19-Apr,09:30AM,Sun,Utah,19,21,40,33,25,0,58,98,NO,1,291,YES,LAL,28,20,48,25,29,0,54,102,NO,291,1,NO,88,112,200,91.58,114.05,205.63,-7,208
1998,19-Apr,09:30AM,Sun,Seattle,25,18,43,25,22,0,47,90,YES,1,291,YES,Portland,16,27,43,24,15,0,39,82,YES,293,1,YES,86,86,172,89.58,88.05,177.63,4.5,191
1998,19-Apr,01:00PM,Sun,Detroit,28,25,53,23,25,0,48,101,YES,1,291,NO,New Jersey,27,23,50,36,28,0,64,114,YES,292,1,YES,103,112,215,106.58,114.05,220.63,-3.5,203.5
1998,19-Apr,01:00PM,Sun,Philadelphia,27,23,50,32,25,0,57,107,YES,1,291,NO,Toronto,17,26,43,18,17,0,35,78,YES,291,1,YES,93,92,185,96.58,94.05,190.63,5,212
1998,19-Apr,03:30PM,Sun,Miami,20,23,43,22,24,0,46,89,YES,1,291,YES,Atlanta,33,19,52,17,32,0,49,101,NO,291,1,NO,95,95,190,98.58,97.05,195.63,-7.5,0
1998,19-Apr,03:30PM,Sun,Orlando,23,16,39,13,24,0,37,76,YES,1,291,YES,Charlotte,18,29,47,17,25,0,42,89,NO,291,1,YES,86,79,165,89.58,81.05,170.63,-7.5,190
1998,19-Apr,04:00PM,Sun,Phoenix,35,26,61,24,38,0,62,123,YES,1,291,NO,Houston,26,24,50,20,23,0,43,93,YES,291,1,YES,111,105,216,114.58,107.05,221.63,7.5,203
1998,19-Apr,03:00PM,Sun,Vancouver,22,24,46,27,30,9,57,103,NO,0,293,NO,Sacramento,24,23,47,30,26,5,56,103,YES,291,0,YES,93,113,206,96.58,115.05,211.63,-4,203
1998,19-Apr,05:00PM,Sun,Denver,24,21,45,16,21,0,37,82,YES,1,291,YES,San Antonio,25,13,38,26,32,0,58,96,NO,291,1,YES,83,95,178,86.58,97.05,183.63,0,0
1999,5-Feb,05:00PM,Fri,Minnesota,32,26,58,24,28,0,52,110,NO,292,0,NO,Denver,20,25,45,28,19,0,47,92,YES,1,291,YES,103,99,202,110.59,106.17,216.75,3,0
1999,5-Feb,07:00PM,Fri,Washington,23,21,44,15,22,0,37,81,YES,292,0,YES,Indiana,30,17,47,22,27,0,49,96,YES,1,292,YES,91,86,177,98.59,93.17,191.75,-12,0
1999,5-Feb,07:00PM,Fri,Dallas,27,15,42,25,17,2,42,84,NO,293,1,NO,Seattle,21,25,46,18,20,8,38,84,NO,1,291,YES,88,80,168,95.59,87.17,182.75,-10.5,0
1999,5-Feb,05:00PM,Fri,Chicago,25,19,44,27,25,0,52,96,YES,292,1,NO,Utah,29,30,59,28,17,0,45,104,YES,1,291,YES,103,97,200,110.59,104.17,214.75,-17,0
1999,5-Feb,07:30PM,Fri,Cleveland,24,21,45,22,16,0,38,83,YES,292,0,NO,Atlanta,19,30,49,22,29,0,51,100,NO,0,291,NO,94,89,183,101.59,96.17,197.75,-4.5,0
1999,5-Feb,07:30PM,Fri,Philadelphia,26,20,46,14,18,0,32,78,NO,291,0,YES,Charlotte,17,23,40,17,9,0,26,66,NO,0,291,NO,86,58,144,93.59,65.17,158.75,3,0
1999,5-Feb,04:30PM,Fri,Phoenix,28,25,53,27,21,0,48,101,NO,291,1,YES,LAC,25,31,56,17,19,0,36,92,NO,1,292,NO,109,84,193,116.59,91.17,207.75,8,0
1999,5-Feb,04:30PM,Fri,Houston,21,25,46,21,24,0,45,91,YES,291,0,NO,LAL,26,17,43,25,31,0,56,99,NO,1,291,NO,89,101,190,96.59,108.17,204.75,-5,0
1999,5-Feb,07:30PM,Fri,Detroit,30,28,58,17,20,0,37,95,NO,291,1,YES,Miami,22,22,44,23,14,0,37,81,YES,1,291,YES,102,74,176,109.59,81.17,190.75,-6,0
1999,5-Feb,06:30PM,Fri,Sacramento,17,19,36,21,26,0,47,83,YES,291,1,YES,San Antonio,28,17,45,37,19,0,56,101,NO,0,291,NO,81,103,184,88.59,110.17,198.75,-11,0
1999,5-Feb,08:00PM,Fri,Toronto,24,30,54,27,22,0,49,103,YES,291,0,NO,Boston,24,23,47,23,22,0,45,92,NO,0,292,YES,101,94,195,108.59,101.17,209.75,-9.5,0
1999,5-Feb,08:00PM,Fri,New York,23,21,44,14,27,0,41,85,NO,292,1,YES,Orlando,21,25,46,27,20,0,47,93,YES,0,291,YES,90,88,178,97.59,95.17,192.75,-1,0
1999,6-Feb,07:00PM,Sat,Cleveland,32,14,46,12,15,0,27,73,NO,0,1,YES,Boston,27,16,43,12,22,0,34,77,YES,1,0,NO,89,61,150,96.59,68.17,164.75,1,0
1999,6-Feb,07:00PM,Sat,Toronto,26,24,50,23,24,0,47,97,NO,0,2,YES,Washington,23,25,48,16,34,0,50,98,YES,1,0,YES,98,97,195,105.59,104.17,209.75,-9.5,0
1999,6-Feb,07:30PM,Sat,New Jersey,20,23,43,31,32,0,63,106,YES,292,0,YES,Atlanta,27,28,55,26,30,0,56,111,YES,0,0,NO,98,119,217,105.59,126.17,231.75,-6,0
1999,6-Feb,07:30PM,Sat,Milwaukee,20,29,49,24,26,14,50,99,YES,293,2,NO,Charlotte,30,28,58,16,25,8,41,99,NO,1,0,NO,107,91,198,114.59,98.17,212.75,6.5,0
1999,6-Feb,04:30PM,Sat,Houston,19,26,45,19,22,0,41,86,NO,0,1,YES,Golden State,25,20,45,28,11,0,39,84,NO,0,293,NO,90,80,170,97.59,87.17,184.75,7,0
1999,6-Feb,07:30PM,Sat,Orlando,21,26,47,11,17,0,28,75,YES,0,1,YES,Philadelphia,20,28,48,23,24,0,47,95,NO,2,0,YES,95,75,170,102.59,82.17,184.75,2.5,0
1999,6-Feb,06:30PM,Sat,Minnesota,14,14,28,18,36,0,54,82,NO,0,2,YES,San Antonio,23,24,47,22,27,0,49,96,NO,1,0,NO,75,103,178,82.59,110.17,192.75,-9,0
1999,7-Feb,09:30AM,Sun,Utah,21,21,42,28,30,0,58,100,YES,1,1,NO,LAL,25,22,47,22,22,0,44,91,YES,0,1,NO,89,102,191,96.59,109.17,205.75,-5,0
1999,7-Feb,01:00PM,Sun,Indiana,24,30,54,22,22,0,44,98,YES,1,0,NO,Detroit,28,26,54,26,27,0,53,107,NO,0,1,YES,108,97,205,115.59,104.17,219.75,2.5,0
1999,7-Feb,01:00PM,Sun,Miami,26,18,44,23,16,0,39,83,YES,1,0,NO,New York,21,16,37,24,18,0,42,79,NO,2,1,YES,81,81,162,88.59,88.17,176.75,-4,0
1999,7-Feb,05:00PM,Sun,Portland,29,20,49,22,17,0,39,88,YES,293,0,NO,Seattle,22,22,44,17,30,0,47,91,NO,1,1,NO,93,86,179,100.59,93.17,193.75,-4.5,0
1999,7-Feb,03:00PM,Sun,Dallas,24,22,46,31,9,16,40,86,NO,1,1,YES,Golden State,13,33,46,17,23,13,40,86,YES,1,0,NO,92,80,172,99.59,87.17,186.75,0,0
1999,7-Feb,03:00PM,Sun,Chicago,33,20,53,16,20,0,36,89,NO,1,1,YES,LAC,16,23,39,23,22,0,45,84,YES,2,1,NO,92,81,173,99.59,88.17,187.75,-2,0
1999,7-Feb,06:00PM,Sun,Atlanta,21,8,29,24,16,0,40,69,YES,0,1,NO,New Jersey,15,20,35,27,17,0,44,79,NO,2,0,YES,64,84,148,71.59,91.17,162.75,0,0
1999,7-Feb,03:00PM,Sun,Denver,27,25,52,21,35,0,56,108,YES,1,0,NO,Phoenix,28,30,58,24,33,0,57,115,NO,1,1,YES,110,113,223,117.59,120.17,237.75,-11.5,0
1999,7-Feb,03:00PM,Sun,Vancouver,20,21,41,21,25,0,46,87,NO,293,0,YES,Sacramento,28,28,56,26,27,0,53,109,YES,1,1,YES,97,99,196,104.59,106.17,210.75,-8,0
1999,8-Feb,06:00PM,Mon,LAL,20,22,42,16,22,0,38,80,YES,0,1,NO,San Antonio,21,21,42,13,20,0,33,75,YES,0,1,NO,84,71,155,91.59,78.17,169.75,-5,0
1999,8-Feb,07:00PM,Mon,Portland,31,16,47,22,26,0,48,95,NO,0,1,YES,Vancouver,26,21,47,10,19,0,29,76,NO,1,0,YES,94,77,171,101.59,84.17,185.75,11,0
1999,8-Feb,07:30PM,Mon,Miami,27,30,57,18,16,0,34,91,NO,0,0,YES,Charlotte,28,23,51,24,19,0,43,94,NO,1,1,NO,108,77,185,115.59,84.17,199.75,7,0
1999,8-Feb,07:30PM,Mon,Indiana,27,17,44,27,24,0,51,95,NO,0,1,NO,Cleveland,21,23,44,20,25,0,45,89,YES,1,1,YES,88,96,184,95.59,103.17,198.75,2.5,0
1999,8-Feb,07:30PM,Mon,Washington,28,28,56,30,17,0,47,103,YES,1,1,NO,Detroit,27,29,56,25,25,0,50,106,YES,0,0,NO,112,97,209,119.59,104.17,223.75,-6,0
1999,8-Feb,06:30PM,Mon,Denver,19,12,31,25,24,0,49,80,NO,0,1,YES,Houston,28,25,53,17,29,0,46,99,NO,1,1,YES,84,95,179,91.59,102.17,193.75,-12.5,0
1999,8-Feb,07:30PM,Mon,Boston,19,30,49,25,16,0,41,90,YES,1,0,NO,Orlando,26,36,62,24,21,0,45,107,YES,1,1,YES,111,86,197,118.59,93.17,211.75,-6.5,0
1999,9-Feb,06:00PM,Tue,San Antonio,21,18,39,17,14,0,31,70,YES,0,1,NO,Minnesota,18,22,40,13,21,0,34,74,NO,1,2,YES,79,65,144,86.59,72.17,158.75,2,0
1999,9-Feb,07:00PM,Tue,Detroit,28,16,44,17,25,0,42,86,YES,0,1,YES,Philadelphia,18,28,46,21,23,0,44,90,NO,2,2,NO,90,86,176,97.59,93.17,190.75,-4,0
1999,9-Feb,04:00PM,Tue,Sacramento,33,28,61,26,25,0,51,112,YES,1,0,NO,Phoenix,23,27,50,21,24,0,45,95,NO,1,1,NO,111,96,207,118.59,103.17,221.75,-8,0
1999,9-Feb,07:00PM,Tue,Golden State,10,21,31,20,20,0,40,71,YES,1,0,YES,Seattle,23,29,52,18,20,0,38,90,YES,0,1,NO,83,78,161,90.59,85.17,175.75,-11,0
1999,9-Feb,07:00PM,Tue,Milwaukee,24,23,47,14,30,0,44,91,NO,2,1,YES,Toronto,22,18,40,21,16,0,37,77,YES,1,2,YES,87,81,168,94.59,88.17,182.75,4.5,0
1999,9-Feb,06:30PM,Tue,Atlanta,30,16,46,18,23,0,41,87,NO,1,1,YES,Chicago,19,20,39,19,13,0,32,71,NO,1,1,YES,85,73,158,92.59,80.17,172.75,6,0
1999,9-Feb,06:30PM,Tue,Utah,17,24,41,23,26,0,49,90,NO,1,1,NO,Dallas,23,22,45,19,15,0,34,79,NO,1,1,YES,86,83,169,93.59,90.17,183.75,6.5,0
1999,9-Feb,08:00PM,Tue,Boston,17,28,45,26,37,0,63,108,NO,0,6,NO,Miami,24,22,46,20,35,0,55,101,NO,1,0,YES,91,118,209,98.59,125.17,223.75,-6.5,0
1999,10-Feb,05:00PM,Wed,LAL,21,24,45,25,33,0,58,103,NO,1,0,NO,Denver,19,27,46,26,26,0,52,98,NO,1,1,YES,91,110,201,98.59,117.17,215.75,10.5,0
1999,10-Feb,04:00PM,Wed,Indiana,18,23,41,22,29,0,51,92,NO,1,0,NO,Portland,25,29,54,24,22,0,46,100,YES,3,1,YES,95,97,192,102.59,104.17,206.75,-1.5,0
1999,10-Feb,07:00PM,Wed,LAC,23,22,45,23,31,0,54,99,YES,2,2,NO,Vancouver,33,20,53,22,30,0,52,105,NO,0,1,NO,98,106,204,105.59,113.17,218.75,-1.5,0
1999,10-Feb,07:30PM,Wed,Cleveland,30,21,51,19,17,0,36,87,YES,1,0,YES,Charlotte,17,24,41,22,14,0,36,77,YES,0,1,NO,92,72,164,99.59,79.17,178.75,7,0
1999,10-Feb,04:30PM,Wed,Seattle,19,26,45,16,28,0,44,89,YES,0,2,YES,Golden State,27,16,43,20,19,0,39,82,NO,1,0,YES,88,83,171,95.59,90.17,185.75,6.5,0
1999,10-Feb,06:30PM,Wed,Sacramento,18,24,42,27,13,0,40,82,NO,0,4,NO,Houston,26,25,51,15,26,0,41,92,YES,0,1,NO,93,81,174,100.59,88.17,188.75,-9,0
1999,10-Feb,07:30PM,Wed,Orlando,27,24,51,18,20,0,38,89,YES,1,0,NO,New Jersey,21,22,43,8,30,0,38,81,YES,0,2,NO,94,76,170,101.59,83.17,184.75,1,0
1999,10-Feb,07:30PM,Wed,Washington,19,24,43,25,20,0,45,88,NO,1,6,NO,New York,24,32,56,24,21,0,45,101,YES,0,2,NO,99,90,189,106.59,97.17,203.75,-4.5,0
1999,11-Feb,06:00PM,Thu,LAL,17,19,36,18,21,0,39,75,NO,0,2,YES,Minnesota,22,19,41,22,23,0,45,86,YES,2,1,NO,77,84,161,84.59,91.17,175.75,0,0
1999,11-Feb,04:00PM,Thu,Utah,30,13,43,20,19,0,39,82,NO,1,0,NO,Phoenix,18,21,39,17,18,0,35,74,NO,1,1,NO,82,74,156,89.59,81.17,170.75,2.5,0
1999,11-Feb,07:30PM,Thu,Charlotte,12,24,36,24,28,0,52,88,YES,0,4,NO,Atlanta,33,24,57,19,24,0,43,100,YES,2,1,YES,93,95,188,100.59,102.17,202.75,-14,0
1999,11-Feb,06:30PM,Thu,New York,22,18,40,15,18,0,33,73,YES,0,3,YES,Chicago,21,24,45,13,10,0,23,68,NO,2,1,NO,85,56,141,92.59,63.17,155.75,5.5,0
1999,11-Feb,07:30PM,Thu,San Antonio,18,20,38,21,30,0,51,89,NO,1,0,NO,Cleveland,18,23,41,32,26,0,58,99,NO,4,0,YES,79,109,188,86.59,116.17,202.75,2.5,0
1999,11-Feb,06:30PM,Thu,Houston,28,30,58,21,26,0,47,105,YES,0,4,YES,Dallas,29,25,54,21,20,0,41,95,YES,0,1,NO,112,88,200,119.59,95.17,214.75,2,0
1999,11-Feb,07:30PM,Thu,Orlando,21,24,45,18,24,0,42,87,NO,0,2,YES,Detroit,18,17,35,18,28,0,46,81,YES,3,1,YES,80,88,168,87.59,95.17,182.75,-4.5,0
1999,11-Feb,07:30PM,Thu,Toronto,24,21,45,16,23,0,39,84,YES,1,4,NO,Miami,23,19,42,32,28,0,60,102,NO,3,1,NO,87,99,186,94.59,106.17,200.75,-8.5,0
1999,11-Feb,06:30PM,Thu,New Jersey,18,15,33,19,23,0,42,75,YES,0,3,NO,Milwaukee,22,23,45,23,27,0,50,95,YES,2,1,YES,78,92,170,85.59,99.17,184.75,-8,0
1999,11-Feb,07:30PM,Thu,Indiana,30,22,52,27,22,0,49,101,NO,0,2,NO,Vancouver,28,19,47,23,27,0,50,97,NO,2,0,NO,99,99,198,106.59,106.17,212.75,12,0
1999,12-Feb,05:00PM,Fri,Dallas,22,18,40,26,28,0,54,94,YES,0,1,NO,Denver,22,33,55,21,24,0,45,100,YES,0,1,NO,95,99,194,102.59,106.17,208.75,-3,191
1999,12-Feb,04:30PM,Fri,Utah,26,21,47,28,22,0,50,97,NO,0,2,YES,Golden State,14,27,41,17,23,0,40,81,NO,1,1,NO,88,90,178,95.59,97.17,192.75,8,174.5
1999,12-Feb,08:00PM,Fri,San Antonio,26,23,49,27,22,0,49,98,NO,0,1,NO,Philadelphia,23,23,46,15,33,0,48,94,NO,1,2,NO,95,97,192,102.59,104.17,206.75,2,169.5
1999,13-Feb,04:00PM,Sat,LAC,23,22,45,24,24,11,48,93,NO,2,0,YES,Phoenix,23,21,44,24,25,14,49,93,YES,1,1,NO,89,97,186,96.59,104.17,200.75,-12.5,198.5
1999,13-Feb,07:00PM,Sat,Denver,26,18,44,25,23,0,48,92,YES,0,1,YES,Seattle,24,31,55,27,23,0,50,105,NO,2,2,YES,99,98,197,106.59,105.17,211.75,-13,190
1999,14-Feb,12:00PM,Sun,Dallas,26,19,45,22,25,0,47,92,NO,1,0,NO,Vancouver,26,18,44,32,20,0,52,96,YES,1,2,NO,89,99,188,96.59,106.17,202.75,2.5,188
1999,14-Feb,12:30PM,Sun,San Antonio,17,27,44,18,27,0,45,89,NO,1,2,YES,Chicago,11,25,36,23,17,0,40,76,NO,1,2,NO,80,85,165,87.59,92.17,179.75,7.5,167
1999,14-Feb,11:30AM,Sun,Indiana,26,25,51,25,25,0,50,101,NO,2,1,YES,LAL,25,26,51,27,21,0,48,99,NO,1,2,YES,102,98,200,109.59,105.17,214.75,-3,186
1999,14-Feb,03:00PM,Sun,Milwaukee,18,24,42,23,17,0,40,82,YES,2,1,NO,Orlando,19,22,41,18,26,0,44,85,YES,1,2,YES,83,84,167,90.59,91.17,181.75,-4.5,181
1999,14-Feb,03:00PM,Sun,Atlanta,15,17,32,21,17,0,38,70,YES,2,1,NO,Philadelphia,25,19,44,24,10,0,34,78,NO,1,1,NO,76,72,148,83.59,79.17,162.75,3,181
1999,14-Feb,03:00PM,Sun,Portland,28,25,53,13,20,14,33,86,YES,3,0,YES,Golden State,23,26,49,19,18,19,37,86,NO,0,1,NO,102,70,172,109.59,77.17,186.75,8.5,176
1999,14-Feb,03:00PM,Sun,Minnesota,26,23,49,24,22,0,46,95,YES,2,0,NO,LAC,22,17,39,16,18,0,34,73,NO,1,0,YES,88,80,168,95.59,87.17,182.75,7,191
1999,15-Feb,01:00PM,Mon,Detroit,22,11,33,18,18,0,36,69,YES,3,0,NO,New York,24,19,43,15,20,0,35,78,NO,0,3,YES,76,71,147,83.59,78.17,161.75,-3,176.5
1999,15-Feb,05:00PM,Mon,Phoenix,19,39,58,31,26,0,57,115,YES,1,0,NO,Denver,35,17,52,23,31,0,54,106,YES,1,1,YES,110,111,221,117.59,118.17,235.75,5,202.5
1999,15-Feb,04:00PM,Mon,Dallas,18,10,28,30,26,0,56,84,NO,0,1,NO,Portland,31,20,51,20,28,0,48,99,NO,1,0,YES,79,104,183,86.59,111.17,197.75,-8.5,182
1999,15-Feb,05:00PM,Mon,Sacramento,29,23,52,24,27,9,51,103,NO,4,0,YES,Utah,28,30,58,23,22,17,45,103,YES,0,2,YES,110,96,206,117.59,103.17,220.75,-10.5,192
1999,15-Feb,04:30PM,Mon,Minnesota,16,33,49,28,22,0,50,99,NO,0,1,YES,Golden State,32,23,55,22,24,0,46,101,NO,1,0,NO,104,96,200,111.59,103.17,214.75,6.5,175
1999,15-Feb,08:00PM,Mon,New Jersey,24,17,41,14,17,0,31,72,NO,3,0,YES,Miami,16,31,47,22,26,0,48,95,YES,0,3,NO,88,79,167,95.59,86.17,181.75,-4.5,177
1999,16-Feb,07:00PM,Tue,Milwaukee,18,26,44,23,26,0,49,93,NO,1,0,YES,Philadelphia,23,24,47,21,24,0,45,92,YES,1,1,NO,91,94,185,98.59,101.17,199.75,-1,176.5
1999,16-Feb,07:00PM,Tue,Utah,13,12,25,18,13,0,31,56,YES,0,1,YES,Seattle,19,20,39,19,13,0,32,71,NO,0,2,NO,64,63,127,71.59,70.17,141.75,-4,182
1999,16-Feb,06:30PM,Tue,Atlanta,23,24,47,21,15,0,36,83,NO,1,2,YES,Chicago,23,13,36,21,10,0,31,67,YES,0,1,NO,83,67,150,90.59,74.17,164.75,7.5,169
1999,16-Feb,07:30PM,Tue,Orlando,14,23,37,21,20,0,41,78,YES,1,0,YES,Cleveland,29,21,50,17,23,0,40,90,NO,1,4,NO,87,81,168,94.59,88.17,182.75,-2,171
1999,16-Feb,06:30PM,Tue,Phoenix,25,16,41,21,30,0,51,92,NO,0,0,NO,Houston,27,18,45,34,30,0,64,109,YES,0,4,YES,86,115,201,93.59,122.17,215.75,-3.5,191
1999,16-Feb,04:30PM,Tue,Vancouver,23,19,42,19,16,16,35,77,YES,1,0,YES,LAC,14,25,39,16,22,12,38,77,NO,3,1,NO,81,73,154,88.59,80.17,168.75,-3.5,193
1999,16-Feb,04:30PM,Tue,Charlotte,24,26,50,17,21,0,38,88,NO,4,0,NO,LAL,32,30,62,27,27,0,54,116,NO,0,1,NO,112,92,204,119.59,99.17,218.75,-15,187.5
1999,16-Feb,07:30PM,Tue,Detroit,24,24,48,14,20,0,34,82,NO,0,0,YES,New Jersey,25,21,46,23,28,0,51,97,NO,1,0,YES,94,85,179,101.59,92.17,193.75,-3,177
1999,16-Feb,07:30PM,Tue,Toronto,22,20,42,17,26,0,43,85,NO,4,1,YES,New York,21,22,43,29,23,0,52,95,YES,1,0,NO,85,95,180,92.59,102.17,194.75,-8,177
1999,16-Feb,04:30PM,Tue,Boston,18,22,40,33,25,0,58,98,NO,6,0,NO,Sacramento,22,31,53,23,25,0,48,101,YES,0,0,YES,93,106,199,100.59,113.17,213.75,-3.5,199
1999,16-Feb,08:00PM,Tue,Miami,25,19,44,21,24,0,45,89,YES,0,0,NO,Indiana,19,25,44,18,16,0,34,78,NO,1,1,YES,88,79,167,95.59,86.17,181.75,-9,178
1999,17-Feb,06:00PM,Wed,Houston,29,18,47,20,35,0,55,102,YES,0,0,NO,Minnesota,29,16,45,33,38,0,71,116,NO,1,1,YES,92,126,218,99.59,133.17,232.75,-5,183.5
1999,17-Feb,04:00PM,Wed,Denver,17,19,36,26,23,0,49,85,YES,1,0,NO,Portland,31,27,58,28,14,0,42,100,NO,1,1,NO,94,91,185,101.59,98.17,199.75,-12.5,192.5
1999,17-Feb,07:00PM,Wed,Sacramento,26,13,39,22,33,15,55,94,YES,0,1,YES,Seattle,31,21,52,18,24,12,42,94,YES,2,0,NO,91,97,188,98.59,104.17,202.75,-12,183
1999,17-Feb,07:00PM,Wed,Boston,14,27,41,23,30,37,53,94,NO,0,1,NO,Vancouver,23,24,47,27,20,35,47,94,YES,1,0,YES,88,100,188,95.59,107.17,202.75,5.5,194
1999,17-Feb,07:30PM,Wed,Miami,26,20,46,24,21,0,45,91,NO,0,2,YES,Detroit,21,18,39,19,22,0,41,80,YES,1,0,YES,85,86,171,92.59,93.17,185.75,0,168
1999,17-Feb,04:30PM,Wed,Charlotte,29,14,43,27,17,0,44,87,NO,0,1,NO,Golden State,16,25,41,27,28,0,55,96,NO,1,1,NO,84,99,183,91.59,106.17,197.75,-6.5,177
1999,17-Feb,04:30PM,Wed,Dallas,20,17,37,26,25,0,51,88,NO,1,1,NO,LAL,24,29,53,31,17,0,48,101,NO,1,0,NO,90,99,189,97.59,106.17,203.75,-12,193.5
1999,17-Feb,06:30PM,Wed,Chicago,18,18,36,27,20,0,47,83,YES,0,1,NO,Milwaukee,24,24,48,19,24,0,43,91,YES,1,0,YES,84,90,174,91.59,97.17,188.75,-12,171
1999,17-Feb,07:30PM,Wed,Washington,16,35,51,14,20,0,34,85,NO,6,0,NO,Orlando,18,27,45,18,33,0,51,96,YES,1,0,YES,96,85,181,103.59,92.17,195.75,-5,178.5
1999,17-Feb,06:30PM,Wed,Phoenix,18,19,37,20,22,0,42,79,NO,0,1,YES,San Antonio,24,25,49,19,8,0,27,76,YES,1,2,YES,86,69,155,93.59,76.17,169.75,-9.5,180
1999,18-Feb,07:00PM,Thu,Philadelphia,24,23,47,17,31,0,48,95,YES,1,0,YES,Indiana,20,26,46,21,32,0,53,99,YES,1,1,NO,93,101,194,100.59,108.17,208.75,-9,179
1999,18-Feb,05:00PM,Thu,Denver,25,22,47,19,20,0,39,86,NO,0,3,YES,Utah,25,21,46,29,22,0,51,97,NO,1,1,YES,93,90,183,100.59,97.17,197.75,-15.5,195
1999,18-Feb,07:00PM,Thu,Washington,21,27,48,28,19,0,47,95,NO,0,0,YES,Toronto,26,17,43,23,22,0,45,88,NO,0,1,YES,91,92,183,98.59,99.17,197.75,1.5,192.5
1999,18-Feb,07:30PM,Thu,New York,18,18,36,18,20,0,38,74,YES,1,0,NO,Cleveland,24,19,43,28,27,0,55,98,NO,1,1,NO,79,93,172,86.59,100.17,186.75,-1.5,170.5
1999,18-Feb,07:30PM,Thu,Houston,17,24,41,22,22,8,44,85,NO,0,1,NO,New Jersey,26,22,48,21,16,7,37,85,YES,1,1,NO,89,81,170,96.59,88.17,184.75,-5.5,187
1999,19-Feb,03:00PM,Fri,Detroit,27,19,46,25,30,0,55,101,YES,1,1,NO,Phoenix,15,31,46,25,22,0,47,93,NO,2,1,YES,92,102,194,99.59,109.17,208.75,-5.5,187
1999,19-Feb,06:00PM,Fri,Vancouver,19,25,44,26,26,0,52,96,YES,1,1,NO,Minnesota,27,36,63,24,28,0,52,115,NO,1,1,NO,107,104,211,114.59,111.17,225.75,-10.5,190.5
1999,19-Feb,07:00PM,Fri,New York,21,19,40,24,14,0,38,78,NO,0,1,YES,Philadelphia,11,16,27,24,16,0,40,67,NO,0,0,YES,67,78,145,74.59,85.17,159.75,-2,170
1999,19-Feb,04:00PM,Fri,Boston,26,19,45,21,20,0,41,86,NO,1,1,NO,Portland,34,22,56,22,28,0,50,106,NO,0,1,NO,101,91,192,108.59,98.17,206.75,-8.5,190
1999,19-Feb,07:00PM,Fri,Chicago,16,27,43,23,25,0,48,91,NO,1,1,NO,Washington,28,21,49,25,19,0,44,93,NO,1,0,YES,92,92,184,99.59,99.17,198.75,-7,175
1999,19-Feb,07:00PM,Fri,Milwaukee,19,24,43,15,24,0,39,82,YES,1,0,YES,Toronto,19,20,39,24,27,0,51,90,NO,1,0,NO,82,90,172,89.59,97.17,186.75,6,184.5
1999,19-Feb,07:30PM,Fri,Orlando,25,28,53,12,22,12,34,87,YES,1,1,YES,Atlanta,22,27,49,24,14,7,38,87,YES,0,2,YES,102,72,174,109.59,79.17,188.75,-4.5,174.5
1999,19-Feb,04:30PM,Fri,Dallas,14,20,34,28,17,0,45,79,NO,1,0,NO,Golden State,20,23,43,21,20,0,41,84,YES,0,1,NO,77,86,163,84.59,93.17,177.75,-1.5,179
1999,19-Feb,04:30PM,Fri,San Antonio,21,29,50,20,24,0,44,94,YES,1,1,YES,LAL,18,27,45,30,31,0,61,106,YES,1,1,NO,95,105,200,102.59,112.17,214.75,-5,178
1999,19-Feb,04:30PM,Fri,Charlotte,28,19,47,28,20,0,48,95,NO,1,4,YES,Sacramento,31,32,63,22,21,0,43,106,YES,1,1,YES,110,91,201,117.59,98.17,215.75,-11,193
1999,20-Feb,11:30AM,Sat,Seattle,16,29,45,15,20,0,35,80,YES,2,0,YES,Utah,31,24,55,23,32,0,55,110,NO,1,1,NO,100,90,190,107.59,97.17,204.75,-7,176
1999,20-Feb,03:30PM,Sat,Houston,15,22,37,9,25,0,34,71,NO,1,0,NO,Miami,19,18,37,23,21,0,44,81,YES,2,2,YES,74,78,152,81.59,85.17,166.75,-7,178.5
1999,20-Feb,07:00PM,Sat,Atlanta,21,24,45,15,16,0,31,76,YES,0,1,YES,Philadelphia,18,15,33,14,22,0,36,69,YES,1,0,NO,78,67,145,85.59,74.17,159.75,3.5,171
1999,20-Feb,04:00PM,Sat,Golden State,22,21,43,19,22,0,41,84,YES,0,2,NO,Portland,24,23,47,20,23,0,43,90,YES,3,0,NO,90,84,174,97.59,91.17,188.75,-12.5,179.5
1999,20-Feb,07:30PM,Sat,New Jersey,26,17,43,19,22,0,41,84,YES,1,0,NO,Cleveland,24,20,44,17,28,0,45,89,NO,1,1,NO,87,86,173,94.59,93.17,187.75,-5,177
1999,20-Feb,04:30PM,Sat,Dallas,19,29,48,30,27,0,57,105,NO,0,1,NO,LAC,19,26,45,20,25,0,45,90,YES,1,3,NO,93,102,195,100.59,109.17,209.75,-1.5,182
1999,20-Feb,06:30PM,Sat,Indiana,24,21,45,23,14,0,37,82,YES,1,0,YES,Milwaukee,18,27,45,23,12,0,35,80,YES,2,0,YES,90,72,162,97.59,79.17,176.75,4,180
1999,21-Feb,11:00AM,Sun,Detroit,14,16,30,22,12,0,34,64,NO,1,1,YES,San Antonio,27,19,46,24,15,0,39,85,YES,0,1,YES,76,73,149,83.59,80.17,163.75,-7,174.5
1999,21-Feb,01:00PM,Sun,Chicago,16,19,35,17,11,0,28,63,NO,1,0,NO,New York,23,19,42,17,20,0,37,79,NO,1,1,YES,77,65,142,84.59,72.17,156.75,-10,166
1999,21-Feb,01:00PM,Sun,Boston,19,16,35,19,21,0,40,75,NO,1,2,YES,Washington,17,28,45,23,18,0,41,86,NO,1,1,NO,80,81,161,87.59,88.17,175.75,-3.5,196
1999,21-Feb,01:30PM,Sun,Sacramento,25,21,46,19,25,0,44,90,YES,1,0,NO,Minnesota,29,28,57,25,20,0,45,102,NO,0,1,NO,103,89,192,110.59,96.17,206.75,-4.5,202.5
1999,21-Feb,03:00PM,Sun,LAL,20,17,37,27,25,0,52,89,YES,1,0,NO,Seattle,25,21,46,25,21,0,46,92,YES,1,0,YES,83,98,181,90.59,105.17,195.75,1.5,186
1999,21-Feb,03:00PM,Sun,Vancouver,20,23,43,20,24,0,44,87,NO,1,1,YES,Toronto,25,28,53,16,33,0,49,102,YES,1,1,NO,96,93,189,103.59,100.17,203.75,-3.5,186.5
1999,21-Feb,03:30PM,Sun,Houston,17,26,43,10,30,0,40,83,NO,0,1,YES,Orlando,26,20,46,26,37,0,63,109,NO,0,1,YES,89,103,192,96.59,110.17,206.75,-8,177.5
1999,21-Feb,06:00PM,Sun,New Jersey,20,21,41,18,20,0,38,79,NO,0,1,NO,Indiana,19,22,41,23,16,0,39,80,NO,2,0,YES,82,77,159,89.59,84.17,173.75,-8,186
1999,22-Feb,04:00PM,Mon,LAL,28,28,56,32,16,9,48,104,NO,0,0,NO,Denver,38,23,61,17,26,13,43,104,NO,1,3,YES,117,91,208,124.59,98.17,222.75,9,196.5
1999,22-Feb,06:00PM,Mon,San Antonio,20,20,40,26,23,0,49,89,YES,0,1,YES,Minnesota,20,21,41,24,30,0,54,95,YES,2,0,NO,81,103,184,88.59,110.17,198.75,-1.5,180
1999,22-Feb,04:00PM,Mon,Dallas,15,26,41,20,22,0,42,83,NO,1,0,YES,Phoenix,23,26,49,22,30,0,52,101,YES,2,2,NO,90,94,184,97.59,101.17,198.75,-16,188.5
1999,22-Feb,05:00PM,Mon,LAC,24,28,52,13,24,0,37,89,YES,1,0,YES,Utah,29,31,60,22,22,0,44,104,YES,1,1,NO,112,81,193,119.59,88.17,207.75,-16,188.5
1999,22-Feb,07:30PM,Mon,Chicago,29,23,52,10,15,0,25,77,NO,0,0,YES,Atlanta,14,23,37,15,16,0,31,68,YES,0,1,YES,89,56,145,96.59,63.17,159.75,-10.5,164
1999,22-Feb,07:30PM,Mon,Philadelphia,28,22,50,30,26,0,56,106,YES,1,1,YES,Cleveland,20,28,48,24,25,0,49,97,YES,1,1,NO,98,105,203,105.59,112.17,217.75,-5.5,170.5
1999,22-Feb,07:30PM,Mon,Sacramento,37,19,56,20,20,0,40,96,NO,0,1,NO,Orlando,29,30,59,23,25,0,48,107,YES,1,0,NO,115,88,203,122.59,95.17,217.75,-7,188
1999,23-Feb,06:00PM,Tue,Seattle,23,23,46,16,24,0,40,86,YES,1,0,NO,Houston,29,25,54,15,29,0,44,98,NO,1,1,YES,100,84,184,107.59,91.17,198.75,-1,180
1999,23-Feb,07:00PM,Tue,Miami,20,22,42,28,26,0,54,96,YES,2,0,NO,Washington,18,29,47,16,17,0,33,80,NO,1,1,NO,89,87,176,96.59,94.17,190.75,2,177
1999,23-Feb,06:30PM,Tue,Milwaukee,26,24,50,23,17,0,40,90,YES,2,2,NO,Chicago,29,16,45,18,25,0,43,88,NO,1,0,YES,95,83,178,102.59,90.17,192.75,9,166
1999,23-Feb,06:30PM,Tue,Atlanta,20,18,38,21,26,0,47,85,YES,0,1,NO,Dallas,17,30,47,23,19,0,42,89,NO,1,0,YES,85,89,174,92.59,96.17,188.75,2,170
1999,23-Feb,07:30PM,Tue,Toronto,22,21,43,22,15,0,37,80,YES,1,0,NO,Detroit,19,29,48,26,32,0,58,106,NO,0,1,YES,91,95,186,98.59,102.17,200.75,0,0
1999,23-Feb,04:30PM,Tue,Golden State,22,29,51,15,28,0,43,94,NO,2,2,YES,LAC,25,18,43,25,21,0,46,89,NO,1,0,YES,94,89,183,101.59,96.17,197.75,2.5,179.5
1999,23-Feb,07:30PM,Tue,New Jersey,20,14,34,23,17,0,40,74,NO,1,0,YES,New York,19,18,37,21,24,0,45,82,NO,1,1,NO,71,85,156,78.59,92.17,170.75,-4,171
1999,23-Feb,07:30PM,Tue,LAL,23,18,41,20,22,0,42,83,NO,0,1,NO,Vancouver,24,17,41,24,28,0,52,93,NO,1,1,YES,82,94,176,89.59,101.17,190.75,8.5,197
1999,24-Feb,07:00PM,Wed,Orlando,21,14,35,19,25,0,44,79,YES,1,1,YES,Boston,31,19,50,33,28,0,61,111,NO,1,2,YES,85,105,190,92.59,112.17,204.75,2.5,186
1999,24-Feb,05:00PM,Wed,Utah,23,17,40,29,18,0,47,87,YES,1,1,YES,Denver,18,22,40,31,26,0,57,97,YES,0,1,NO,80,104,184,87.59,111.17,198.75,8,192.5
1999,24-Feb,07:00PM,Wed,Toronto,12,19,31,28,25,0,53,84,NO,0,1,YES,Indiana,34,18,52,26,26,0,52,104,YES,0,2,NO,83,105,188,90.59,112.17,202.75,-12,184
1999,24-Feb,07:00PM,Wed,Sacramento,25,18,43,17,21,0,38,81,NO,1,0,NO,Philadelphia,28,16,44,30,20,0,50,94,YES,0,1,YES,87,88,175,94.59,95.17,189.75,-2,189
1999,24-Feb,07:30PM,Wed,Miami,29,16,45,23,23,0,46,91,NO,0,1,NO,Charlotte,25,16,41,23,19,0,42,83,NO,1,4,YES,86,88,174,93.59,95.17,188.75,9.5,172
1999,24-Feb,07:30PM,Wed,Cleveland,21,21,42,12,19,0,31,73,YES,1,0,YES,Detroit,16,23,39,24,26,0,50,89,NO,1,0,NO,81,81,162,88.59,88.17,176.75,-3.5,175.5
1999,24-Feb,07:30PM,Wed,Portland,22,21,43,21,30,0,51,94,YES,3,1,NO,New Jersey,32,17,49,18,18,0,36,85,NO,2,0,YES,92,87,179,99.59,94.17,193.75,3.5,180
1999,24-Feb,06:30PM,Wed,Seattle,21,20,41,14,26,0,40,81,NO,0,1,YES,San Antonio,24,23,47,25,27,0,52,99,YES,1,1,YES,88,92,180,95.59,99.17,194.75,-5.5,173
1999,25-Feb,07:00PM,Thu,Sacramento,34,26,60,25,30,0,55,115,NO,0,1,NO,Washington,28,24,52,24,29,0,53,105,NO,1,1,NO,112,108,220,119.59,115.17,234.75,-5,194.5
1999,25-Feb,07:00PM,Thu,Phoenix,21,21,42,22,30,0,52,94,YES,2,0,NO,Vancouver,20,25,45,25,16,0,41,86,NO,1,1,NO,87,93,180,94.59,100.17,194.75,6.5,193
1999,25-Feb,06:30PM,Thu,Philadelphia,18,28,46,24,28,0,52,98,YES,0,2,NO,Chicago,17,19,36,18,26,0,44,80,NO,1,1,NO,82,96,178,89.59,103.17,192.75,4,166
1999,25-Feb,07:30PM,Thu,Indiana,20,24,44,18,19,0,37,81,YES,0,0,NO,Cleveland,24,23,47,16,11,0,27,74,YES,3,0,YES,91,64,155,98.59,71.17,169.75,2.5,175.5
1999,25-Feb,06:30PM,Thu,Denver,17,21,38,24,19,0,43,81,YES,0,0,YES,Dallas,26,18,44,23,23,0,46,90,YES,0,1,NO,82,89,171,89.59,96.17,185.75,-6.5,192
1999,25-Feb,06:30PM,Thu,Atlanta,19,30,49,17,27,0,44,93,NO,1,1,NO,Houston,22,20,42,17,28,0,45,87,YES,1,1,NO,91,89,180,98.59,96.17,194.75,-7.5,173
1999,25-Feb,04:30PM,Thu,LAL,28,19,47,35,33,0,68,115,NO,1,0,YES,LAC,25,15,40,26,34,0,60,100,YES,0,1,NO,87,128,215,94.59,135.17,229.75,12.5,192.5
1999,25-Feb,07:30PM,Thu,Minnesota,30,31,61,17,26,9,43,104,YES,2,0,NO,New York,24,29,53,31,20,11,51,104,YES,0,1,NO,114,94,208,121.59,101.17,222.75,-3.5,175.5
1999,26-Feb,05:00PM,Fri,Milwaukee,25,22,47,34,14,0,48,95,NO,2,1,YES,Denver,12,33,45,24,27,0,51,96,NO,1,0,YES,92,99,191,99.59,106.17,205.75,7,187.5
1999,26-Feb,07:00PM,Fri,San Antonio,26,18,44,18,20,0,38,82,YES,1,1,YES,Seattle,20,24,44,30,18,0,48,92,YES,2,1,YES,88,86,174,95.59,93.17,188.75,-4.5,174
1999,26-Feb,05:00PM,Fri,Dallas,16,18,34,10,21,0,31,65,YES,0,0,YES,Utah,22,30,52,16,12,0,28,80,YES,1,1,YES,86,59,145,93.59,66.17,159.75,-15.5,182
1999,26-Feb,07:00PM,Fri,Minnesota,14,25,39,25,28,0,53,92,NO,0,1,YES,Toronto,34,25,59,21,22,0,43,102,NO,1,1,YES,98,96,194,105.59,103.17,208.75,4.5,192
1999,26-Feb,07:30PM,Fri,Portland,13,28,41,27,27,0,54,95,NO,1,0,NO,Charlotte,32,26,58,28,11,0,39,97,YES,0,1,NO,99,93,192,106.59,100.17,206.75,9.5,179
1999,26-Feb,04:30PM,Fri,Phoenix,13,25,38,29,23,0,52,90,NO,0,1,YES,Golden State,26,16,42,29,23,0,52,94,YES,1,2,YES,80,104,184,87.59,111.17,198.75,3.5,183
1999,26-Feb,04:30PM,Fri,LAC,16,19,35,16,32,0,48,83,YES,0,0,YES,LAL,28,21,49,26,24,0,50,99,NO,1,0,YES,84,98,182,91.59,105.17,196.75,-17,198.5
1999,26-Feb,07:30PM,Fri,Indiana,16,29,45,24,26,5,50,95,NO,0,3,YES,Orlando,33,13,46,21,28,8,49,95,YES,1,1,YES,91,99,190,98.59,106.17,204.75,-3.5,176.5
1999,26-Feb,08:00PM,Fri,New York,23,27,50,21,9,0,30,80,YES,0,1,NO,Boston,32,24,56,26,12,0,38,94,YES,0,1,NO,106,68,174,113.59,75.17,188.75,-3.5,180
1999,26-Feb,08:00PM,Fri,Miami,30,19,49,19,25,0,44,93,NO,1,1,YES,Detroit,31,28,59,15,21,0,36,95,NO,1,1,NO,108,80,188,115.59,87.17,202.75,1.5,175
1999,27-Feb,12:00PM,Sat,Houston,25,13,38,33,15,0,48,86,YES,1,0,NO,Vancouver,15,19,34,19,21,0,40,74,YES,0,1,NO,72,88,160,79.59,95.17,174.75,4.5,189.5
1999,27-Feb,06:00PM,Sat,Sacramento,27,18,45,18,27,0,45,90,NO,1,1,YES,Dallas,23,26,49,22,26,0,48,97,NO,2,0,YES,94,93,187,101.59,100.17,201.75,4.5,174
1999,27-Feb,07:00PM,Sat,Portland,18,27,45,18,19,0,37,82,NO,0,0,NO,Washington,24,28,52,13,16,0,29,81,NO,1,1,NO,97,66,163,104.59,73.17,177.75,1,187
1999,27-Feb,06:30PM,Sat,Charlotte,22,12,34,18,25,0,43,77,YES,0,1,YES,Chicago,24,22,46,22,26,0,48,94,YES,0,1,NO,80,91,171,87.59,98.17,185.75,-5,172
1999,27-Feb,04:30PM,Sat,Atlanta,25,18,43,33,27,0,60,103,NO,1,1,NO,LAC,16,18,34,13,27,0,40,74,YES,2,0,YES,77,100,177,84.59,107.17,191.75,9,174
1999,27-Feb,07:30PM,Sat,Boston,15,27,42,27,32,0,59,101,YES,0,1,YES,New Jersey,23,22,45,24,23,0,47,92,YES,1,2,NO,87,106,193,94.59,113.17,207.75,-5,188
1999,28-Feb,12:30PM,Sun,New York,22,19,41,15,12,0,27,68,NO,1,0,YES,Detroit,20,30,50,28,11,0,39,89,YES,1,1,NO,91,66,157,98.59,73.17,171.75,-4,169.5
1999,28-Feb,12:30PM,Sun,Orlando,35,11,46,21,11,0,32,78,YES,1,0,YES,Miami,17,22,39,19,26,0,45,84,NO,1,1,YES,85,77,162,92.59,84.17,176.75,-1,168.5
1999,28-Feb,01:00PM,Sun,Philadelphia,17,23,40,24,23,0,47,87,NO,2,0,NO,Milwaukee,17,24,41,12,23,0,35,76,YES,1,1,YES,81,82,163,88.59,89.17,177.75,-3.5,176.5
1999,28-Feb,01:00PM,Sun,Utah,29,25,54,25,22,0,47,101,YES,1,1,NO,San Antonio,17,23,40,22,25,0,47,87,YES,1,1,YES,94,94,188,101.59,101.17,202.75,-2.5,170.5
1999,28-Feb,11:30AM,Sun,Houston,27,21,48,24,18,0,42,90,NO,0,1,YES,LAL,24,26,50,27,29,0,56,106,YES,0,1,NO,98,98,196,105.59,105.17,210.75,-8,190.5
1999,28-Feb,03:00PM,Sun,Golden State,25,34,59,24,6,0,30,89,YES,1,1,NO,Phoenix,24,28,52,24,26,0,50,102,NO,0,1,YES,111,80,191,118.59,87.17,205.75,-9.5,186.5
1999,28-Feb,05:00PM,Sun,Vancouver,29,26,55,23,34,0,57,112,YES,0,1,YES,Denver,35,27,62,26,28,0,54,116,YES,1,1,NO,117,111,228,124.59,118.17,242.75,-6,190
1999,28-Feb,06:00PM,Sun,Portland,29,20,49,28,23,0,51,100,NO,0,1,YES,Minnesota,19,25,44,26,23,0,49,93,NO,1,1,YES,93,100,193,100.59,107.17,207.75,-6,187
1999,28-Feb,08:00PM,Sun,Chicago,25,16,41,31,9,9,40,81,YES,0,1,YES,Toronto,24,19,43,15,23,7,38,81,YES,0,1,NO,84,78,162,91.59,85.17,176.75,-6,174
1999,1-Mar,03:00PM,Mon,LAL,23,22,45,16,36,0,52,97,YES,0,1,YES,Phoenix,28,18,46,22,23,0,45,91,YES,1,0,NO,91,97,188,98.59,104.17,202.75,4,196
1999,1-Mar,07:00PM,Mon,New Jersey,27,21,48,26,25,0,51,99,YES,1,0,YES,Boston,21,20,41,30,26,0,56,97,YES,0,1,YES,89,107,196,96.59,114.17,210.75,-4.5,192
1999,1-Mar,07:00PM,Mon,Philadelphia,29,25,54,26,24,0,50,104,NO,0,1,YES,Washington,20,22,42,24,25,0,49,91,YES,0,1,NO,96,99,195,103.59,106.17,209.75,-3,180.5
1999,1-Mar,07:30PM,Mon,Toronto,22,20,42,15,31,0,46,88,YES,0,2,NO,Charlotte,25,23,48,22,21,0,43,91,YES,1,1,YES,90,89,179,97.59,96.17,193.75,-2.5,184
1999,1-Mar,07:30PM,Mon,Cleveland,20,20,40,12,26,0,38,78,YES,3,0,YES,New York,26,22,48,17,20,0,37,85,YES,0,0,YES,88,75,163,95.59,82.17,177.75,-4,164.5
1999,1-Mar,07:30PM,Mon,Atlanta,17,21,38,16,13,0,29,67,NO,1,0,YES,Orlando,25,15,40,8,22,0,30,70,NO,1,0,YES,78,59,137,85.59,66.17,151.75,-6.5,170
1999,1-Mar,04:30PM,Mon,Seattle,27,20,47,30,28,0,58,105,YES,2,2,YES,Sacramento,25,35,60,22,20,0,42,102,YES,0,1,YES,107,100,207,114.59,107.17,221.75,1,192.5
1999,2-Mar,07:00PM,Tue,Denver,21,25,46,24,11,0,35,81,YES,1,1,NO,Indiana,23,22,45,24,19,0,43,88,YES,0,3,YES,91,78,169,98.59,85.17,183.75,-13,190.5
1999,2-Mar,06:00PM,Tue,Golden State,22,22,44,19,15,0,34,78,NO,1,0,NO,Minnesota,16,24,40,19,30,0,49,89,YES,1,1,NO,84,83,167,91.59,90.17,181.75,-10,190
1999,2-Mar,04:00PM,Tue,Utah,27,19,46,22,22,10,44,90,NO,1,0,YES,Portland,27,18,45,24,21,12,45,90,YES,0,1,YES,91,89,180,98.59,96.17,194.75,-2,179
1999,2-Mar,07:00PM,Tue,Sacramento,29,25,54,28,29,0,57,111,YES,0,0,YES,Vancouver,25,30,55,22,24,0,46,101,YES,0,1,YES,109,103,212,116.59,110.17,226.75,3.5,197
1999,2-Mar,07:30PM,Tue,Washington,24,26,50,24,23,0,47,97,YES,0,0,YES,Atlanta,20,17,37,15,25,0,40,77,NO,1,0,YES,87,87,174,94.59,94.17,188.75,-5.5,175.5
1999,2-Mar,06:30PM,Tue,Detroit,31,21,52,29,27,0,56,108,YES,1,1,NO,Chicago,18,17,35,20,23,0,43,78,YES,0,1,YES,87,99,186,94.59,106.17,200.75,7,169
1999,2-Mar,07:30PM,Tue,Boston,27,19,46,29,24,0,53,99,YES,0,2,YES,Cleveland,27,29,56,30,30,0,60,116,NO,1,0,YES,102,113,215,109.59,120.17,229.75,-4.5,182
1999,2-Mar,06:30PM,Tue,LAC,24,24,48,21,30,0,51,99,YES,2,1,NO,Dallas,38,15,53,29,30,0,59,112,NO,1,2,NO,101,110,211,108.59,117.17,225.75,-9.5,184
1999,2-Mar,06:30PM,Tue,San Antonio,23,30,53,18,28,0,46,99,YES,1,1,NO,Houston,18,19,37,21,24,0,45,82,NO,1,1,YES,90,91,181,97.59,98.17,195.75,-3,180.5
1999,2-Mar,07:30PM,Tue,Milwaukee,23,26,49,25,20,0,45,94,YES,1,0,YES,New Jersey,18,17,35,31,20,0,51,86,NO,1,0,YES,84,96,180,91.59,103.17,194.75,-3,182
1999,2-Mar,08:00PM,Tue,New York,25,22,47,18,13,6,31,78,YES,0,2,NO,Miami,22,14,36,26,16,7,42,78,NO,1,1,NO,83,73,156,90.59,80.17,170.75,-7.5,164.5
1999,3-Mar,07:00PM,Wed,Chicago,17,18,35,20,31,0,51,86,YES,0,4,NO,Philadelphia,25,24,49,27,26,0,53,102,NO,1,1,YES,84,104,188,91.59,111.17,202.75,-11,170.5
1999,3-Mar,05:00PM,Wed,Vancouver,24,14,38,28,20,0,48,86,YES,0,0,YES,Utah,32,29,61,29,19,0,48,109,NO,1,0,YES,99,96,195,106.59,103.17,209.75,-14.5,187.5
1999,3-Mar,07:00PM,Wed,Indiana,26,34,60,19,27,0,46,106,YES,0,1,YES,Washington,24,32,56,27,12,0,39,95,NO,1,0,YES,116,85,201,123.59,92.17,215.75,5,183
1999,3-Mar,04:30PM,Wed,Phoenix,34,21,55,17,23,0,40,95,YES,1,0,NO,LAL,25,24,49,24,28,0,52,101,NO,1,1,YES,104,92,196,111.59,99.17,210.75,-8.5,196
1999,3-Mar,06:30PM,Wed,Golden State,16,21,37,16,25,0,41,78,NO,0,1,NO,Milwaukee,25,19,44,26,36,0,62,106,NO,1,0,YES,81,103,184,88.59,110.17,198.75,-7,176
1999,3-Mar,07:30PM,Wed,Charlotte,22,21,43,19,14,0,33,76,YES,1,0,NO,Orlando,31,18,49,24,20,0,44,93,YES,1,1,NO,92,77,169,99.59,84.17,183.75,-12.5,182
1999,3-Mar,04:30PM,Wed,Portland,18,22,40,25,23,9,48,88,YES,0,1,YES,Sacramento,18,22,40,24,24,5,48,88,YES,2,0,YES,80,96,176,87.59,103.17,190.75,-1,194
1999,4-Mar,07:00PM,Thu,Phoenix,22,25,47,28,26,0,54,101,NO,0,1,YES,Seattle,29,21,50,19,24,0,43,93,YES,0,2,YES,97,97,194,104.59,104.17,208.75,-8.5,189
1999,4-Mar,07:00PM,Thu,Minnesota,31,31,62,22,18,0,40,102,YES,1,0,NO,Vancouver,28,17,45,25,23,0,48,93,NO,1,0,YES,107,88,195,114.59,95.17,209.75,8.5,193.5
1999,4-Mar,07:30PM,Thu,Toronto,25,23,48,19,19,0,38,86,NO,2,0,YES,Atlanta,20,20,40,21,16,0,37,77,YES,3,1,NO,88,75,163,95.59,82.17,177.75,-10.5,178
1999,4-Mar,07:30PM,Thu,Detroit,24,24,48,26,25,0,51,99,NO,1,1,NO,Cleveland,22,15,37,23,24,0,47,84,NO,1,1,NO,85,98,183,92.59,105.17,197.75,-1,179
1999,4-Mar,06:30PM,Thu,San Antonio,27,18,45,27,23,0,50,95,NO,1,1,YES,Dallas,16,23,39,18,22,0,40,79,YES,0,1,NO,84,90,174,91.59,97.17,188.75,5.5,175
1999,4-Mar,06:30PM,Thu,LAC,26,19,45,11,21,0,32,77,NO,1,1,NO,Houston,24,20,44,32,20,0,52,96,YES,1,1,NO,89,84,173,96.59,91.17,187.75,-14,192
1999,4-Mar,07:30PM,Thu,Denver,21,29,50,25,12,0,37,87,NO,1,0,NO,Miami,22,24,46,28,21,0,49,95,YES,0,1,NO,96,86,182,103.59,93.17,196.75,-12,181
1999,4-Mar,07:30PM,Thu,Charlotte,33,25,58,23,15,0,38,96,NO,0,0,NO,New Jersey,22,25,47,15,20,0,35,82,YES,2,1,NO,105,73,178,112.59,80.17,192.75,,
1999,5-Mar,07:00PM,Fri,Denver,27,23,50,22,22,0,44,94,NO,0,1,YES,Boston,31,28,59,18,25,0,43,102,YES,1,2,YES,109,87,196,116.59,94.17,210.75,-10,198
1999,5-Mar,07:00PM,Fri,Golden State,30,27,57,20,25,0,45,102,NO,1,0,NO,Indiana,27,19,46,20,17,0,37,83,NO,1,1,YES,103,82,185,110.59,89.17,199.75,-12.5,178
1999,5-Mar,07:00PM,Fri,Miami,16,24,40,26,23,0,49,89,YES,0,1,NO,Philadelphia,19,22,41,21,16,0,37,78,NO,1,1,NO,81,86,167,88.59,93.17,181.75,-1,170
1999,5-Mar,04:00PM,Fri,Minnesota,26,19,45,19,21,0,40,85,NO,0,1,NO,Portland,23,25,48,21,28,0,49,97,NO,1,1,YES,93,89,182,100.59,96.17,196.75,-6.5,189.5
1999,5-Mar,05:00PM,Fri,Dallas,17,25,42,24,29,0,53,95,YES,0,1,NO,Utah,27,27,54,30,22,0,52,106,NO,1,1,NO,96,105,201,103.59,112.17,215.75,-15,182
1999,5-Mar,07:00PM,Fri,Charlotte,20,21,41,23,21,0,44,85,NO,0,3,YES,Washington,19,26,45,16,25,0,41,86,YES,1,1,NO,86,85,171,93.59,92.17,185.75,-12.5,186
1999,5-Mar,04:30PM,Fri,Seattle,26,22,48,25,27,0,52,100,YES,0,1,YES,LAL,29,21,50,24,29,0,53,103,YES,1,1,NO,98,105,203,105.59,112.17,217.75,-8,191
1999,5-Mar,06:30PM,Fri,New York,22,27,49,14,24,0,38,87,NO,2,1,YES,Milwaukee,22,20,42,24,22,0,46,88,NO,2,1,NO,91,84,175,98.59,91.17,189.75,1,168
1999,5-Mar,08:00PM,Fri,Orlando,15,24,39,30,20,0,50,89,YES,1,0,YES,Toronto,23,15,38,20,26,0,46,84,NO,1,0,YES,77,96,173,84.59,103.17,187.75,6.5,178
1999,6-Mar,04:00PM,Sat,Sacramento,36,30,66,20,25,0,45,111,YES,2,0,YES,Phoenix,27,16,43,29,27,0,56,99,YES,2,1,YES,109,101,210,116.59,108.17,224.75,-5.5,203
1999,6-Mar,07:00PM,Sat,Houston,23,34,57,23,27,0,50,107,YES,1,0,NO,Vancouver,18,21,39,27,26,0,53,92,NO,1,1,NO,96,103,199,103.59,110.17,213.75,7,188
1999,6-Mar,07:30PM,Sat,Golden State,22,20,42,17,21,0,38,80,NO,0,2,YES,Cleveland,24,12,36,28,33,0,61,97,YES,2,1,NO,78,99,177,85.59,106.17,191.75,-9,179
1999,6-Mar,07:30PM,Sat,Detroit,13,19,32,23,27,0,50,82,NO,1,1,YES,Orlando,23,12,35,21,31,0,52,87,NO,1,0,YES,67,102,169,74.59,109.17,183.75,-2.5,176.5
1999,6-Mar,06:30PM,Sat,LAC,22,25,47,19,19,0,38,85,NO,1,2,YES,San Antonio,34,30,64,29,21,0,50,114,YES,0,1,YES,111,88,199,118.59,95.17,213.75,-15,179
1999,7-Mar,12:30PM,Sun,Miami,19,13,32,17,23,0,40,72,NO,1,0,YES,Indiana,21,20,41,21,23,0,44,85,NO,2,1,NO,73,84,157,80.59,91.17,171.75,-4.5,170
1999,7-Mar,12:30PM,Sun,New Jersey,22,13,35,27,24,0,51,86,YES,2,1,NO,New York,28,18,46,29,22,0,51,97,NO,1,1,YES,81,102,183,88.59,109.17,197.75,-7,172
1999,7-Mar,03:00PM,Sun,Washington,22,30,52,20,18,13,38,90,YES,1,0,NO,Philadelphia,27,17,44,21,25,5,46,90,YES,0,1,NO,96,84,180,103.59,91.17,194.75,-6,182
1999,7-Mar,03:00PM,Sun,Boston,16,27,43,21,28,0,49,92,YES,1,1,NO,Toronto,23,32,55,26,24,0,50,105,YES,3,1,NO,98,99,197,105.59,106.17,211.75,3,191
1999,7-Mar,02:00PM,Sun,LAL,26,19,45,32,20,0,52,97,YES,1,1,NO,Utah,20,24,44,24,21,0,45,89,NO,1,1,NO,89,97,186,96.59,104.17,200.75,-3.5,191.5
1999,7-Mar,03:00PM,Sun,Houston,17,19,36,21,14,0,35,71,NO,0,1,YES,Portland,26,22,48,28,35,0,63,111,YES,0,1,NO,84,98,182,91.59,105.17,196.75,-6.5,183
1999,7-Mar,03:00PM,Sun,Dallas,19,22,41,23,25,0,48,89,NO,1,1,YES,Sacramento,14,32,46,26,22,0,48,94,YES,1,0,YES,87,96,183,94.59,103.17,197.75,-8,194
1999,7-Mar,06:00PM,Sun,Minnesota,23,22,45,22,21,0,43,88,NO,1,1,YES,Seattle,18,17,35,25,17,0,42,77,YES,1,1,YES,80,85,165,87.59,92.17,179.75,-6,188.5
1999,7-Mar,05:00PM,Sun,San Antonio,29,23,52,29,25,0,54,106,YES,0,2,YES,Denver,24,21,45,29,22,0,51,96,YES,1,1,YES,97,105,202,104.59,112.17,216.75,7,185.5
1999,8-Mar,07:00PM,Mon,Portland,25,19,44,28,20,0,48,92,YES,0,0,YES,Vancouver,15,22,37,21,15,0,36,73,YES,0,1,NO,81,84,165,88.59,91.17,179.75,0,0
1999,8-Mar,07:30PM,Mon,Philadelphia,23,25,48,24,17,0,41,89,YES,0,1,YES,Miami,28,21,49,17,25,0,42,91,NO,1,0,YES,97,83,180,104.59,90.17,194.75,-6.5,169.5
1999,8-Mar,06:30PM,Mon,Chicago,24,23,47,18,11,0,29,76,NO,4,0,YES,Milwaukee,15,22,37,17,27,0,44,81,YES,0,2,NO,84,73,157,91.59,80.17,171.75,-10.5,171
1999,8-Mar,07:30PM,Mon,Atlanta,27,30,57,32,25,0,57,114,YES,3,1,NO,Orlando,24,36,60,21,29,0,50,110,YES,1,1,NO,117,107,224,124.59,114.17,238.75,-2.5,170.5
1999,8-Mar,08:00PM,Mon,Washington,20,20,40,20,11,0,31,71,NO,0,1,YES,Detroit,17,19,36,23,16,0,39,75,YES,1,1,YES,76,70,146,83.59,77.17,160.75,-10.5,184.5
1999,9-Mar,06:00PM,Tue,Seattle,25,19,44,20,20,0,40,84,YES,1,0,NO,Minnesota,25,19,44,22,19,0,41,85,YES,1,1,YES,88,81,169,95.59,88.17,183.75,-2,183.5
1999,9-Mar,04:00PM,Tue,Sacramento,30,25,55,15,28,0,43,98,YES,1,1,NO,Portland,29,18,47,31,25,0,56,103,NO,2,0,YES,102,99,201,109.59,106.17,215.75,-5.5,190
1999,9-Mar,05:00PM,Tue,Cleveland,13,21,34,21,20,0,41,75,YES,2,0,NO,Utah,21,25,46,20,22,0,42,88,NO,1,1,NO,80,83,163,87.59,90.17,177.75,-10,178.5
1999,9-Mar,07:30PM,Tue,Boston,19,24,43,20,24,0,44,87,NO,1,1,NO,Charlotte,20,26,46,27,32,0,59,105,YES,0,3,YES,89,103,192,96.59,110.17,206.75,7,194
1999,9-Mar,06:30PM,Tue,New Jersey,28,21,49,24,14,0,38,87,NO,1,0,NO,Chicago,29,25,54,30,19,0,49,103,NO,1,0,YES,103,87,190,110.59,94.17,204.75,4,169.5
1999,9-Mar,06:30PM,Tue,Phoenix,20,31,51,21,31,0,52,103,YES,2,0,YES,Dallas,27,20,47,22,22,0,44,91,NO,1,1,YES,98,96,194,105.59,103.17,208.75,4.5,187
1999,9-Mar,04:30PM,Tue,Vancouver,27,14,41,22,19,0,41,82,YES,0,1,NO,Golden State,25,14,39,28,25,0,53,92,NO,1,2,YES,80,94,174,87.59,101.17,188.75,-8,185
1999,9-Mar,06:30PM,Tue,Denver,17,24,41,13,21,0,34,75,YES,1,1,NO,Houston,24,20,44,19,21,0,40,84,NO,1,1,YES,85,74,159,92.59,81.17,173.75,-11,194
1999,9-Mar,04:30PM,Tue,LAL,24,23,47,25,31,0,56,103,NO,1,0,YES,LAC,22,18,40,18,41,0,59,99,YES,0,2,YES,87,115,202,94.59,122.17,216.75,14.5,195.5
1999,9-Mar,07:30PM,Tue,Milwaukee,16,27,43,21,23,0,44,87,YES,0,0,YES,New York,24,21,45,22,19,0,41,86,NO,1,1,NO,88,85,173,95.59,92.17,187.75,-6.5,172
1999,10-Mar,07:00PM,Wed,New Jersey,23,23,46,17,19,0,36,82,NO,0,1,NO,Indiana,29,20,49,25,19,0,44,93,NO,1,2,NO,95,80,175,102.59,87.17,189.75,-11,180
1999,10-Mar,07:00PM,Wed,Charlotte,16,24,40,12,18,0,30,70,YES,0,1,NO,Philadelphia,20,15,35,27,23,0,50,85,NO,1,1,YES,75,80,155,82.59,87.17,169.75,0,0
1999,10-Mar,04:00PM,Wed,Cleveland,23,22,45,23,18,0,41,86,NO,0,2,NO,Phoenix,22,16,38,20,15,0,35,73,NO,1,0,YES,83,76,159,90.59,83.17,173.75,-4.5,181
1999,10-Mar,07:00PM,Wed,Detroit,24,12,36,23,28,0,51,87,YES,1,1,YES,Washington,23,27,50,26,21,0,47,97,YES,0,1,YES,86,98,184,93.59,105.17,198.75,4,180
1999,10-Mar,04:30PM,Wed,LAC,16,18,34,25,16,0,41,75,YES,0,0,YES,LAL,18,17,35,30,29,0,59,94,NO,1,0,YES,69,100,169,76.59,107.17,183.75,0,0
1999,10-Mar,07:30PM,Wed,Atlanta,18,22,40,10,28,0,38,78,NO,1,0,YES,Miami,23,19,42,24,22,0,46,88,NO,0,1,NO,82,84,166,89.59,91.17,180.75,-4,172.5
1999,10-Mar,06:30PM,Wed,Seattle,25,25,50,21,26,0,47,97,NO,0,0,NO,Milwaukee,30,17,47,33,21,0,54,101,YES,1,0,YES,97,101,198,104.59,108.17,212.75,2,177
1999,10-Mar,06:30PM,Wed,Orlando,21,17,38,28,13,0,41,79,YES,1,0,NO,San Antonio,28,21,49,19,13,0,32,81,YES,1,2,YES,87,73,160,94.59,80.17,174.75,-6.5,176.5
1999,11-Mar,05:00PM,Thu,Denver,27,17,44,21,24,0,45,89,NO,1,1,NO,Utah,27,28,55,21,18,0,39,94,YES,0,1,NO,99,84,183,106.59,91.17,197.75,-14.5,190
1999,11-Mar,07:30PM,Thu,Boston,26,21,47,20,18,0,38,85,NO,1,0,NO,Atlanta,29,19,48,30,21,0,51,99,NO,1,0,YES,95,89,184,102.59,96.17,198.75,-8,188
1999,11-Mar,06:30PM,Thu,Seattle,29,20,49,19,24,0,43,92,NO,0,2,YES,Chicago,22,30,52,13,18,0,31,83,NO,0,1,NO,101,74,175,108.59,81.17,189.75,6.5,172
1999,11-Mar,06:30PM,Thu,Orlando,23,21,44,15,17,0,32,76,NO,0,1,NO,Dallas,25,21,46,22,25,0,47,93,NO,1,1,NO,90,79,169,97.59,86.17,183.75,-4,174.5
1999,11-Mar,04:30PM,Thu,Minnesota,28,11,39,22,21,0,43,82,YES,1,0,NO,Golden State,22,17,39,24,26,0,50,89,YES,0,1,NO,78,93,171,85.59,100.17,185.75,0,0
1999,11-Mar,06:30PM,Thu,Vancouver,21,26,47,15,29,0,44,91,NO,1,1,NO,Houston,30,24,54,17,31,0,48,102,NO,1,1,NO,101,92,193,108.59,99.17,207.75,-14,187
1999,11-Mar,04:30PM,Thu,Sacramento,21,31,52,23,17,0,40,92,NO,1,0,YES,LAC,28,38,66,14,26,0,40,106,NO,1,0,YES,118,80,198,125.59,87.17,212.75,9,199.5
1999,11-Mar,07:30PM,Thu,Toronto,22,20,42,8,23,0,31,73,YES,3,1,NO,Miami,14,23,37,28,18,0,46,83,NO,2,0,NO,79,77,156,86.59,84.17,170.75,-9,175.5
1999,11-Mar,07:30PM,Thu,Washington,20,20,40,21,25,0,46,86,YES,0,0,YES,New York,23,25,48,27,23,0,50,98,YES,0,1,NO,88,96,184,95.59,103.17,198.75,-6.5,174
1999,12-Mar,07:00PM,Fri,Milwaukee,28,23,51,23,30,0,53,104,YES,1,1,NO,Indiana,29,26,55,28,26,0,54,109,NO,1,1,NO,106,107,213,113.59,114.17,227.75,0,0
1999,12-Mar,07:00PM,Fri,New Jersey,27,17,44,26,17,6,43,87,NO,1,1,NO,Philadelphia,14,18,32,32,23,13,55,87,YES,2,1,NO,76,98,174,83.59,105.17,188.75,0,0
1999,12-Mar,04:00PM,Fri,San Antonio,22,30,52,30,17,0,47,99,YES,1,0,YES,Phoenix,25,24,49,17,31,0,48,97,NO,1,1,NO,101,95,196,108.59,102.17,210.75,1,182
1999,12-Mar,04:00PM,Fri,Utah,19,19,38,35,18,0,53,91,YES,0,0,YES,Portland,20,13,33,25,19,0,44,77,YES,0,2,NO,71,97,168,78.59,104.17,182.75,-3,181.5
1999,12-Mar,07:00PM,Fri,Charlotte,18,26,44,20,28,0,48,92,NO,1,1,NO,Washington,23,25,48,23,12,0,35,83,NO,1,0,YES,92,83,175,99.59,90.17,189.75,0,0
1999,12-Mar,06:30PM,Fri,New York,17,5,22,11,30,0,41,63,YES,0,1,YES,Chicago,29,18,47,16,13,0,29,76,NO,2,0,NO,69,70,139,76.59,77.17,153.75,4,168
1999,12-Mar,04:30PM,Fri,Golden State,21,15,36,16,26,0,42,78,YES,0,0,YES,LAL,23,34,57,18,14,0,32,89,YES,1,1,NO,93,74,167,100.59,81.17,181.75,-14,191.5
1999,12-Mar,04:30PM,Fri,Minnesota,34,22,56,21,24,0,45,101,NO,0,0,NO,Sacramento,20,27,47,22,26,0,48,95,NO,1,0,YES,103,93,196,110.59,100.17,210.75,0,0
1999,12-Mar,08:00PM,Fri,Boston,19,20,39,29,15,0,44,83,NO,0,1,NO,Detroit,24,24,48,16,29,0,45,93,NO,1,1,YES,87,89,176,94.59,96.17,190.75,-9.5,190
1999,13-Mar,06:00PM,Sat,Vancouver,10,14,24,31,19,0,50,74,NO,1,1,NO,Dallas,23,18,41,21,29,0,50,91,NO,1,1,NO,65,100,165,72.59,107.17,179.75,-8,183.5
1999,13-Mar,05:00PM,Sat,Minnesota,19,15,34,25,13,0,38,72,NO,0,1,YES,Utah,28,17,45,28,26,0,54,99,YES,1,0,YES,79,92,171,86.59,99.17,185.75,-9.5,184.5
1999,13-Mar,07:30PM,Sat,Toronto,21,19,40,15,20,0,35,75,NO,1,1,YES,Atlanta,22,23,45,18,23,0,41,86,YES,0,1,NO,85,76,161,92.59,83.17,175.75,-9.5,178.5
1999,13-Mar,04:30PM,Sat,Orlando,19,18,37,26,24,0,50,87,NO,1,1,YES,Golden State,21,16,37,23,14,0,37,74,NO,1,0,YES,74,87,161,81.59,94.17,175.75,5.5,172
1999,13-Mar,06:30PM,Sat,Cleveland,14,22,36,31,22,0,53,89,NO,2,1,NO,Houston,27,27,54,20,26,0,46,100,YES,0,1,NO,90,99,189,97.59,106.17,203.75,-7,173
1999,13-Mar,04:30PM,Sat,Portland,18,30,48,16,27,15,43,91,YES,0,1,NO,LAC,27,24,51,25,15,5,40,91,YES,0,1,NO,99,83,182,106.59,90.17,196.75,10.5,183
1999,13-Mar,06:30PM,Sat,Denver,20,16,36,13,12,0,25,61,NO,1,1,YES,San Antonio,25,28,53,15,24,0,39,92,YES,2,0,YES,89,64,153,96.59,71.17,167.75,-10,182.5
1999,14-Mar,12:00PM,Sun,Boston,23,29,52,23,21,0,44,96,NO,1,2,YES,Indiana,31,15,46,25,28,0,53,99,NO,1,1,NO,98,97,195,105.59,104.17,209.75,-9.5,189
1999,14-Mar,12:00PM,Sun,New Jersey,20,15,35,25,16,0,41,76,NO,1,1,NO,Miami,25,25,50,29,23,0,52,102,NO,1,2,NO,85,93,178,92.59,100.17,192.75,-8,176
1999,14-Mar,02:30PM,Sun,Milwaukee,27,17,44,19,23,0,42,86,NO,1,0,YES,Washington,31,19,50,21,27,0,48,98,YES,1,1,NO,94,90,184,101.59,97.17,198.75,1.5,182
1999,14-Mar,03:00PM,Sun,Houston,12,32,44,24,22,0,46,90,YES,0,1,YES,Phoenix,15,22,37,30,37,0,67,104,YES,1,1,NO,81,113,194,88.59,120.17,208.75,-3,191
1999,14-Mar,03:00PM,Sun,LAL,28,27,55,21,25,0,46,101,YES,1,1,NO,Sacramento,26,34,60,24,21,0,45,105,YES,0,1,NO,115,91,206,122.59,98.17,220.75,5.5,203
1999,14-Mar,06:00PM,Sun,LAC,23,25,48,27,14,0,41,89,YES,0,1,NO,Seattle,29,23,52,25,31,0,56,108,NO,1,2,YES,100,97,197,107.59,104.17,211.75,-16.5,184.5
1999,14-Mar,07:00PM,Sun,Atlanta,21,22,43,17,25,0,42,85,YES,0,1,NO,Detroit,25,15,40,17,15,0,32,72,YES,1,1,NO,83,74,157,90.59,81.17,171.75,-4.5,173
1999,14-Mar,07:30PM,Sun,Charlotte,21,21,42,26,18,0,44,86,NO,1,0,NO,New York,19,33,52,19,23,0,42,94,YES,0,1,YES,94,86,180,101.59,93.17,194.75,-7.5,169.5
1999,15-Mar,05:00PM,Mon,Vancouver,18,21,39,20,25,0,45,84,NO,1,0,NO,Denver,28,28,56,26,28,0,54,110,NO,1,1,YES,95,99,194,102.59,106.17,208.75,-7,193.5
1999,15-Mar,06:00PM,Mon,New York,30,26,56,28,24,0,52,108,YES,0,0,YES,Milwaukee,25,26,51,22,29,0,51,102,NO,0,0,YES,107,103,210,114.59,110.17,224.75,-2.5,172
1999,15-Mar,06:00PM,Mon,Utah,28,24,52,16,22,0,38,90,YES,1,2,NO,Minnesota,16,26,42,21,20,0,41,83,NO,0,1,YES,94,79,173,101.59,86.17,187.75,3,180
1999,15-Mar,07:00PM,Mon,Charlotte,18,24,42,19,21,0,40,82,NO,0,1,YES,Toronto,26,29,55,9,25,0,34,89,NO,0,1,YES,97,74,171,104.59,81.17,185.75,-2.5,177
1999,15-Mar,06:30PM,Mon,Cleveland,23,24,47,18,15,9,33,80,NO,1,0,YES,Chicago,26,20,46,18,16,5,34,80,YES,1,2,NO,93,67,160,100.59,74.17,174.75,4.5,166.5
1999,15-Mar,06:30PM,Mon,Portland,28,28,56,19,31,0,50,106,NO,1,0,NO,Dallas,27,19,46,16,29,0,45,91,YES,1,1,NO,102,95,197,109.59,102.17,211.75,6,176.5
1999,15-Mar,04:30PM,Mon,Sacramento,36,29,65,17,29,0,46,111,YES,0,0,YES,Golden State,32,26,58,29,18,0,47,105,NO,1,1,NO,123,93,216,130.59,100.17,230.75,0,188.5
1999,15-Mar,07:30PM,Mon,Philadelphia,22,20,42,15,16,0,31,73,YES,2,1,YES,Orlando,16,21,37,17,20,0,37,74,NO,1,1,YES,79,68,147,86.59,75.17,161.75,-4.5,173.5
1999,16-Mar,07:00PM,Tue,Atlanta,20,20,40,23,22,0,45,85,NO,1,0,YES,Indiana,26,13,39,22,18,0,40,79,YES,0,1,NO,79,85,164,86.59,92.17,178.75,-5,175
1999,16-Mar,06:00PM,Tue,LAL,31,16,47,28,32,0,60,107,NO,1,1,NO,Minnesota,29,25,54,24,23,0,47,101,YES,1,0,NO,101,107,208,108.59,114.17,222.75,6,189.5
1999,16-Mar,07:00PM,Tue,Vancouver,25,20,45,24,16,0,40,85,NO,0,1,YES,Seattle,21,22,43,22,22,0,44,87,YES,2,1,NO,88,84,172,95.59,91.17,186.75,,
1999,16-Mar,07:30PM,Tue,Detroit,22,11,33,21,28,0,49,82,YES,1,2,YES,Cleveland,17,17,34,21,31,0,52,86,NO,1,0,YES,67,101,168,74.59,108.17,182.75,0,172
1999,16-Mar,06:30PM,Tue,Portland,22,29,51,12,30,0,42,93,NO,0,1,NO,Houston,21,33,54,26,21,0,47,101,YES,0,1,YES,105,89,194,112.59,96.17,208.75,-3.5,182.5
1999,16-Mar,07:30PM,Tue,Washington,19,19,38,25,22,0,47,85,YES,1,1,YES,Miami,26,23,49,24,21,0,45,94,YES,0,1,NO,87,92,179,94.59,99.17,193.75,-9.5,175
1999,16-Mar,06:30PM,Tue,Phoenix,33,30,63,23,24,0,47,110,YES,1,0,NO,Milwaukee,15,21,36,25,31,0,56,92,NO,1,0,NO,99,103,202,106.59,110.17,216.75,2.5,188.5
1999,16-Mar,07:30PM,Tue,LAC,21,21,42,28,19,0,47,89,NO,1,0,NO,New York,31,28,59,22,32,0,54,113,NO,1,0,YES,101,101,202,108.59,108.17,216.75,-10,182
1999,16-Mar,04:30PM,Tue,San Antonio,33,30,63,29,29,0,58,121,YES,2,0,NO,Sacramento,25,28,53,31,25,0,56,109,NO,1,0,YES,116,114,230,123.59,121.17,244.75,5,188.5
1999,16-Mar,08:00PM,Tue,New Jersey,19,15,34,17,34,0,51,85,NO,1,0,YES,Toronto,26,21,47,31,22,0,53,100,NO,4,0,NO,81,104,185,88.59,111.17,199.75,0,0
1999,17-Mar,07:00PM,Wed,LAC,22,17,39,27,18,0,45,84,NO,0,3,NO,Boston,27,27,54,28,36,0,64,118,YES,0,2,YES,93,109,202,100.59,116.17,216.75,-12.5,199
1999,17-Mar,05:00PM,Wed,Houston,32,29,61,30,23,0,53,114,YES,0,2,YES,Denver,19,22,41,31,37,0,68,109,NO,1,1,NO,102,121,223,109.59,128.17,237.75,3.5,194.5
1999,17-Mar,07:00PM,Wed,Indiana,24,35,59,32,19,0,51,110,YES,0,1,YES,Philadelphia,27,33,60,23,31,0,54,114,NO,1,1,YES,119,105,224,126.59,112.17,238.75,1,174
1999,17-Mar,07:30PM,Wed,Miami,25,19,44,24,18,0,42,86,YES,0,2,YES,Atlanta,20,18,38,21,26,0,47,85,NO,1,0,YES,82,89,171,89.59,96.17,185.75,-1.5,167.5
1999,17-Mar,07:30PM,Wed,Phoenix,24,23,47,35,29,0,64,111,NO,0,1,NO,Charlotte,38,25,63,27,29,0,56,119,NO,1,1,YES,110,120,230,117.59,127.17,244.75,4,187
1999,17-Mar,04:30PM,Wed,San Antonio,17,24,41,13,28,0,41,82,NO,0,1,NO,Golden State,24,14,38,18,22,0,40,78,NO,1,1,NO,79,81,160,86.59,88.17,174.75,6.5,176
1999,17-Mar,07:30PM,Wed,Dallas,18,21,39,21,27,0,48,87,YES,1,1,NO,New Jersey,16,26,42,25,21,0,46,88,YES,0,0,YES,81,94,175,88.59,101.17,189.75,-4.5,181
1999,17-Mar,07:30PM,Wed,Chicago,25,18,43,25,26,0,51,94,YES,1,0,YES,Orlando,23,34,57,18,28,0,46,103,YES,0,1,NO,100,97,197,107.59,104.17,211.75,-11.5,169
1999,18-Mar,07:00PM,Thu,Utah,24,23,47,24,24,0,48,95,NO,2,0,NO,Washington,18,24,42,26,19,0,45,87,NO,1,1,YES,89,93,182,96.59,100.17,196.75,6.5,181
1999,18-Mar,07:00PM,Thu,Minnesota,21,21,42,18,21,0,39,81,YES,1,0,NO,Vancouver,16,27,43,17,26,0,43,86,NO,1,1,YES,85,82,167,92.59,89.17,181.75,6.5,185
1999,18-Mar,06:30PM,Thu,New Jersey,23,23,46,19,30,0,49,95,YES,0,2,NO,Chicago,30,20,50,30,24,0,54,104,YES,0,0,YES,96,103,199,103.59,110.17,213.75,1,174
1999,18-Mar,07:30PM,Thu,LAL,22,24,46,21,26,0,47,93,NO,1,0,NO,Cleveland,26,27,53,22,25,0,47,100,YES,1,1,NO,99,94,193,106.59,101.17,207.75,5,188
1999,18-Mar,06:30PM,Thu,Boston,26,32,58,16,9,0,25,83,YES,0,1,NO,Milwaukee,24,27,51,26,22,0,48,99,YES,1,1,NO,109,73,182,116.59,80.17,196.75,-4,191.5
1999,18-Mar,07:30PM,Thu,Orlando,19,24,43,17,26,0,43,86,YES,0,2,YES,New York,23,25,48,15,15,0,30,78,NO,1,1,NO,91,73,164,98.59,80.17,178.75,-3.5,176.5
1999,18-Mar,04:30PM,Thu,Portland,31,20,51,13,24,0,37,88,NO,1,0,YES,Sacramento,22,23,45,20,13,0,33,78,YES,1,1,NO,96,70,166,103.59,77.17,180.75,3,195
1999,19-Mar,05:00PM,Fri,Minnesota,28,22,50,25,30,0,55,105,NO,0,1,YES,Denver,28,22,50,24,27,0,51,101,NO,1,1,NO,100,106,206,107.59,113.17,220.75,0,0
1999,19-Mar,07:00PM,Fri,Chicago,27,17,44,25,18,0,43,87,YES,0,1,NO,Indiana,22,22,44,23,29,0,52,96,YES,0,1,YES,88,95,183,95.59,102.17,197.75,-14,178
1999,19-Mar,07:00PM,Fri,LAL,26,25,51,16,23,0,39,90,NO,0,1,NO,Philadelphia,21,29,50,26,29,0,55,105,YES,1,1,NO,101,94,195,108.59,101.17,209.75,2.5,188
1999,19-Mar,04:00PM,Fri,San Antonio,17,22,39,29,17,0,46,85,NO,1,0,NO,Portland,26,20,46,19,25,0,44,90,NO,1,0,YES,85,90,175,92.59,97.17,189.75,-1,173
1999,19-Mar,07:30PM,Fri,Phoenix,28,21,49,16,20,0,36,85,NO,1,0,NO,Atlanta,22,30,52,22,19,0,41,93,NO,0,1,NO,101,77,178,108.59,84.17,192.75,-4,188.5
1999,19-Mar,07:30PM,Fri,Utah,19,16,35,25,15,7,40,75,NO,0,1,NO,Charlotte,14,23,37,22,16,8,38,75,YES,1,1,NO,72,78,150,79.59,85.17,164.75,5.5,181
1999,19-Mar,04:30PM,Fri,Seattle,15,25,40,14,24,0,38,78,YES,2,1,NO,Golden State,31,20,51,16,23,0,39,90,YES,3,1,NO,91,77,168,98.59,84.17,182.75,5,176
1999,19-Mar,08:00PM,Fri,Dallas,23,18,41,27,19,0,46,87,NO,1,0,YES,Detroit,28,29,57,14,23,0,37,94,NO,1,2,YES,98,83,181,105.59,90.17,195.75,-8,177
1999,20-Mar,01:00PM,Sat,Boston,30,15,45,15,18,0,33,78,NO,1,0,YES,New York,25,30,55,25,16,0,41,96,YES,0,1,NO,100,74,174,107.59,81.17,188.75,-7.5,185
1999,20-Mar,06:00PM,Sat,Sacramento,20,27,47,23,20,0,43,90,YES,1,1,NO,Dallas,29,27,56,23,25,0,48,104,NO,1,0,YES,103,91,194,110.59,98.17,208.75,3.5,190.5
1999,20-Mar,07:00PM,Sat,Cleveland,18,20,38,26,19,0,45,83,YES,1,0,YES,Washington,25,26,51,34,28,0,62,113,YES,1,1,NO,89,107,196,96.59,114.17,210.75,-1.5,178.5
1999,20-Mar,07:00PM,Sat,San Antonio,11,22,33,23,22,14,45,78,NO,0,2,YES,Vancouver,13,25,38,18,22,10,40,78,YES,1,1,NO,71,85,156,78.59,92.17,170.75,9,173
1999,20-Mar,07:30PM,Sat,Milwaukee,22,17,39,21,23,0,44,83,YES,1,0,YES,Atlanta,27,15,42,17,18,0,35,77,YES,1,0,NO,81,79,160,88.59,86.17,174.75,-5.5,177.5
1999,20-Mar,06:30PM,Sat,Phoenix,27,19,46,31,14,2,45,91,NO,0,1,YES,Houston,22,27,49,19,23,12,42,91,NO,1,2,YES,95,87,182,102.59,94.17,196.75,-7,195
1999,20-Mar,07:30PM,Sat,Indiana,18,25,43,30,21,0,51,94,YES,0,1,YES,Miami,19,16,35,26,28,0,54,89,YES,2,2,YES,78,105,183,85.59,112.17,197.75,-4.5,174
1999,21-Mar,12:30PM,Sun,LAL,24,19,43,31,41,0,72,115,NO,1,0,NO,Orlando,29,34,63,21,20,0,41,104,NO,1,2,YES,106,113,219,113.59,120.17,233.75,2,186.5
1999,21-Mar,01:30PM,Sun,LAC,17,35,52,27,21,0,48,100,NO,3,2,YES,Minnesota,20,25,45,21,19,0,40,85,YES,2,1,YES,97,88,185,104.59,95.17,199.75,-11.5,192
1999,21-Mar,03:00PM,Sun,Chicago,21,19,40,29,14,12,43,83,NO,1,1,YES,Boston,21,24,45,15,23,9,38,83,YES,1,0,YES,85,81,166,92.59,88.17,180.75,-6.5,186
1999,21-Mar,03:00PM,Sun,New York,16,22,38,16,21,6,37,75,YES,0,0,YES,Toronto,20,18,38,15,22,10,37,75,YES,0,4,NO,76,74,150,83.59,81.17,164.75,3,174
1999,21-Mar,04:00PM,Sun,Utah,32,17,49,27,14,11,41,90,NO,1,1,YES,Detroit,17,16,33,27,30,14,57,90,YES,0,1,NO,82,98,180,89.59,105.17,194.75,2.5,175.5
1999,21-Mar,06:00PM,Sun,New Jersey,22,18,40,24,21,0,45,85,NO,2,0,YES,Cleveland,28,21,49,23,16,0,39,88,NO,1,0,YES,89,84,173,96.59,91.17,187.75,-5.5,180.5
1999,21-Mar,03:00PM,Sun,Philadelphia,29,16,45,14,16,0,30,75,YES,1,0,NO,Portland,21,23,44,16,31,0,47,91,NO,1,1,NO,89,77,166,96.59,84.17,180.75,-6.5,178.5
1999,21-Mar,05:00PM,Sun,Seattle,19,28,47,27,24,0,51,98,NO,1,0,YES,Denver,39,23,62,17,23,0,40,102,YES,1,1,NO,109,91,200,116.59,98.17,214.75,5.5,194
1999,21-Mar,06:00PM,Sun,Charlotte,21,28,49,21,24,0,45,94,YES,1,1,NO,Milwaukee,22,16,38,32,17,0,49,87,NO,0,0,YES,87,94,181,94.59,101.17,195.75,-5,181
1999,22-Mar,07:00PM,Mon,Washington,18,24,42,21,23,0,44,86,YES,1,1,NO,Indiana,18,20,38,20,32,0,52,90,YES,1,1,YES,80,96,176,87.59,103.17,190.75,-8,187.5
1999,22-Mar,04:00PM,Mon,Vancouver,19,14,33,20,31,0,51,84,YES,1,1,YES,Phoenix,24,13,37,19,33,0,52,89,YES,1,1,YES,70,103,173,77.59,110.17,187.75,-11.5,188.5
1999,22-Mar,07:00PM,Mon,Philadelphia,18,17,35,16,25,0,41,76,NO,0,1,NO,Seattle,18,27,45,26,21,0,47,92,NO,1,0,YES,80,88,168,87.59,95.17,182.75,-3.5,175
1999,22-Mar,06:30PM,Mon,LAL,17,27,44,29,23,0,52,96,NO,0,1,YES,Dallas,25,22,47,19,27,0,46,93,NO,1,1,NO,91,98,189,98.59,105.17,203.75,6.5,191
1999,22-Mar,06:30PM,Mon,Sacramento,22,28,50,19,31,0,50,100,NO,1,1,YES,Houston,27,34,61,25,24,0,49,110,YES,1,1,NO,111,99,210,118.59,106.17,224.75,-6.5,197.5
1999,22-Mar,06:30PM,Mon,Detroit,14,23,37,26,23,0,49,86,YES,0,1,NO,Milwaukee,40,28,68,20,27,0,47,115,NO,1,0,NO,105,96,201,112.59,103.17,215.75,0,174.5
1999,22-Mar,07:30PM,Mon,Toronto,14,27,41,22,24,0,46,87,YES,0,0,NO,New Jersey,32,26,58,25,23,0,48,106,NO,1,0,YES,99,94,193,106.59,101.17,207.75,-6,183
1999,22-Mar,08:00PM,Mon,Atlanta,19,18,37,27,16,0,43,80,YES,1,1,YES,New York,19,15,34,22,15,0,37,71,YES,1,0,YES,71,80,151,78.59,87.17,165.75,-1,167.5
1999,23-Mar,04:00PM,Tue,Miami,14,27,41,22,18,0,40,81,YES,2,0,NO,Utah,18,24,42,15,27,0,42,84,YES,2,1,YES,83,82,165,90.59,89.17,179.75,-5,172.5
1999,23-Mar,04:00PM,Tue,Golden State,20,16,36,21,15,0,36,72,YES,3,0,NO,Portland,19,19,38,27,14,0,41,79,NO,1,1,NO,74,77,151,81.59,84.17,165.75,-11,177.5
1999,23-Mar,06:30PM,Tue,Toronto,31,35,66,28,19,0,47,113,NO,0,1,NO,Chicago,9,30,39,23,28,0,51,90,YES,0,1,YES,105,98,203,112.59,105.17,217.75,-4,179
1999,23-Mar,07:30PM,Tue,Boston,17,21,38,24,24,0,48,86,YES,1,0,YES,Cleveland,22,32,54,29,30,0,59,113,YES,1,1,NO,92,107,199,99.59,114.17,213.75,-5,186
1999,23-Mar,07:30PM,Tue,Charlotte,16,18,34,25,19,0,44,78,NO,1,0,YES,Orlando,21,19,40,18,28,0,46,86,NO,1,1,NO,74,90,164,81.59,97.17,178.75,-6,177.5
1999,23-Mar,06:30PM,Tue,Denver,26,16,42,18,22,0,40,82,YES,1,1,YES,San Antonio,27,27,54,22,36,0,58,112,YES,1,2,YES,96,98,194,103.59,105.17,208.75,-11,182
1999,24-Mar,07:00PM,Wed,Minnesota,23,19,42,25,20,0,45,87,YES,2,1,YES,Boston,18,16,34,16,18,0,34,68,YES,1,0,YES,76,79,155,83.59,86.17,169.75,-1,188.5
1999,24-Mar,07:00PM,Wed,Washington,24,27,51,16,29,0,45,96,NO,1,1,NO,Seattle,29,14,43,20,29,0,49,92,NO,1,1,NO,94,94,188,101.59,101.17,202.75,-4.5,181.5
1999,24-Mar,07:00PM,Wed,Philadelphia,25,17,42,28,14,11,42,84,NO,1,1,YES,Vancouver,15,24,39,21,24,6,45,84,NO,1,1,YES,81,87,168,88.59,94.17,182.75,6.5,173
1999,24-Mar,07:30PM,Wed,Indiana,33,19,52,27,23,0,50,102,YES,1,1,NO,Atlanta,24,32,56,24,23,0,47,103,NO,1,1,YES,108,97,205,115.59,104.17,219.75,1,174
1999,24-Mar,07:30PM,Wed,Chicago,24,21,45,18,18,0,36,81,YES,0,1,NO,Charlotte,27,32,59,18,33,0,51,110,NO,1,0,YES,104,87,191,111.59,94.17,205.75,-11.5,175.5
1999,24-Mar,06:30PM,Wed,Houston,23,16,39,25,24,0,49,88,YES,1,0,YES,Dallas,14,17,31,20,27,0,47,78,NO,1,1,NO,70,96,166,77.59,103.17,180.75,4.5,185.5
1999,24-Mar,04:30PM,Wed,Golden State,24,23,47,22,23,0,45,92,NO,0,1,YES,LAC,24,19,43,24,13,0,37,80,YES,1,2,YES,90,82,172,97.59,89.17,186.75,2.5,179
1999,24-Mar,04:30PM,Wed,Phoenix,24,25,49,34,23,0,57,106,YES,1,0,NO,LAL,22,32,54,23,24,0,47,101,NO,1,1,YES,103,104,207,110.59,111.17,221.75,-8,198.5
1999,24-Mar,06:30PM,Wed,Miami,17,24,41,21,22,0,43,84,NO,0,1,NO,Milwaukee,20,27,47,14,15,0,29,76,YES,1,1,NO,88,72,160,95.59,79.17,174.75,3,173
1999,24-Mar,07:30PM,Wed,Detroit,30,16,46,20,18,0,38,84,NO,1,1,YES,New Jersey,20,9,29,21,21,0,42,71,NO,1,1,NO,75,80,155,82.59,87.17,169.75,0,182
1999,24-Mar,04:30PM,Wed,New York,20,32,52,15,24,0,39,91,YES,1,1,NO,Sacramento,26,25,51,17,24,0,41,92,YES,1,1,YES,103,80,183,110.59,87.17,197.75,2,184
1999,25-Mar,05:00PM,Thu,San Antonio,18,37,55,16,15,0,31,86,YES,1,0,YES,Denver,20,20,40,16,9,0,25,65,YES,0,1,YES,95,56,151,102.59,63.17,165.75,7,193
1999,25-Mar,04:00PM,Thu,Phoenix,23,24,47,22,15,0,37,84,NO,0,0,YES,Portland,21,26,47,27,23,0,50,97,YES,2,1,NO,94,87,181,101.59,94.17,195.75,-8.5,185.5
1999,25-Mar,06:30PM,Thu,Toronto,28,25,53,24,27,0,51,104,NO,1,0,NO,Houston,23,33,56,37,20,0,57,113,YES,1,0,YES,109,108,217,116.59,115.17,231.75,-8.5,187.5
1999,25-Mar,07:30PM,Thu,Cleveland,23,24,47,19,20,0,39,86,YES,1,1,NO,Orlando,23,26,49,23,24,0,47,96,YES,0,1,NO,96,86,182,103.59,93.17,196.75,-6,175
1999,26-Mar,03:00PM,Fri,New York,16,31,47,24,23,0,47,94,NO,1,1,NO,Phoenix,18,30,48,14,25,0,39,87,NO,1,0,YES,95,86,181,102.59,93.17,195.75,1,177.5
1999,26-Mar,06:00PM,Fri,Miami,23,17,40,30,23,0,53,93,NO,1,1,NO,Minnesota,29,26,55,25,20,0,45,100,NO,1,1,YES,95,98,193,102.59,105.17,207.75,4,172.5
1999,26-Mar,07:00PM,Fri,Boston,18,18,36,26,28,0,54,90,YES,1,1,YES,Philadelphia,24,19,43,16,25,0,41,84,YES,0,1,YES,79,95,174,86.59,102.17,188.75,-6,183.5
1999,26-Mar,07:00PM,Fri,LAC,26,28,54,24,20,0,44,98,YES,1,0,YES,Seattle,24,29,53,28,23,0,51,104,YES,1,1,NO,107,95,202,114.59,102.17,216.75,-13.5,184.5
1999,26-Mar,07:30PM,Fri,Chicago,25,23,48,20,13,0,33,81,NO,1,1,NO,Atlanta,19,25,44,22,27,0,49,93,NO,0,1,NO,92,82,174,99.59,89.17,188.75,-13.5,172
1999,26-Mar,07:30PM,Fri,Orlando,16,21,37,23,22,0,45,82,YES,0,1,YES,Charlotte,36,15,51,23,16,0,39,90,NO,1,1,NO,88,84,172,95.59,91.17,186.75,-3,176
1999,26-Mar,06:30PM,Fri,Denver,23,22,45,13,21,0,34,79,YES,0,0,YES,Dallas,26,25,51,26,21,0,47,98,YES,0,1,NO,96,81,177,103.59,88.17,191.75,-6,186
1999,26-Mar,04:30PM,Fri,Washington,18,29,47,30,19,0,49,96,NO,1,0,NO,Golden State,24,27,51,19,30,0,49,100,NO,0,1,YES,98,98,196,105.59,105.17,210.75,1,177
1999,26-Mar,04:30PM,Fri,Sacramento,20,26,46,40,25,0,65,111,YES,1,1,YES,LAL,30,32,62,23,24,0,47,109,NO,1,1,NO,108,112,220,115.59,119.17,234.75,-10,203
1999,26-Mar,07:30PM,Fri,Indiana,23,27,50,24,26,0,50,100,NO,1,1,NO,New Jersey,24,23,47,21,23,0,44,91,NO,0,1,NO,97,94,191,104.59,101.17,205.75,5.5,187
1999,26-Mar,06:30PM,Fri,Toronto,21,25,46,19,28,0,47,93,NO,0,1,YES,San Antonio,23,24,47,23,21,0,44,91,NO,0,0,YES,93,91,184,100.59,98.17,198.75,-10.5,178.5
1999,26-Mar,07:30PM,Fri,Utah,16,19,35,25,25,0,50,85,YES,2,0,NO,Vancouver,22,20,42,15,23,0,38,80,YES,2,1,NO,77,88,165,84.59,95.17,179.75,10.5,173
1999,26-Mar,08:00PM,Fri,Milwaukee,17,24,41,16,28,0,44,85,YES,1,1,NO,Detroit,29,24,53,18,19,0,37,90,NO,1,1,YES,94,81,175,101.59,88.17,189.75,-6,177
1999,27-Mar,05:00PM,Sat,Washington,30,30,60,26,26,0,52,112,NO,0,2,NO,Denver,29,23,52,20,28,0,48,100,NO,1,0,YES,112,100,212,119.59,107.17,226.75,4,197
1999,27-Mar,07:30PM,Sat,Philadelphia,22,26,48,18,20,13,38,86,YES,0,2,NO,Atlanta,24,12,36,25,25,17,50,86,YES,1,0,NO,84,88,172,91.59,95.17,186.75,0,0
1999,27-Mar,04:30PM,Sat,Houston,21,13,34,23,30,0,53,87,YES,1,0,NO,Golden State,20,29,49,13,24,0,37,86,NO,2,0,NO,83,90,173,90.59,97.17,187.75,5.5,180.5
1999,27-Mar,04:30PM,Sat,Utah,13,19,32,22,23,0,45,77,NO,0,2,NO,LAC,32,20,52,27,24,0,51,103,YES,1,0,YES,84,96,180,91.59,103.17,194.75,11.5,181
1999,27-Mar,06:30PM,Sat,Dallas,19,22,41,18,18,0,36,77,YES,0,1,YES,San Antonio,25,19,44,25,30,0,55,99,NO,2,0,NO,85,91,176,92.59,98.17,190.75,-9.5,0
1999,27-Mar,08:00PM,Sat,Cleveland,32,27,59,21,29,0,50,109,NO,1,0,NO,New Jersey,27,26,53,24,22,0,46,99,YES,2,0,NO,112,96,208,119.59,103.17,222.75,4,176
1999,28-Mar,12:30PM,Sun,Indiana,22,29,51,28,22,0,50,101,NO,1,0,YES,Boston,19,23,42,32,19,0,51,93,YES,1,1,YES,93,101,194,100.59,108.17,208.75,5,191
1999,28-Mar,12:30PM,Sun,Seattle,16,22,38,20,29,0,49,87,YES,1,0,NO,Detroit,30,28,58,25,21,0,46,104,YES,1,1,NO,96,95,191,103.59,102.17,205.75,-4,178
1999,28-Mar,12:30PM,Sun,Miami,31,16,47,20,20,0,40,87,NO,1,3,YES,Orlando,20,23,43,22,29,0,51,94,NO,1,1,YES,90,91,181,97.59,98.17,195.75,-1,168
1999,28-Mar,01:30PM,Sun,Milwaukee,21,27,48,24,22,0,46,94,NO,1,1,YES,Minnesota,18,29,47,25,13,0,38,85,NO,1,1,NO,95,84,179,102.59,91.17,193.75,-3.5,187
1999,28-Mar,03:00PM,Sun,Chicago,24,21,45,12,21,0,33,78,NO,1,1,YES,Toronto,27,24,51,23,17,0,40,91,YES,1,1,YES,96,73,169,103.59,80.17,183.75,-9.5,179
1999,28-Mar,12:30PM,Sun,New York,27,15,42,23,26,0,49,91,NO,1,1,YES,LAL,21,29,50,22,27,0,49,99,NO,0,1,NO,92,98,190,99.59,105.17,204.75,-7.5,184.5
1999,28-Mar,03:00PM,Sun,Houston,24,27,51,24,32,0,56,107,NO,0,1,NO,Sacramento,19,28,47,19,27,0,46,93,NO,1,1,YES,98,102,200,105.59,109.17,214.75,-2,201
1999,28-Mar,07:00PM,Sun,Cleveland,29,24,53,10,21,0,31,84,NO,0,1,YES,Charlotte,20,24,44,32,29,0,61,105,NO,1,1,NO,97,92,189,104.59,99.17,203.75,-4,177.5
1999,28-Mar,04:00PM,Sun,Portland,32,20,52,15,21,0,36,88,YES,2,1,NO,Phoenix,11,30,41,19,26,0,45,86,NO,2,1,NO,93,81,174,100.59,88.17,188.75,3,186.5
1999,29-Mar,05:00PM,Mon,LAC,18,23,41,20,27,0,47,88,YES,1,0,YES,Denver,24,30,54,24,22,0,46,100,YES,0,1,NO,95,93,188,102.59,100.17,202.75,-6.5,198
1999,29-Mar,07:00PM,Mon,Atlanta,18,26,44,16,23,0,39,83,YES,1,0,YES,Indiana,22,23,45,23,14,0,37,82,YES,0,0,YES,89,76,165,96.59,83.17,179.75,-5,175
1999,29-Mar,06:30PM,Mon,Seattle,26,24,50,27,32,0,59,109,NO,0,0,NO,Dallas,20,22,42,15,44,0,59,101,YES,0,1,YES,92,118,210,99.59,125.17,224.75,2,181.5
1999,29-Mar,04:30PM,Mon,Vancouver,26,16,42,25,31,0,56,98,YES,2,0,YES,LAL,29,17,46,29,41,0,70,116,YES,3,0,NO,88,126,214,95.59,133.17,228.75,-14.5,189
1999,30-Mar,06:00PM,Tue,Dallas,24,14,38,18,22,0,40,78,YES,0,1,YES,Minnesota,22,30,52,26,20,0,46,98,NO,2,1,NO,90,86,176,97.59,93.17,190.75,-6,182.5
1999,30-Mar,07:00PM,Tue,Denver,23,25,48,22,17,0,39,87,YES,0,1,YES,Vancouver,25,21,46,30,25,0,55,101,YES,1,0,YES,94,94,188,101.59,101.17,202.75,-3,182
1999,30-Mar,07:30PM,Tue,Detroit,25,11,36,29,28,0,57,93,YES,1,0,NO,Atlanta,19,18,37,23,17,0,40,77,YES,1,0,YES,73,97,170,80.59,104.17,184.75,0,0
1999,30-Mar,07:30PM,Tue,Boston,34,29,63,23,23,0,46,109,YES,1,0,YES,Charlotte,26,24,50,20,29,0,49,99,NO,0,1,NO,113,95,208,120.59,102.17,222.75,-7,189
1999,30-Mar,06:30PM,Tue,Philadelphia,18,26,44,16,21,0,37,81,NO,2,1,NO,Chicago,24,22,46,18,27,0,45,91,YES,1,1,YES,90,82,172,97.59,89.17,186.75,0,0
1999,30-Mar,07:30PM,Tue,Toronto,22,33,55,24,22,0,46,101,YES,1,1,YES,Cleveland,21,19,40,21,30,0,51,91,YES,1,1,YES,95,97,192,102.59,104.17,206.75,-4.5,183
1999,30-Mar,04:30PM,Tue,Portland,24,22,46,18,26,0,44,90,NO,1,0,YES,Golden State,20,23,43,18,32,0,50,93,YES,0,2,NO,89,94,183,96.59,101.17,197.75,6,175
1999,30-Mar,04:30PM,Tue,Houston,23,30,53,25,26,0,51,104,NO,1,1,NO,LAC,22,17,39,28,28,0,56,95,YES,1,0,YES,92,107,199,99.59,114.17,213.75,9.5,194
1999,30-Mar,06:30PM,Tue,Washington,23,25,48,29,28,0,57,105,NO,2,0,YES,Milwaukee,21,25,46,28,33,0,61,107,YES,0,1,YES,94,118,212,101.59,125.17,226.75,-3.5,187.5
1999,30-Mar,07:30PM,Tue,New Jersey,29,27,56,25,17,0,42,98,YES,2,1,YES,Orlando,28,21,49,30,21,0,51,100,YES,0,1,NO,105,93,198,112.59,100.17,212.75,-9,184
1999,30-Mar,04:30PM,Tue,Utah,23,25,48,20,27,6,47,95,NO,2,1,YES,Sacramento,20,20,40,32,23,9,55,95,YES,0,1,NO,88,102,190,95.59,109.17,204.75,6.5,191
1999,30-Mar,06:30PM,Tue,Seattle,14,27,41,26,20,0,46,87,NO,0,1,NO,San Antonio,27,22,49,25,21,0,46,95,NO,1,2,NO,90,92,182,97.59,99.17,196.75,-9.5,179
1999,30-Mar,08:00PM,Tue,Indiana,21,30,51,22,20,0,42,93,YES,0,1,NO,New York,26,28,54,20,20,0,40,94,NO,1,1,YES,105,82,187,112.59,89.17,201.75,-2.5,176
1999,31-Mar,07:00PM,Wed,Detroit,25,18,43,20,24,0,44,87,NO,0,0,YES,Boston,15,18,33,18,21,0,39,72,NO,1,0,YES,76,83,159,83.59,90.17,173.75,2,184.5
1999,31-Mar,04:00PM,Wed,Golden State,14,28,42,14,22,0,36,78,YES,0,1,YES,Phoenix,24,24,48,29,16,0,45,93,NO,1,2,NO,90,81,171,97.59,88.17,185.75,-8,183.5
1999,31-Mar,04:00PM,Wed,Sacramento,24,18,42,20,24,0,44,86,YES,0,2,NO,Portland,26,28,54,19,27,0,46,100,NO,1,0,YES,96,90,186,103.59,97.17,200.75,-10,190.5
1999,31-Mar,07:00PM,Wed,Orlando,18,22,40,16,17,0,33,73,YES,0,1,NO,Washington,26,17,43,25,16,0,41,84,YES,2,0,YES,83,74,157,90.59,81.17,171.75,-2,185
1999,31-Mar,07:30PM,Wed,Milwaukee,26,33,59,24,19,0,43,102,YES,0,1,NO,Charlotte,22,29,51,16,27,0,43,94,NO,1,0,NO,110,86,196,117.59,93.17,210.75,-3.5,185.5
1999,1-Apr,05:00PM,Thu,Seattle,30,24,54,27,29,0,56,110,NO,1,0,NO,Denver,35,25,60,25,28,0,53,113,YES,0,1,YES,114,109,223,121.59,116.17,237.75,4.5,196.5
1999,1-Apr,05:00PM,Thu,Houston,19,24,43,28,16,0,44,87,NO,1,2,NO,Utah,18,23,41,16,31,0,47,88,YES,0,1,YES,84,91,175,91.59,98.17,189.75,-5,184
1999,1-Apr,07:00PM,Thu,Indiana,23,24,47,21,19,0,40,87,NO,1,0,NO,Toronto,18,30,48,21,19,0,40,88,NO,1,1,YES,95,80,175,102.59,87.17,189.75,0,0
1999,1-Apr,06:30PM,Thu,LAC,18,28,46,24,14,0,38,84,YES,1,1,NO,Dallas,28,16,44,31,18,0,49,93,YES,3,1,YES,90,87,177,97.59,94.17,191.75,-7.5,188
1999,1-Apr,07:30PM,Thu,Chicago,20,18,38,24,13,0,37,75,YES,1,0,YES,Detroit,33,23,56,25,26,0,51,107,NO,1,0,YES,94,88,182,101.59,95.17,196.75,-9,174
1999,1-Apr,07:30PM,Thu,Philadelphia,24,25,49,14,25,0,39,88,NO,1,0,YES,Miami,21,18,39,21,24,0,45,84,YES,1,3,YES,88,84,172,95.59,91.17,186.75,-7,173
1999,1-Apr,07:30PM,Thu,Atlanta,29,20,49,14,22,0,36,85,YES,1,0,YES,New Jersey,20,19,39,29,22,0,51,90,NO,1,1,YES,88,87,175,95.59,94.17,189.75,4.5,0
1999,1-Apr,07:30PM,Thu,Cleveland,22,17,39,20,15,0,35,74,YES,1,0,NO,New York,17,18,35,17,26,0,43,78,YES,2,1,NO,74,78,152,81.59,85.17,166.75,-5.5,175.5
1999,1-Apr,06:30PM,Thu,Vancouver,15,23,38,33,20,0,53,91,YES,1,0,NO,San Antonio,25,25,50,26,27,0,53,103,NO,1,1,NO,88,106,194,95.59,113.17,208.75,-13.5,176
1999,2-Apr,03:00PM,Fri,LAL,21,23,44,26,21,0,47,91,YES,3,0,YES,Phoenix,20,18,38,33,19,0,52,90,YES,0,1,NO,82,99,181,89.59,106.17,195.75,4,198
1999,2-Apr,07:00PM,Fri,Milwaukee,24,28,52,18,14,0,32,84,NO,1,1,NO,Boston,22,26,48,20,15,0,35,83,NO,1,1,NO,100,67,167,107.59,74.17,181.75,2,188
1999,2-Apr,06:00PM,Fri,Denver,27,23,50,18,20,0,38,88,YES,0,1,YES,Minnesota,30,22,52,29,26,0,55,107,NO,0,2,NO,102,93,195,109.59,100.17,209.75,-10,189
1999,2-Apr,07:00PM,Fri,Cleveland,18,27,45,24,16,0,40,85,NO,0,1,YES,Philadelphia,17,19,36,22,22,0,44,80,YES,1,0,YES,81,84,165,88.59,91.17,179.75,-4,175
1999,2-Apr,07:30PM,Fri,Vancouver,15,21,36,24,21,0,45,81,NO,0,1,NO,Atlanta,22,20,42,12,30,0,42,84,NO,1,0,YES,78,87,165,85.59,94.17,179.75,-9.5,174
1999,2-Apr,06:30PM,Fri,Orlando,32,32,64,27,24,0,51,115,NO,1,0,NO,Chicago,16,22,38,13,17,0,30,68,NO,1,0,YES,102,81,183,109.59,88.17,197.75,5.5,172
1999,2-Apr,04:30PM,Fri,Utah,23,21,44,29,19,0,48,92,YES,0,3,NO,Golden State,14,24,38,20,27,0,47,85,YES,0,1,YES,82,95,177,89.59,102.17,191.75,4,174
1999,2-Apr,04:30PM,Fri,Seattle,23,21,44,30,21,0,51,95,NO,0,1,YES,Portland,26,24,50,26,31,0,57,107,NO,0,1,NO,94,108,202,101.59,115.17,216.75,-10,183
1999,2-Apr,08:00PM,Fri,Indiana,21,18,39,19,29,0,48,87,NO,0,1,YES,Charlotte,24,23,47,9,25,0,34,81,YES,1,1,NO,86,82,168,93.59,89.17,182.75,2.5,188
1999,3-Apr,01:00PM,Sat,Miami,24,14,38,14,25,0,39,77,YES,1,0,NO,New Jersey,16,28,44,17,27,0,44,88,YES,0,1,NO,82,83,165,89.59,90.17,179.75,8,177.5
1999,3-Apr,03:00PM,Sat,Washington,15,27,42,17,26,0,43,85,YES,2,0,YES,Toronto,26,20,46,14,27,0,41,87,NO,0,1,NO,88,84,172,95.59,91.17,186.75,-3,185.5
1999,3-Apr,06:00PM,Sat,Sacramento,28,18,46,17,33,0,50,96,NO,2,2,NO,Minnesota,23,32,55,20,30,0,50,105,NO,1,0,NO,101,100,201,108.59,107.17,215.75,-3.5,199
1999,3-Apr,04:00PM,Sat,Phoenix,28,23,51,20,22,0,42,93,YES,0,2,NO,Portland,27,25,52,20,26,0,46,98,NO,2,0,NO,103,88,191,110.59,95.17,205.75,-8.5,184
1999,3-Apr,07:30PM,Sat,Orlando,17,22,39,29,24,0,53,92,NO,0,1,YES,Detroit,23,18,41,18,18,0,36,77,NO,1,1,NO,80,89,169,87.59,96.17,183.75,-7,174
1999,3-Apr,04:30PM,Sat,Golden State,22,25,47,18,16,0,34,81,YES,0,1,NO,LAL,15,21,36,17,23,0,40,76,NO,1,0,YES,83,74,157,90.59,81.17,171.75,-11,186
1999,3-Apr,06:30PM,Sat,LAC,17,28,45,23,14,0,37,82,NO,1,0,NO,San Antonio,28,27,55,22,26,0,48,103,NO,1,1,NO,100,85,185,107.59,92.17,199.75,-13,0
1999,4-Apr,12:30PM,Sun,Charlotte,24,22,46,16,21,0,37,83,YES,1,0,YES,Atlanta,23,18,41,22,22,0,44,85,YES,0,1,NO,87,81,168,94.59,88.17,182.75,-3.5,171
1999,4-Apr,12:30PM,Sun,New Jersey,26,28,54,21,16,0,37,91,YES,0,1,NO,Boston,18,23,41,27,11,0,38,79,YES,0,1,NO,95,75,170,102.59,82.17,184.75,-6.5,191
1999,4-Apr,02:30PM,Sun,New York,22,19,41,31,23,0,54,95,YES,2,1,YES,Indiana,31,22,53,23,32,0,55,108,YES,0,1,YES,94,109,203,101.59,116.17,217.75,-6.5,173.5
1999,4-Apr,03:00PM,Sun,Houston,19,17,36,25,23,0,48,84,NO,2,1,YES,Seattle,28,23,51,14,36,0,50,101,NO,1,1,YES,87,98,185,94.59,105.17,199.75,1.5,189
1999,4-Apr,03:00PM,Sun,Miami,21,22,43,27,20,0,47,90,NO,0,1,NO,Washington,16,23,39,25,15,0,40,79,NO,1,0,YES,82,87,169,89.59,94.17,183.75,3,178
1999,4-Apr,06:00PM,Sun,Vancouver,20,16,36,28,23,0,51,87,NO,1,1,NO,Chicago,26,16,42,24,22,0,46,88,YES,1,1,NO,78,97,175,85.59,104.17,189.75,-4,174
1999,4-Apr,05:00PM,Sun,LAC,22,18,40,21,19,0,40,80,NO,0,1,YES,Denver,22,23,45,20,17,0,37,82,YES,0,1,YES,85,77,162,92.59,84.17,176.75,-8,199
1999,4-Apr,07:00PM,Sun,Philadelphia,16,22,38,20,24,0,44,82,YES,1,1,YES,Toronto,28,22,50,29,18,0,47,97,NO,1,0,NO,88,91,179,95.59,98.17,193.75,-6,173
1999,4-Apr,08:00PM,Sun,Milwaukee,26,16,42,13,19,0,32,74,NO,1,1,NO,Cleveland,26,28,54,22,22,0,44,98,NO,1,1,YES,96,76,172,103.59,83.17,186.75,-2.5,180
1999,5-Apr,06:00PM,Mon,Dallas,20,23,43,21,29,0,50,93,YES,3,1,NO,Minnesota,20,31,51,22,27,0,49,100,YES,1,1,NO,94,99,193,101.59,106.17,207.75,-8,182
1999,5-Apr,07:30PM,Mon,Atlanta,23,15,38,22,17,0,39,77,YES,0,1,NO,Charlotte,22,17,39,17,15,0,32,71,NO,1,0,YES,77,71,148,84.59,78.17,162.75,-3,173
1999,5-Apr,04:30PM,Mon,Denver,36,24,60,19,25,0,44,104,YES,0,1,NO,LAL,29,33,62,23,32,0,55,117,NO,0,1,NO,122,99,221,129.59,106.17,235.75,0,0
1999,5-Apr,07:30PM,Mon,Boston,30,19,49,25,25,0,50,99,YES,0,1,YES,Orlando,23,37,60,19,27,0,46,106,YES,0,1,YES,109,96,205,116.59,103.17,219.75,-9.5,186
1999,5-Apr,06:30PM,Mon,Golden State,20,17,37,30,19,0,49,86,NO,1,0,NO,San Antonio,25,22,47,24,22,0,46,93,YES,2,1,NO,84,95,179,91.59,102.17,193.75,-10,173
1999,5-Apr,08:00PM,Mon,Indiana,23,23,46,23,19,0,42,88,YES,0,1,NO,Detroit,31,15,46,19,21,0,40,86,NO,1,1,NO,92,82,174,99.59,89.17,188.75,-2.5,182
1999,6-Apr,07:00PM,Tue,Milwaukee,18,29,47,23,17,0,40,87,NO,1,0,YES,Philadelphia,25,23,48,28,19,0,47,95,YES,0,1,YES,95,87,182,102.59,94.17,196.75,-1,173.5
1999,6-Apr,04:00PM,Tue,Vancouver,22,18,40,23,26,0,49,89,NO,1,0,YES,Portland,27,24,51,18,29,0,47,98,YES,1,2,NO,91,96,187,98.59,103.17,201.75,-14,182
1999,6-Apr,07:00PM,Tue,Sacramento,28,27,55,30,13,14,43,98,NO,2,0,YES,Seattle,23,27,50,26,22,8,48,98,NO,1,1,NO,105,91,196,112.59,98.17,210.75,-4.5,199
1999,6-Apr,07:00PM,Tue,Miami,23,18,41,25,26,0,51,92,NO,1,0,YES,Toronto,14,21,35,11,24,0,35,70,NO,1,1,NO,76,86,162,83.59,93.17,176.75,3,173
1999,6-Apr,07:30PM,Tue,Chicago,17,18,35,26,28,0,54,89,YES,1,0,YES,Cleveland,36,18,54,18,24,0,42,96,YES,0,1,NO,89,96,185,96.59,103.17,199.75,-10.5,177
1999,6-Apr,06:30PM,Tue,Golden State,20,17,37,21,16,0,37,74,NO,0,1,NO,Houston,21,24,45,36,30,0,66,111,NO,1,1,YES,82,103,185,89.59,110.17,199.75,-10,181
1999,6-Apr,04:30PM,Tue,Phoenix,18,22,40,22,26,0,48,88,NO,2,0,YES,LAC,23,27,50,15,18,0,33,83,NO,1,1,YES,90,81,171,97.59,88.17,185.75,7,192
1999,6-Apr,04:30PM,Tue,Utah,24,26,50,24,32,0,56,106,NO,3,1,YES,LAL,16,35,51,24,18,0,42,93,YES,0,0,NO,101,98,199,108.59,105.17,213.75,-2.5,188
1999,6-Apr,08:00PM,Tue,Orlando,16,17,33,23,25,0,48,81,YES,0,1,NO,New York,23,21,44,13,15,0,28,72,YES,0,1,YES,77,76,153,84.59,83.17,167.75,-4,174
1999,6-Apr,08:00PM,Tue,New Jersey,25,20,45,30,22,0,52,97,NO,1,0,YES,Washington,23,25,48,26,19,0,45,93,YES,0,1,NO,93,97,190,100.59,104.17,204.75,-6.5,189
1999,7-Apr,07:00PM,Wed,Washington,26,26,52,18,17,0,35,87,YES,0,1,NO,Boston,28,30,58,24,26,0,50,108,YES,0,1,YES,110,85,195,117.59,92.17,209.75,-2.5,193
1999,7-Apr,04:00PM,Wed,Minnesota,22,20,42,25,15,0,40,82,YES,1,0,NO,Phoenix,31,25,56,18,16,0,34,90,YES,1,0,YES,98,74,172,105.59,81.17,186.75,-5,186
1999,7-Apr,07:00PM,Wed,Denver,23,18,41,19,27,0,46,87,NO,1,2,NO,Vancouver,26,22,48,14,22,0,36,84,NO,1,0,YES,89,82,171,96.59,89.17,185.75,-2.5,188
1999,7-Apr,07:30PM,Wed,New York,12,26,38,22,22,0,44,82,YES,0,1,NO,Charlotte,29,29,58,21,27,0,48,106,NO,1,1,NO,96,92,188,103.59,99.17,202.75,0,0
1999,7-Apr,06:30PM,Wed,Indiana,23,26,49,26,16,0,42,91,NO,1,1,YES,Chicago,21,18,39,17,18,0,35,74,NO,2,0,YES,88,77,165,95.59,84.17,179.75,9,182
1999,7-Apr,07:30PM,Wed,Atlanta,19,21,40,22,20,0,42,82,NO,1,1,YES,Detroit,26,24,50,18,21,0,39,89,YES,1,1,NO,90,81,171,97.59,88.17,185.75,-5,168.5
1999,7-Apr,07:30PM,Wed,Dallas,30,16,46,14,27,0,41,87,NO,1,2,YES,Miami,25,22,47,24,22,0,46,93,YES,2,0,YES,93,87,180,100.59,94.17,194.75,-10,173.5
1999,7-Apr,06:30PM,Wed,Cleveland,25,17,42,29,20,0,49,91,YES,0,0,YES,Milwaukee,23,21,44,27,28,0,55,99,YES,1,0,YES,86,104,190,93.59,111.17,204.75,-4.5,178
1999,7-Apr,07:30PM,Wed,Philadelphia,22,33,55,18,23,0,41,96,YES,0,1,NO,New Jersey,26,24,50,22,20,0,42,92,NO,1,0,YES,105,83,188,112.59,90.17,202.75,0,180
1999,7-Apr,04:30PM,Wed,LAL,22,31,53,23,28,0,51,104,YES,0,1,YES,Sacramento,31,20,51,21,17,0,38,89,NO,2,0,YES,104,89,193,111.59,96.17,207.75,3.5,204.5
1999,8-Apr,07:00PM,Thu,Portland,24,29,53,13,20,0,33,86,YES,1,1,NO,Seattle,17,24,41,30,16,0,46,87,YES,0,1,NO,94,79,173,101.59,86.17,187.75,1.5,184.5
1999,8-Apr,05:00PM,Thu,Golden State,27,19,46,17,22,0,39,85,NO,1,1,NO,Utah,19,22,41,22,29,0,51,92,NO,0,1,YES,87,90,177,94.59,97.17,191.75,-11,174.5
1999,8-Apr,07:00PM,Thu,Boston,21,21,42,29,30,0,59,101,YES,0,0,YES,Toronto,26,20,46,21,22,0,43,89,YES,0,1,NO,88,102,190,95.59,109.17,204.75,-6,191
1999,8-Apr,07:30PM,Thu,Orlando,19,17,36,23,14,0,37,73,NO,1,0,YES,Cleveland,21,18,39,17,13,0,30,69,NO,1,0,YES,75,67,142,82.59,74.17,156.75,2,175
1999,8-Apr,06:30PM,Thu,San Antonio,32,22,54,21,17,0,38,92,YES,2,1,NO,Houston,26,17,43,21,19,0,40,83,YES,2,1,NO,97,78,175,104.59,85.17,189.75,-2.5,183
1999,8-Apr,04:30PM,Thu,Minnesota,20,20,40,16,35,0,51,91,NO,0,0,NO,LAC,19,23,42,26,31,0,57,99,NO,1,1,NO,82,108,190,89.59,115.17,204.75,4,184
1999,9-Apr,04:00PM,Fri,Phoenix,18,23,41,25,26,0,51,92,YES,1,0,YES,Utah,23,19,42,24,27,0,51,93,NO,1,0,NO,83,102,185,90.59,109.17,199.75,-8,184
1999,9-Apr,07:00PM,Fri,Philadelphia,27,19,46,18,19,0,37,83,NO,1,1,NO,Boston,13,18,31,20,16,0,36,67,NO,1,0,YES,77,73,150,84.59,80.17,164.75,2.5,184
1999,9-Apr,07:00PM,Fri,Detroit,16,25,41,29,32,0,61,102,YES,1,1,NO,Indiana,26,17,43,35,23,0,58,101,NO,0,1,YES,84,119,203,91.59,126.17,217.75,-5,179.5
1999,9-Apr,07:00PM,Fri,Seattle,26,21,47,17,29,0,46,93,YES,0,1,NO,Vancouver,22,23,45,24,29,0,53,98,NO,1,1,NO,92,99,191,99.59,106.17,205.75,,
1999,9-Apr,07:30PM,Fri,New York,19,26,45,22,19,0,41,86,NO,1,1,NO,Atlanta,20,25,45,20,13,0,33,78,YES,0,1,YES,90,74,164,97.59,81.17,178.75,-1.5,167
1999,9-Apr,07:30PM,Fri,Washington,26,18,44,18,26,0,44,88,NO,1,1,YES,Charlotte,20,22,42,27,21,0,48,90,YES,0,1,NO,86,92,178,93.59,99.17,192.75,-3,188
1999,9-Apr,04:30PM,Fri,Minnesota,22,21,43,26,20,0,46,89,NO,0,1,YES,LAL,23,27,50,23,23,0,46,96,NO,1,1,YES,93,92,185,100.59,99.17,199.75,-12.5,0
1999,9-Apr,07:30PM,Fri,Toronto,19,24,43,21,35,0,56,99,YES,0,2,YES,New Jersey,20,25,45,32,29,0,61,106,NO,1,1,NO,88,117,205,95.59,124.17,219.75,-3,188
1999,9-Apr,07:30PM,Fri,Milwaukee,26,25,51,15,17,0,32,83,YES,1,1,NO,Orlando,22,24,46,26,23,0,49,95,YES,4,0,YES,97,81,178,104.59,88.17,192.75,-5,178
1999,10-Apr,06:00PM,Sat,Golden State,23,22,45,20,26,0,46,91,NO,1,1,NO,Dallas,26,22,48,20,22,0,42,90,NO,2,2,YES,93,88,181,100.59,95.17,195.75,-3,176
1999,10-Apr,07:00PM,Sat,Charlotte,28,29,57,19,16,0,35,92,YES,0,1,NO,Indiana,23,24,47,27,16,0,43,90,YES,1,0,NO,104,78,182,111.59,85.17,196.75,-8.5,182
1999,10-Apr,04:00PM,Sat,San Antonio,28,21,49,17,18,0,35,84,NO,1,1,YES,Phoenix,27,22,49,29,32,0,61,110,YES,1,0,YES,98,96,194,105.59,103.17,208.75,4.5,181.5
1999,10-Apr,04:00PM,Sat,Denver,30,29,59,21,24,0,45,104,NO,2,1,YES,Sacramento,27,30,57,29,24,0,53,110,YES,0,2,NO,116,98,214,123.59,105.17,228.75,-8.5,201.5
1999,10-Apr,06:30PM,Sat,Miami,23,22,45,22,15,0,37,82,YES,2,0,YES,Chicago,8,15,23,10,16,0,26,49,YES,0,2,NO,68,63,131,75.59,70.17,145.75,10,172
1999,10-Apr,07:30PM,Sat,Atlanta,8,23,31,19,17,0,36,67,YES,0,2,NO,Cleveland,24,21,45,21,15,0,36,81,YES,1,1,NO,76,72,148,83.59,79.17,162.75,-4.5,167.5
1999,10-Apr,04:30PM,Sat,Portland,16,33,49,25,23,0,48,97,NO,1,0,YES,LAC,27,11,38,16,16,0,32,70,YES,0,1,NO,87,80,167,94.59,87.17,181.75,10,186
1999,11-Apr,12:30PM,Sun,Philadelphia,22,32,54,28,16,0,44,98,NO,1,1,NO,Washington,20,25,45,26,34,0,60,105,YES,1,1,YES,99,104,203,106.59,111.17,217.75,-1,184
1999,11-Apr,11:00AM,Sun,Houston,12,16,28,22,26,0,48,76,YES,2,0,NO,Utah,24,15,39,18,28,0,46,85,NO,0,1,NO,67,94,161,74.59,101.17,175.75,-4.5,181
1999,11-Apr,11:30AM,Sun,Seattle,27,23,50,31,32,0,63,113,NO,1,2,YES,LAL,25,29,54,23,32,0,55,109,YES,1,1,NO,104,118,222,111.59,125.17,236.75,-6,195.5
1999,11-Apr,03:00PM,Sun,New York,26,29,55,14,24,0,38,93,NO,1,1,YES,New Jersey,25,17,42,14,22,0,36,78,YES,1,1,NO,97,74,171,104.59,81.17,185.75,2.5,178
1999,11-Apr,03:30PM,Sun,Detroit,14,15,29,21,29,0,50,79,NO,1,0,YES,Minnesota,23,17,40,20,28,0,48,88,NO,0,1,YES,69,98,167,76.59,105.17,181.75,1.5,178.5
1999,11-Apr,03:00PM,Sun,LAC,22,22,44,16,29,0,45,89,YES,0,1,YES,Portland,21,25,46,19,18,0,37,83,NO,1,0,YES,90,82,172,97.59,89.17,186.75,-14,185
1999,11-Apr,06:00PM,Sun,Sacramento,26,26,52,25,14,0,39,91,YES,0,1,YES,Vancouver,20,27,47,24,17,0,41,88,YES,0,1,NO,99,80,179,106.59,87.17,193.75,2.5,194.5
1999,11-Apr,08:00PM,Sun,Chicago,22,15,37,24,20,0,44,81,YES,0,1,NO,Boston,21,16,37,29,21,0,50,87,NO,0,1,NO,74,94,168,81.59,101.17,182.75,-9,179
1999,11-Apr,08:00PM,Sun,Milwaukee,26,23,49,16,27,0,43,92,NO,1,1,YES,Miami,27,27,54,22,19,0,41,95,NO,1,0,YES,103,84,187,110.59,91.17,201.75,-6.5,174
1999,12-Apr,07:00PM,Mon,Cleveland,22,25,47,21,21,0,42,89,YES,1,0,YES,Boston,31,24,55,26,22,0,48,103,NO,1,0,NO,102,90,192,109.59,97.17,206.75,3,181
1999,12-Apr,05:00PM,Mon,Golden State,22,27,49,29,26,0,55,104,NO,1,2,YES,Denver,25,28,53,21,22,0,43,96,NO,1,1,YES,102,98,200,109.59,105.17,214.75,-1,187.5
1999,12-Apr,06:00PM,Mon,Houston,24,27,51,24,20,0,44,95,NO,0,1,YES,Minnesota,20,18,38,27,25,0,52,90,YES,1,0,NO,89,96,185,96.59,103.17,199.75,2,185
1999,12-Apr,05:00PM,Mon,Vancouver,22,17,39,19,22,0,41,80,YES,0,1,NO,Utah,25,31,56,21,21,0,42,98,YES,0,0,NO,95,83,178,102.59,90.17,192.75,-10.5,176
1999,12-Apr,07:00PM,Mon,Indiana,28,25,53,19,37,0,56,109,YES,1,1,YES,Toronto,16,27,43,20,36,0,56,99,YES,1,2,YES,96,112,208,103.59,119.17,222.75,3,181
1999,12-Apr,07:30PM,Mon,Charlotte,32,21,53,17,22,0,39,92,NO,1,1,YES,Detroit,19,25,44,21,21,0,42,86,YES,1,0,YES,97,81,178,104.59,88.17,192.75,-6.5,177
1999,12-Apr,06:30PM,Mon,Phoenix,20,18,38,21,18,0,39,77,YES,1,1,NO,San Antonio,23,34,57,13,24,0,37,94,YES,0,1,YES,95,76,171,102.59,83.17,185.75,-9.5,182
1999,13-Apr,02:00PM,Tue,LAL,22,15,37,26,23,0,49,86,YES,1,3,NO,Portland,31,27,58,25,30,0,55,113,YES,1,1,NO,95,104,199,102.59,111.17,213.75,-4.5,190
1999,13-Apr,07:30PM,Tue,Washington,23,22,45,23,9,0,32,77,YES,1,0,YES,Cleveland,26,12,38,28,20,0,48,86,YES,0,0,YES,83,80,163,90.59,87.17,177.75,-5.5,180
1999,13-Apr,06:30PM,Tue,San Antonio,21,27,48,21,17,0,38,86,YES,0,0,YES,Dallas,26,19,45,21,26,0,47,92,NO,1,2,NO,93,85,178,100.59,92.17,192.75,5.5,177
1999,13-Apr,04:30PM,Tue,New Jersey,24,29,53,21,27,0,48,101,YES,1,0,NO,LAC,29,29,58,31,20,0,51,109,NO,1,1,YES,111,99,210,118.59,106.17,224.75,2,188
1999,13-Apr,07:30PM,Tue,Chicago,18,16,34,20,20,0,40,74,NO,1,0,YES,Miami,20,34,54,15,21,0,36,90,YES,0,1,NO,88,76,164,95.59,83.17,178.75,-14,170
1999,13-Apr,06:30PM,Tue,Atlanta,25,23,48,18,18,0,36,84,NO,2,0,NO,Milwaukee,24,24,48,19,24,0,43,91,NO,0,1,YES,96,79,175,103.59,86.17,189.75,-5,170.5
1999,13-Apr,07:30PM,Tue,Philadelphia,12,18,30,17,25,0,42,72,NO,1,0,YES,New York,26,22,48,20,23,0,43,91,YES,0,1,YES,78,85,163,85.59,92.17,177.75,-4,172.5
1999,13-Apr,04:30PM,Tue,Utah,30,15,45,25,25,10,50,95,YES,0,1,NO,Sacramento,23,19,42,35,18,5,53,95,NO,1,1,YES,87,103,190,94.59,110.17,204.75,3.5,192.5
1999,14-Apr,07:00PM,Wed,Atlanta,21,17,38,17,22,0,39,77,NO,0,1,YES,Boston,12,20,32,20,18,0,38,70,NO,1,1,NO,70,77,147,77.59,84.17,161.75,-3,175
1999,14-Apr,05:00PM,Wed,New Jersey,28,19,47,26,24,0,50,97,NO,0,1,NO,Denver,29,32,61,29,30,0,59,120,YES,0,1,NO,108,109,217,115.59,116.17,231.75,-3,202
1999,14-Apr,07:00PM,Wed,Orlando,24,19,43,19,18,0,37,80,YES,4,1,NO,Indiana,28,21,49,19,15,0,34,83,YES,1,1,YES,92,71,163,99.59,78.17,177.75,-5,177.5
1999,14-Apr,07:00PM,Wed,Toronto,11,31,42,17,19,0,36,78,YES,1,1,YES,Philadelphia,17,20,37,29,30,0,59,96,NO,1,0,YES,79,95,174,86.59,102.17,188.75,-4.5,183
1999,14-Apr,07:00PM,Wed,Phoenix,31,17,48,19,34,0,53,101,NO,1,1,YES,Seattle,18,31,49,17,28,0,45,94,YES,0,2,YES,97,98,195,104.59,105.17,209.75,-5.5,189
1999,14-Apr,07:00PM,Wed,New York,23,19,42,20,22,5,42,84,YES,0,1,NO,Washington,19,22,41,18,25,11,43,84,NO,1,0,YES,83,85,168,90.59,92.17,182.75,0,0
1999,14-Apr,07:30PM,Wed,Detroit,15,15,30,29,20,0,49,79,YES,1,1,YES,Charlotte,29,16,45,18,20,0,38,83,YES,1,1,YES,75,87,162,82.59,94.17,176.75,1,177
1999,14-Apr,06:30PM,Wed,Cleveland,26,23,49,18,22,0,40,89,YES,0,1,NO,Chicago,26,18,44,16,21,0,37,81,YES,1,0,YES,93,77,170,100.59,84.17,184.75,4.5,171
1999,14-Apr,06:30PM,Wed,Vancouver,21,17,38,23,24,0,47,85,NO,1,1,NO,Houston,19,25,44,32,26,0,58,102,NO,0,1,YES,82,105,187,89.59,112.17,201.75,-12,189.5
1999,14-Apr,06:30PM,Wed,Miami,22,13,35,30,21,0,51,86,YES,0,1,NO,Milwaukee,23,26,49,32,17,0,49,98,NO,1,0,NO,84,100,184,91.59,107.17,198.75,1,176
1999,14-Apr,06:30PM,Wed,Minnesota,20,16,36,17,26,0,43,79,YES,1,0,NO,San Antonio,25,21,46,23,26,0,49,95,NO,1,0,YES,82,92,174,89.59,99.17,188.75,0,0
1999,15-Apr,06:30PM,Thu,Minnesota,16,30,46,24,25,0,49,95,NO,0,0,YES,Dallas,27,24,51,26,24,0,50,101,YES,0,1,NO,97,99,196,104.59,106.17,210.75,0,0
1999,15-Apr,04:30PM,Thu,Denver,16,20,36,18,25,0,43,79,YES,0,1,NO,Golden State,29,15,44,16,25,0,41,85,NO,0,2,YES,80,84,164,87.59,91.17,178.75,-7,187.5
1999,15-Apr,06:30PM,Thu,Portland,25,16,41,23,12,0,35,76,YES,1,0,NO,Houston,19,19,38,25,23,0,48,86,YES,2,0,NO,79,83,162,86.59,90.17,176.75,-1.5,184
1999,15-Apr,04:30PM,Thu,Utah,25,21,46,29,28,0,57,103,NO,1,1,YES,LAC,19,25,44,17,28,0,45,89,YES,0,1,NO,90,102,192,97.59,109.17,206.75,10.5,184
1999,15-Apr,04:30PM,Thu,Seattle,24,21,45,25,21,8,46,91,YES,0,0,YES,Sacramento,25,26,51,21,19,7,40,91,NO,1,1,NO,96,86,182,103.59,93.17,196.75,-3,201
1999,16-Apr,06:00PM,Fri,Vancouver,25,15,40,20,15,0,35,75,NO,1,1,YES,Minnesota,20,19,39,25,25,0,50,89,NO,1,0,YES,79,85,164,86.59,92.17,178.75,0,0
1999,16-Apr,04:00PM,Fri,Dallas,25,20,45,21,19,0,40,85,YES,0,0,YES,Phoenix,24,26,50,25,17,0,42,92,NO,1,1,YES,95,82,177,102.59,89.17,191.75,-7.5,187
1999,16-Apr,07:00PM,Fri,Chicago,11,19,30,19,21,0,40,70,YES,1,1,YES,Washington,34,14,48,25,14,0,39,87,NO,1,1,NO,78,79,157,85.59,86.17,171.75,-8.5,175.5
1999,16-Apr,07:00PM,Fri,Cleveland,20,28,48,23,14,6,37,85,NO,1,0,YES,Toronto,18,26,44,22,19,5,41,85,YES,0,1,YES,92,78,170,99.59,85.17,184.75,-1.5,177
1999,16-Apr,07:30PM,Fri,Orlando,26,15,41,15,23,0,38,79,NO,1,1,YES,Atlanta,31,17,48,27,16,0,43,91,YES,3,1,YES,89,81,170,96.59,88.17,184.75,1.5,168
1999,16-Apr,04:30PM,Fri,LAC,24,21,45,18,23,0,41,86,YES,0,1,YES,Golden State,19,23,42,19,22,0,41,83,YES,1,0,NO,87,82,169,94.59,89.17,183.75,-8,180
1999,16-Apr,06:30PM,Fri,Charlotte,23,29,52,16,27,0,43,95,YES,1,0,NO,Milwaukee,18,29,47,31,16,0,47,94,YES,1,1,NO,99,90,189,106.59,97.17,203.75,-4.5,183
1999,16-Apr,06:30PM,Fri,Portland,15,23,38,15,27,0,42,80,NO,0,0,NO,San Antonio,20,18,38,25,18,0,43,81,NO,1,1,NO,76,85,161,83.59,92.17,175.75,-3.5,176
1999,16-Apr,07:30PM,Fri,New Jersey,34,20,54,30,37,0,67,121,NO,1,1,YES,Seattle,25,18,43,27,21,0,48,91,YES,1,0,YES,97,115,212,104.59,122.17,226.75,,
1999,16-Apr,08:00PM,Fri,Miami,29,17,46,18,17,0,35,81,NO,1,1,YES,Boston,21,12,33,20,29,0,49,82,YES,1,1,NO,79,84,163,86.59,91.17,177.75,6,174
1999,16-Apr,08:00PM,Fri,New York,28,19,47,14,10,0,24,71,NO,1,0,YES,Detroit,21,22,43,12,25,0,37,80,YES,1,1,YES,90,61,151,97.59,68.17,165.75,0,0
1999,16-Apr,08:00PM,Fri,Indiana,25,22,47,21,15,0,36,83,YES,1,1,NO,Philadelphia,19,25,44,24,25,0,49,93,YES,1,1,NO,91,85,176,98.59,92.17,190.75,4,181
1999,17-Apr,06:00PM,Sat,Charlotte,19,17,36,32,22,0,54,90,NO,0,1,NO,Cleveland,14,18,32,22,28,0,50,82,NO,1,0,YES,68,104,172,75.59,111.17,186.75,-3,174
1999,17-Apr,06:00PM,Sat,Toronto,27,18,45,25,23,0,48,93,YES,0,1,YES,New York,13,20,33,29,28,0,57,90,YES,1,0,YES,78,105,183,85.59,112.17,197.75,0,0
1999,17-Apr,04:30PM,Sat,LAL,24,16,40,20,33,0,53,93,NO,3,1,YES,Utah,25,27,52,30,27,0,57,109,YES,0,1,YES,92,110,202,99.59,117.17,216.75,-5.5,189
1999,17-Apr,06:00PM,Sat,Portland,20,31,51,22,29,0,51,102,NO,0,3,YES,Dallas,14,29,43,29,22,0,51,94,NO,2,0,YES,94,102,196,101.59,109.17,210.75,7.5,177
1999,17-Apr,04:00PM,Sat,Denver,30,27,57,21,19,0,40,97,NO,1,0,NO,Sacramento,39,18,57,37,25,0,62,119,YES,1,1,NO,114,102,216,121.59,109.17,230.75,-8.5,205
1999,18-Apr,09:00AM,Sun,Seattle,26,22,48,25,20,0,45,93,YES,1,0,NO,Phoenix,23,29,52,24,23,0,47,99,YES,1,1,NO,100,92,192,107.59,99.17,206.75,-3.5,190
1999,18-Apr,12:00PM,Sun,Golden State,22,25,47,15,28,0,43,90,YES,1,1,YES,Vancouver,17,22,39,25,21,0,46,85,YES,0,1,YES,86,89,175,93.59,96.17,189.75,3.5,176
1999,18-Apr,12:30PM,Sun,Philadelphia,18,22,40,20,19,0,39,79,YES,1,0,YES,New Jersey,29,14,43,25,18,0,43,86,NO,0,1,YES,83,82,165,90.59,89.17,179.75,2,186
1999,18-Apr,12:30PM,Sun,Boston,29,23,52,22,27,0,49,101,YES,1,0,YES,Washington,19,23,42,22,34,0,56,98,YES,1,1,NO,94,105,199,101.59,112.17,213.75,-4,186.5
1999,18-Apr,03:00PM,Sun,Detroit,23,20,43,25,13,0,38,81,YES,1,2,NO,Orlando,18,17,35,25,28,0,53,88,YES,0,1,YES,78,91,169,85.59,98.17,183.75,-5.5,173
1999,18-Apr,03:30PM,Sun,Houston,31,13,44,22,17,0,39,83,YES,2,0,YES,San Antonio,13,27,40,24,22,0,46,86,YES,1,1,NO,84,85,169,91.59,92.17,183.75,-3.5,177.5
1999,18-Apr,05:30PM,Sun,Indiana,25,25,50,18,20,0,38,88,NO,1,0,NO,Miami,18,25,43,24,25,0,49,92,YES,0,1,YES,93,87,180,100.59,94.17,194.75,-4.5,175
1999,18-Apr,03:00PM,Sun,Denver,22,27,49,25,29,0,54,103,NO,0,4,YES,LAC,25,28,53,22,26,0,48,101,NO,0,1,YES,102,102,204,109.59,109.17,218.75,-4.5,193
1999,18-Apr,06:00PM,Sun,Milwaukee,16,21,37,20,20,0,40,77,YES,1,1,YES,Chicago,17,20,37,27,15,0,42,79,NO,1,1,YES,74,82,156,81.59,89.17,170.75,7.5,175
1999,18-Apr,06:00PM,Sun,Utah,25,20,45,29,23,0,52,97,YES,0,1,YES,Minnesota,12,18,30,18,28,0,46,76,YES,2,1,NO,75,98,173,82.59,105.17,187.75,4.5,181
1999,19-Apr,07:00PM,Mon,New York,16,23,39,11,17,0,28,67,YES,1,3,YES,Philadelphia,25,19,44,12,16,0,28,72,YES,1,0,YES,83,56,139,90.59,63.17,153.75,-2,168
1999,19-Apr,07:00PM,Mon,Orlando,29,9,38,14,20,0,34,72,YES,0,0,NO,Toronto,26,25,51,12,27,0,39,90,NO,0,1,YES,89,73,162,96.59,80.17,176.75,2,175
1999,19-Apr,07:30PM,Mon,Miami,25,21,46,26,22,0,48,94,YES,0,1,YES,Cleveland,24,17,41,25,21,0,46,87,YES,1,1,NO,87,94,181,94.59,101.17,195.75,2.5,168
1999,19-Apr,06:30PM,Mon,Seattle,29,16,45,34,34,0,68,113,NO,0,1,YES,Houston,34,22,56,28,36,0,64,120,NO,1,0,YES,101,132,233,108.59,139.17,247.75,-8,189.5
1999,19-Apr,04:30PM,Mon,Sacramento,27,28,55,21,26,0,47,102,YES,1,1,YES,LAC,26,30,56,23,19,0,42,98,YES,1,0,NO,111,89,200,118.59,96.17,214.75,6,202.5
1999,19-Apr,04:30PM,Mon,Vancouver,28,32,60,20,22,0,42,102,YES,0,1,YES,LAL,29,27,56,25,36,0,61,117,YES,0,1,YES,116,103,219,123.59,110.17,233.75,-15,195
1999,19-Apr,07:30PM,Mon,Charlotte,35,30,65,23,32,0,55,120,NO,1,1,YES,New Jersey,33,23,56,26,31,0,57,113,NO,1,0,NO,121,112,233,128.59,119.17,247.75,,
1999,19-Apr,08:00PM,Mon,Indiana,38,30,68,25,27,0,52,120,NO,0,1,YES,Boston,30,34,64,18,22,0,40,104,NO,1,0,YES,132,92,224,139.59,99.17,238.75,8,184
1999,20-Apr,04:00PM,Tue,San Antonio,28,15,43,20,20,0,40,83,YES,1,1,YES,Utah,22,16,38,17,14,0,31,69,YES,0,1,YES,81,71,152,88.59,78.17,166.75,-4.5,174
1999,20-Apr,07:00PM,Tue,Atlanta,21,30,51,32,20,0,52,103,YES,3,1,YES,Toronto,17,22,39,18,24,0,42,81,YES,0,0,NO,90,94,184,97.59,101.17,198.75,2,170.5
1999,20-Apr,06:30PM,Tue,Washington,22,22,44,19,14,0,33,77,YES,1,0,YES,Chicago,21,31,52,15,16,0,31,83,YES,0,1,NO,96,64,160,103.59,71.17,174.75,5,174
1999,20-Apr,06:30PM,Tue,Phoenix,25,36,61,23,16,0,39,100,YES,1,0,YES,Dallas,23,26,49,23,32,0,55,104,YES,0,2,NO,110,94,204,117.59,101.17,218.75,3,187.5
1999,20-Apr,04:30PM,Tue,LAL,10,23,33,20,37,16,57,90,YES,0,0,NO,Golden State,32,17,49,24,17,12,41,90,YES,0,1,YES,82,98,180,89.59,105.17,194.75,3,187.5
1999,20-Apr,06:30PM,Tue,Orlando,20,28,48,16,19,0,35,83,NO,0,1,YES,Milwaukee,25,23,48,17,30,0,47,95,YES,0,1,YES,96,82,178,103.59,89.17,192.75,-4,177
1999,21-Apr,07:00PM,Wed,Philadelphia,19,20,39,20,21,0,41,80,YES,1,0,NO,Boston,23,21,44,15,19,0,34,78,YES,0,1,NO,83,75,158,90.59,82.17,172.75,4.5,181
1999,21-Apr,07:00PM,Wed,Milwaukee,31,19,50,30,12,8,42,92,YES,0,1,YES,Indiana,32,24,56,20,16,16,36,92,NO,2,1,YES,106,78,184,113.59,85.17,198.75,-7,187
1999,21-Apr,04:00PM,Wed,Utah,14,24,38,27,17,0,44,82,YES,0,1,YES,Phoenix,31,20,51,13,27,0,40,91,NO,3,0,YES,89,84,173,96.59,91.17,187.75,3,183
1999,21-Apr,04:00PM,Wed,LAL,18,24,42,18,22,0,40,82,NO,0,2,NO,Portland,29,19,48,22,18,0,40,88,YES,1,3,YES,90,80,170,97.59,87.17,184.75,-7,193
1999,21-Apr,07:00PM,Wed,Minnesota,22,25,47,25,33,0,58,105,YES,2,1,NO,Seattle,33,28,61,37,21,0,58,119,YES,1,1,YES,108,116,224,115.59,123.17,238.75,-4.5,188.5
1999,21-Apr,07:00PM,Wed,Toronto,23,30,53,25,29,0,54,107,YES,0,1,NO,Washington,25,23,48,28,15,0,43,91,NO,1,0,YES,101,97,198,108.59,104.17,212.75,-2.5,185.5
1999,21-Apr,07:00PM,Wed,LAC,36,15,51,19,24,0,43,94,YES,1,1,YES,Vancouver,27,22,49,23,25,0,48,97,NO,1,1,YES,100,91,191,107.59,98.17,205.75,-3,184
1999,21-Apr,07:30PM,Wed,Detroit,27,21,48,18,19,0,37,85,NO,2,0,YES,Charlotte,19,19,38,28,22,0,50,88,YES,1,1,YES,86,87,173,93.59,94.17,187.75,0,175
1999,21-Apr,06:30PM,Wed,Dallas,31,30,61,25,23,0,48,109,YES,0,0,NO,Houston,28,21,49,19,27,0,46,95,YES,1,1,NO,110,94,204,117.59,101.17,218.75,-11,187.5
1999,21-Apr,07:30PM,Wed,Cleveland,18,15,33,21,26,0,47,80,YES,1,1,NO,Miami,27,22,49,23,21,0,44,93,YES,0,1,YES,82,91,173,89.59,98.17,187.75,-7,171
1999,21-Apr,07:30PM,Wed,Chicago,14,21,35,17,35,0,52,87,YES,0,1,YES,New Jersey,24,26,50,27,22,0,49,99,YES,2,1,NO,85,101,186,92.59,108.17,200.75,-11.5,179
1999,21-Apr,04:30PM,Wed,Golden State,30,19,49,23,22,0,45,94,YES,0,1,NO,Sacramento,26,24,50,18,35,0,53,103,NO,1,1,YES,99,98,197,106.59,105.17,211.75,-7,191
1999,22-Apr,07:30PM,Thu,Boston,20,29,49,13,32,0,45,94,YES,0,0,NO,Atlanta,23,24,47,30,29,0,59,106,YES,0,1,YES,96,104,200,103.59,111.17,214.75,0,0
1999,22-Apr,07:30PM,Thu,Philadelphia,30,16,46,22,36,0,58,104,NO,0,2,YES,Detroit,22,25,47,20,29,0,49,96,YES,2,0,YES,93,107,200,100.59,114.17,214.75,-6,173
1999,22-Apr,07:30PM,Thu,Miami,8,15,23,33,19,0,52,75,YES,0,2,YES,Orlando,16,20,36,13,21,0,34,70,NO,0,1,YES,59,86,145,66.59,93.17,159.75,-2,170
1999,22-Apr,06:30PM,Thu,Dallas,23,18,41,15,20,0,35,76,NO,0,1,NO,San Antonio,32,20,52,29,22,0,51,103,NO,1,1,YES,93,86,179,100.59,93.17,193.75,-12.5,179.5
1999,23-Apr,05:00PM,Fri,Golden State,20,24,44,20,20,0,40,84,NO,1,0,YES,Denver,27,17,44,32,20,0,52,96,YES,0,4,YES,88,92,180,95.59,99.17,194.75,-2,189
1999,23-Apr,07:00PM,Fri,Atlanta,28,23,51,20,18,0,38,89,YES,0,1,YES,Washington,23,18,41,20,17,0,37,78,YES,1,1,NO,92,75,167,99.59,82.17,181.75,4,176
1999,23-Apr,06:30PM,Fri,Boston,31,21,52,20,28,0,48,100,NO,0,1,YES,Chicago,16,16,32,14,25,0,39,71,YES,0,1,YES,84,87,171,91.59,94.17,185.75,0,0
1999,23-Apr,04:30PM,Fri,Houston,16,22,38,19,32,12,51,89,YES,1,1,NO,LAC,21,23,44,24,21,17,45,89,NO,0,1,YES,82,96,178,89.59,103.17,192.75,8.5,191
1999,23-Apr,06:30PM,Fri,Cleveland,27,21,48,18,9,0,27,75,NO,1,2,YES,Milwaukee,23,20,43,21,15,0,36,79,YES,1,1,YES,91,63,154,98.59,70.17,168.75,-8,177
1999,23-Apr,04:30PM,Fri,Minnesota,30,24,54,19,24,0,43,97,NO,1,1,NO,Sacramento,19,33,52,30,23,0,53,105,NO,0,1,NO,106,96,202,113.59,103.17,216.75,-4,201
1999,23-Apr,07:30PM,Fri,Seattle,33,27,60,17,20,0,37,97,YES,1,1,NO,Vancouver,21,22,43,19,22,0,41,84,YES,0,1,NO,103,78,181,110.59,85.17,195.75,,
1999,23-Apr,08:00PM,Fri,Charlotte,23,16,39,31,35,0,66,105,YES,1,0,YES,New York,32,21,53,28,29,0,57,110,YES,1,3,YES,92,123,215,99.59,130.17,229.75,-5,173
1999,23-Apr,08:00PM,Fri,Toronto,19,28,47,17,31,0,48,95,NO,1,1,YES,Orlando,15,28,43,17,28,0,45,88,YES,1,0,NO,90,93,183,97.59,100.17,197.75,-6,179
1999,23-Apr,06:30PM,Fri,Portland,19,29,48,16,21,0,37,85,YES,1,1,YES,Utah,18,35,53,22,21,0,43,96,NO,1,1,YES,101,80,181,108.59,87.17,195.75,-4,173
1999,24-Apr,07:00PM,Sat,Chicago,18,22,40,15,14,0,29,69,YES,0,1,NO,Indiana,18,23,41,22,24,0,46,87,YES,0,2,NO,81,75,156,88.59,82.17,170.75,-16,177
1999,24-Apr,04:00PM,Sat,Dallas,20,33,53,25,24,0,49,102,NO,1,1,YES,Sacramento,31,26,57,22,26,0,48,105,YES,1,0,NO,110,97,207,117.59,104.17,221.75,-6,198
1999,24-Apr,07:30PM,Sat,New Jersey,33,20,53,14,15,0,29,82,YES,2,0,YES,Charlotte,34,21,55,25,17,0,42,97,NO,1,0,YES,108,71,179,115.59,78.17,193.75,,
1999,24-Apr,06:30PM,Sat,LAL,23,23,46,18,17,0,35,81,NO,2,1,NO,San Antonio,25,36,61,22,25,0,47,108,YES,1,1,NO,107,82,189,114.59,89.17,203.75,-6,184.5
1999,24-Apr,05:00PM,Sat,Denver,23,15,38,14,22,0,36,74,YES,0,1,NO,Golden State,21,26,47,22,24,0,46,93,NO,1,0,YES,85,82,167,92.59,89.17,181.75,-6.5,183.5
1999,24-Apr,05:00PM,Sat,Vancouver,27,25,52,30,14,0,44,96,YES,0,2,NO,LAC,31,27,58,19,28,0,47,105,NO,1,0,NO,110,91,201,117.59,98.17,215.75,-4.5,188
1999,25-Apr,09:00AM,Sun,Houston,17,19,36,23,12,0,35,71,NO,1,0,YES,Phoenix,27,26,53,19,23,0,42,95,YES,0,3,NO,89,77,166,96.59,84.17,180.75,-2.5,191
1999,25-Apr,12:30PM,Sun,Milwaukee,14,18,32,26,12,0,38,70,YES,1,0,YES,Atlanta,22,21,43,21,21,0,42,85,NO,2,1,YES,75,80,155,82.59,87.17,169.75,-5,174
1999,25-Apr,12:30PM,Sun,Washington,21,17,38,29,17,0,46,84,YES,1,0,NO,Boston,24,28,52,32,29,0,61,113,NO,1,1,YES,90,107,197,97.59,114.17,211.75,-3.5,185.5
1999,25-Apr,12:30PM,Sun,Detroit,25,21,46,14,31,0,45,91,YES,2,1,NO,Toronto,12,22,34,14,35,0,49,83,NO,1,1,YES,80,94,174,87.59,101.17,188.75,0,178
1999,25-Apr,03:00PM,Sun,New York,20,13,33,15,34,0,49,82,YES,1,0,NO,Miami,27,16,43,21,16,0,37,80,YES,0,2,YES,76,86,162,83.59,93.17,176.75,-6.5,167
1999,25-Apr,01:30PM,Sun,Seattle,16,23,39,21,21,0,42,81,NO,1,1,YES,Utah,25,25,50,24,24,0,48,98,NO,0,1,NO,89,90,179,96.59,97.17,193.75,-8.5,190
1999,25-Apr,05:30PM,Sun,Orlando,22,16,38,28,20,0,48,86,YES,1,1,NO,Philadelphia,29,24,53,19,31,0,50,103,NO,1,2,YES,91,98,189,98.59,105.17,203.75,-1.5,168
1999,25-Apr,03:00PM,Sun,Minnesota,29,16,45,22,17,0,39,84,NO,1,2,YES,Portland,30,19,49,31,20,0,51,100,NO,0,1,YES,94,90,184,101.59,97.17,198.75,-8.5,185
1999,25-Apr,08:00PM,Sun,Indiana,36,18,54,27,17,0,44,98,YES,0,1,YES,New Jersey,36,31,67,30,23,0,53,120,NO,1,0,YES,121,97,218,128.59,104.17,232.75,7,192.5
1999,26-Apr,06:00PM,Mon,LAL,14,24,38,19,23,0,42,80,NO,1,2,YES,Houston,28,23,51,26,25,0,51,102,NO,2,0,YES,89,93,182,96.59,100.17,196.75,-4,194.5
1999,26-Apr,04:00PM,Mon,Denver,14,18,32,26,19,0,45,77,NO,1,2,YES,Portland,29,25,54,23,16,0,39,93,NO,1,0,NO,86,84,170,93.59,91.17,184.75,-13,188.5
1999,26-Apr,05:00PM,Mon,Phoenix,22,22,44,30,25,0,55,99,YES,0,1,NO,Utah,29,13,42,20,23,0,43,85,YES,0,0,NO,86,98,184,93.59,105.17,198.75,-9,184
1999,26-Apr,07:30PM,Mon,New York,30,13,43,23,25,0,48,91,NO,0,1,NO,Charlotte,16,14,30,26,28,0,54,84,YES,0,1,NO,73,102,175,80.59,109.17,189.75,-6.5,176
1999,26-Apr,07:30PM,Mon,Miami,18,29,47,24,19,0,43,90,YES,0,0,NO,Cleveland,11,22,33,21,11,0,32,65,YES,0,2,YES,80,75,155,87.59,82.17,169.75,7,167
1999,26-Apr,06:30PM,Mon,Chicago,19,26,45,29,19,0,48,93,NO,1,3,NO,Dallas,27,21,48,18,35,0,53,101,NO,0,1,YES,93,101,194,100.59,108.17,208.75,-10.5,177
1999,26-Apr,04:30PM,Mon,Sacramento,27,21,48,24,17,0,41,89,YES,1,0,YES,Golden State,32,35,67,19,28,0,47,114,YES,2,1,NO,115,88,203,122.59,95.17,217.75,0,0
1999,26-Apr,04:30PM,Mon,San Antonio,28,34,62,16,16,0,32,94,YES,1,0,NO,LAC,22,15,37,25,26,0,51,88,YES,2,1,NO,99,83,182,106.59,90.17,196.75,9,184
1999,26-Apr,06:30PM,Mon,Washington,23,23,46,25,20,0,45,91,NO,0,1,NO,Milwaukee,26,19,45,25,29,0,54,99,NO,1,0,YES,91,99,190,98.59,106.17,204.75,-10,187
1999,27-Apr,07:00PM,Tue,Detroit,19,19,38,25,29,0,54,92,NO,1,0,YES,Boston,20,27,47,26,12,0,38,85,YES,1,1,NO,85,92,177,92.59,99.17,191.75,3,179
1999,27-Apr,07:00PM,Tue,Orlando,26,18,44,25,19,0,44,88,NO,1,0,YES,Indiana,22,25,47,22,18,0,40,87,NO,1,1,YES,91,84,175,98.59,91.17,189.75,-5.5,175
1999,27-Apr,07:00PM,Tue,Cleveland,25,16,41,21,9,0,30,71,YES,0,1,NO,Philadelphia,17,22,39,21,20,0,41,80,YES,1,1,NO,80,71,151,87.59,78.17,165.75,-10.5,168
1999,27-Apr,07:00PM,Tue,Charlotte,30,20,50,27,31,0,58,108,YES,0,1,NO,Toronto,24,24,48,21,29,0,50,98,YES,0,1,NO,98,108,206,105.59,115.17,220.75,-2,181.5
1999,27-Apr,06:30PM,Tue,Vancouver,19,16,35,24,16,0,40,75,NO,2,1,YES,Dallas,23,22,45,16,23,0,39,84,YES,1,0,NO,80,79,159,87.59,86.17,173.75,-7.5,189
1999,27-Apr,04:30PM,Tue,San Antonio,19,26,45,28,19,8,47,92,NO,0,1,NO,Sacramento,22,28,50,29,13,12,42,92,NO,1,0,YES,95,89,184,102.59,96.17,198.75,0,0
1999,27-Apr,07:30PM,Tue,Utah,10,25,35,19,31,0,50,85,YES,0,1,YES,Seattle,29,16,45,22,23,0,45,90,YES,0,1,YES,80,95,175,87.59,102.17,189.75,2.5,185.5
1999,27-Apr,08:00PM,Tue,Miami,33,16,49,20,26,0,46,95,NO,0,1,YES,New Jersey,15,17,32,13,31,0,44,76,YES,0,1,NO,81,90,171,88.59,97.17,185.75,5.5,178.5
1999,28-Apr,06:00PM,Wed,Phoenix,15,23,38,28,26,0,54,92,NO,1,0,NO,Minnesota,24,28,52,22,23,0,45,97,NO,1,2,YES,90,99,189,97.59,106.17,203.75,-2,188
1999,28-Apr,04:00PM,Wed,Seattle,22,23,45,19,20,0,39,84,YES,0,1,YES,Portland,24,29,53,44,22,0,66,119,YES,0,1,NO,98,105,203,105.59,112.17,217.75,-9,186.5
1999,28-Apr,07:30PM,Wed,New York,17,22,39,8,26,0,34,73,NO,1,0,YES,Atlanta,25,16,41,11,24,0,35,76,NO,1,2,NO,80,69,149,87.59,76.17,163.75,0,0
1999,28-Apr,07:30PM,Wed,New Jersey,32,18,50,28,15,0,43,93,YES,0,1,NO,Detroit,30,16,46,32,23,0,55,101,YES,1,0,YES,96,98,194,103.59,105.17,208.75,-12,184
1999,28-Apr,06:30PM,Wed,Toronto,21,23,44,28,30,0,58,102,YES,0,1,NO,Milwaukee,32,29,61,24,30,0,54,115,NO,1,1,NO,105,112,217,112.59,119.17,231.75,-6,187
1999,28-Apr,07:30PM,Wed,Washington,22,23,45,16,25,0,41,86,NO,1,0,YES,Orlando,26,19,45,23,25,0,48,93,NO,1,0,YES,90,89,179,97.59,96.17,193.75,-8.5,181
1999,29-Apr,05:00PM,Thu,Phoenix,26,19,45,26,27,0,53,98,NO,0,1,YES,Denver,32,21,53,21,13,0,34,87,YES,0,2,YES,98,87,185,105.59,94.17,199.75,3.5,200
1999,29-Apr,07:00PM,Thu,Charlotte,30,22,52,28,23,7,51,103,NO,1,0,YES,Indiana,20,25,45,33,25,12,58,103,YES,0,1,NO,97,109,206,104.59,116.17,220.75,-5.5,187.5
1999,29-Apr,05:00PM,Thu,Golden State,21,21,42,12,31,0,43,85,YES,2,0,NO,Utah,28,21,49,26,21,0,47,96,YES,0,1,YES,91,90,181,98.59,97.17,195.75,-11,176
1999,29-Apr,07:00PM,Thu,Cleveland,29,26,55,14,17,0,31,86,NO,1,0,YES,Washington,26,21,47,23,27,0,50,97,YES,1,0,YES,102,81,183,109.59,88.17,197.75,-3,176
1999,29-Apr,07:00PM,Thu,San Antonio,21,29,50,23,26,0,49,99,NO,1,1,YES,Vancouver,16,12,28,21,23,0,44,72,YES,1,1,YES,78,93,171,85.59,100.17,185.75,9.5,179
1999,29-Apr,06:30PM,Thu,Dallas,14,29,43,28,20,0,48,91,YES,1,1,YES,Houston,25,13,38,19,24,0,43,81,NO,0,2,NO,81,91,172,88.59,98.17,186.75,-10.5,190
1999,29-Apr,04:30PM,Thu,Portland,28,17,45,24,20,0,44,89,YES,0,1,NO,LAL,23,31,54,27,27,0,54,108,YES,2,2,YES,99,98,197,106.59,105.17,211.75,-2,193
1999,29-Apr,07:30PM,Thu,Boston,31,20,51,40,16,0,56,107,YES,1,1,YES,Miami,25,27,52,21,23,0,44,96,NO,1,1,YES,103,100,203,110.59,107.17,217.75,-8,178.5
1999,29-Apr,07:30PM,Thu,Philadelphia,23,19,42,14,14,0,28,70,YES,1,1,YES,New York,14,30,44,20,21,0,41,85,YES,2,0,YES,86,69,155,93.59,76.17,169.75,-3.5,166
1999,29-Apr,04:30PM,Thu,LAC,19,27,46,24,11,0,35,81,YES,2,1,NO,Sacramento,25,41,66,23,14,0,37,103,NO,2,1,NO,112,72,184,119.59,79.17,198.75,0,0
1999,30-Apr,06:00PM,Fri,Utah,23,27,50,18,23,0,41,91,YES,0,1,NO,Houston,15,26,41,22,15,0,37,78,NO,1,0,NO,91,78,169,98.59,85.17,183.75,0,0
1999,30-Apr,06:00PM,Fri,Golden State,20,16,36,18,31,0,49,85,NO,0,0,NO,Minnesota,23,21,44,16,30,0,46,90,NO,0,1,NO,80,95,175,87.59,102.17,189.75,0,0
1999,30-Apr,07:00PM,Fri,Denver,28,23,51,26,24,0,50,101,YES,0,1,YES,Seattle,34,26,60,25,26,0,51,111,NO,1,1,YES,111,101,212,118.59,108.17,226.75,-11,196
1999,30-Apr,07:30PM,Fri,Indiana,32,23,55,10,16,11,26,81,YES,0,1,YES,Atlanta,29,18,47,19,15,9,34,81,YES,1,1,NO,102,60,162,109.59,67.17,176.75,-2.5,176
1999,30-Apr,07:30PM,Fri,Chicago,24,24,48,21,19,0,40,88,NO,3,0,NO,Charlotte,30,24,54,17,21,0,38,92,YES,1,0,YES,102,78,180,109.59,85.17,194.75,-12,178
1999,30-Apr,07:30PM,Fri,Toronto,18,23,41,22,20,0,42,83,NO,1,0,NO,Cleveland,21,27,48,21,22,0,43,91,NO,1,0,YES,89,85,174,96.59,92.17,188.75,3.5,180.5
1999,30-Apr,06:30PM,Fri,Detroit,20,26,46,17,18,0,35,81,YES,1,1,YES,Milwaukee,25,20,45,16,15,0,31,76,YES,0,1,NO,91,66,157,98.59,73.17,171.75,-3,179
1999,30-Apr,07:30PM,Fri,New Jersey,24,23,47,18,30,0,48,95,NO,1,0,YES,Orlando,24,28,52,29,26,0,55,107,YES,4,1,NO,99,103,202,106.59,110.17,216.75,-12,186.5
1999,1-May,01:30PM,Sat,Portland,23,28,51,19,13,7,32,83,NO,1,0,NO,San Antonio,25,18,43,25,15,15,40,83,NO,0,1,YES,94,72,166,,,,-4,173
1999,1-May,07:00PM,Sat,Milwaukee,19,24,43,28,17,0,45,88,YES,0,2,YES,Boston,30,19,49,16,14,0,30,79,YES,1,1,YES,92,75,167,,,,-2.5,0
1999,1-May,06:00PM,Sat,Golden State,21,28,49,30,15,0,45,94,NO,0,1,NO,Dallas,32,24,56,21,28,0,49,105,YES,1,1,YES,105,94,199,,,,-8,180
1999,1-May,06:00PM,Sat,LAC,21,26,47,19,27,0,46,93,NO,1,0,NO,Minnesota,30,28,58,27,18,0,45,103,YES,2,0,NO,105,91,196,,,,-9.5,190
1999,1-May,07:00PM,Sat,Toronto,27,28,55,23,18,0,41,96,NO,0,2,NO,Philadelphia,27,30,57,16,30,0,46,103,YES,0,1,YES,112,87,199,,,,-7.5,179
1999,1-May,04:00PM,Sat,Vancouver,22,20,42,23,12,0,35,77,YES,1,1,YES,Phoenix,23,17,40,29,38,0,67,107,YES,0,1,YES,82,102,184,,,,-12.5,187
1999,1-May,07:30PM,Sat,Chicago,24,24,48,30,23,0,53,101,NO,0,1,YES,Miami,26,19,45,14,27,0,41,86,NO,0,1,NO,93,94,187,,,,-12.5,173
1999,1-May,08:00PM,Sat,Washington,21,21,42,22,27,0,49,91,YES,1,1,YES,New Jersey,29,29,58,17,27,0,44,102,YES,1,0,YES,100,93,193,,,,0,192
1999,2-May,12:00PM,Sun,New York,17,15,32,22,17,0,39,71,YES,2,0,YES,Indiana,19,27,46,27,21,0,48,94,NO,1,1,YES,78,87,165,,,,-5,176
1999,2-May,12:30PM,Sun,LAL,23,17,40,30,21,0,51,91,YES,2,0,YES,Seattle,18,26,44,13,27,0,40,84,NO,1,1,NO,84,91,175,,,,1,200
1999,2-May,01:30PM,Sun,Utah,17,22,39,24,15,0,39,78,NO,1,1,YES,San Antonio,18,16,34,25,25,0,50,84,YES,1,0,NO,73,89,162,,,,-1,171
1999,2-May,06:00PM,Sun,Atlanta,20,16,36,14,26,0,40,76,YES,1,1,NO,Cleveland,20,14,34,17,14,0,31,65,YES,1,1,NO,70,71,141,,,,7,167
1999,2-May,03:00PM,Sun,Phoenix,36,19,55,23,22,0,45,100,YES,0,2,YES,Sacramento,32,30,62,21,28,0,49,111,YES,0,2,NO,117,94,211,,,,-5,203
1999,2-May,05:00PM,Sun,Portland,29,26,55,31,24,0,55,110,NO,0,1,YES,Denver,26,22,48,18,36,0,54,102,NO,0,1,YES,103,109,212,,,,8,192
1999,2-May,07:00PM,Sun,Philadelphia,23,20,43,22,31,0,53,96,YES,0,1,NO,Detroit,25,27,52,22,26,0,48,100,YES,0,1,YES,95,101,196,,,,-6.5,175.5
1999,2-May,06:30PM,Sun,LAC,21,29,50,15,19,0,34,84,NO,0,1,NO,Houston,34,29,63,19,28,0,47,110,NO,1,1,NO,113,81,194,,,,-12.5,194
1999,2-May,07:30PM,Sun,Charlotte,26,23,49,25,19,0,44,93,YES,1,1,YES,Miami,22,25,47,23,30,0,53,100,NO,1,0,NO,96,97,193,,,,0,0
1999,3-May,05:00PM,Mon,Sacramento,31,32,63,24,25,0,49,112,YES,0,1,YES,Denver,26,23,49,29,26,0,55,104,NO,1,0,NO,112,104,216,,,,0,0
1999,3-May,07:00PM,Mon,New Jersey,38,15,53,26,23,0,49,102,YES,1,1,YES,Washington,33,21,54,33,26,0,59,113,YES,1,1,YES,107,108,215,,,,-6.5,196
1999,3-May,07:00PM,Mon,Golden State,20,18,38,22,31,0,53,91,NO,1,1,YES,Vancouver,23,18,41,20,22,0,42,83,YES,1,1,YES,79,95,174,,,,2.5,179
1999,3-May,06:30PM,Mon,Detroit,28,26,54,33,28,0,61,115,YES,0,1,NO,Chicago,26,14,40,16,15,0,31,71,NO,1,1,YES,94,92,186,,,,5.5,174.5
1999,3-May,04:30PM,Mon,Dallas,29,28,57,15,30,0,45,102,YES,1,0,NO,LAL,25,30,55,30,30,0,60,115,NO,1,0,YES,112,105,217,,,,-11,196
1999,3-May,08:00PM,Mon,Boston,22,16,38,27,23,0,50,88,YES,1,1,YES,New York,25,21,46,27,22,0,49,95,NO,1,0,YES,84,99,183,,,,-7.5,178
1999,4-May,07:00PM,Tue,Cleveland,17,22,39,21,18,0,39,78,YES,1,0,NO,Indiana,29,21,50,26,24,0,50,100,YES,181,1,NO,89,89,178,,,,-13,177
1999,4-May,04:00PM,Tue,San Antonio,20,24,44,21,22,0,43,87,YES,1,0,NO,Portland,19,22,41,26,14,0,40,81,YES,0,1,YES,85,83,168,,,,-5,172
1999,4-May,07:00PM,Tue,Dallas,27,24,51,22,27,0,49,100,NO,0,181,YES,Seattle,38,22,60,24,26,0,50,110,YES,0,1,NO,111,99,210,,,,-5,197
1999,4-May,05:00PM,Tue,LAC,22,27,49,16,17,0,33,82,NO,1,0,YES,Utah,26,22,48,23,28,0,51,99,NO,181,1,YES,97,84,181,,,,-15.5,187.5
1999,4-May,06:30PM,Tue,Minnesota,22,20,42,22,19,0,41,83,YES,2,0,NO,Houston,26,21,47,27,26,0,53,100,YES,0,1,NO,89,94,183,,,,-7,190
1999,4-May,07:30PM,Tue,Atlanta,26,19,45,16,18,0,34,79,NO,1,0,YES,Miami,22,23,45,24,24,0,48,93,YES,0,1,NO,90,82,172,,,,-4.5,166
1999,4-May,06:30PM,Tue,Toronto,26,16,42,24,20,0,44,86,NO,2,0,YES,Milwaukee,18,31,49,30,20,0,50,99,YES,0,2,YES,91,94,185,,,,0,0
1999,4-May,08:00PM,Tue,Philadelphia,16,26,42,32,26,10,58,100,NO,1,0,YES,Charlotte,36,22,58,19,23,17,42,100,YES,0,1,YES,100,100,200,,,,-3.5,183
1999,5-May,07:00PM,Wed,Charlotte,29,39,68,16,25,24,41,109,YES,0,180,YES,Boston,30,23,53,31,25,20,56,109,YES,180,1,YES,121,97,218,,,,-2.5,196
1999,5-May,05:00PM,Wed,Houston,27,21,48,20,27,0,47,95,YES,0,180,YES,Denver,28,14,42,23,23,0,46,88,NO,180,1,NO,90,93,183,,,,7,202.5
1999,5-May,07:00PM,Wed,Detroit,32,17,49,23,21,7,44,93,NO,1,180,NO,Philadelphia,19,27,46,21,26,12,47,93,YES,180,0,YES,95,91,186,,,,-2.5,180
1999,5-May,04:00PM,Wed,Minnesota,22,12,34,38,24,0,62,96,NO,0,183,NO,Phoenix,22,16,38,35,27,0,62,100,YES,180,2,YES,72,124,196,,,,-6,191
1999,5-May,07:00PM,Wed,Cleveland,24,16,40,20,27,0,47,87,NO,0,180,NO,Toronto,19,25,44,25,27,0,52,96,NO,180,0,YES,84,99,183,,,,0,0
1999,5-May,07:30PM,Wed,Washington,23,23,46,17,29,0,46,92,YES,1,180,YES,Atlanta,38,17,55,20,25,0,45,100,YES,180,0,YES,101,91,192,,,,-8.5,177
1999,5-May,06:30PM,Wed,Orlando,28,21,49,24,30,0,54,103,YES,4,180,NO,Chicago,26,20,46,21,16,0,37,83,NO,181,1,NO,95,91,186,,,,7.5,176
1999,5-May,04:30PM,Wed,San Antonio,30,14,44,16,28,0,44,88,NO,0,180,YES,Golden State,19,18,37,26,18,0,44,81,YES,180,1,YES,81,88,169,,,,6.5,174
1999,5-May,04:30PM,Wed,Seattle,22,30,52,31,24,0,55,107,YES,0,180,NO,LAC,30,23,53,15,37,0,52,105,NO,180,0,YES,105,107,212,,,,2.5,201
1999,5-May,04:30PM,Wed,Portland,21,27,48,19,24,0,43,91,YES,0,180,NO,LAL,34,21,55,39,25,0,64,119,YES,180,1,NO,103,107,210,,,,-5,193
1999,5-May,07:30PM,Wed,Milwaukee,24,27,51,31,25,0,56,107,YES,0,180,NO,New Jersey,20,37,57,26,32,0,58,115,NO,180,1,YES,108,114,222,,,,1,193.5
1999,5-May,04:30PM,Wed,Vancouver,24,25,49,29,17,0,46,95,YES,1,180,YES,Sacramento,28,17,45,31,23,0,54,99,NO,183,1,YES,94,100,194,,,,0,0
1999,5-May,08:00PM,Wed,Miami,25,17,42,30,16,0,46,88,YES,0,180,YES,New York,29,21,50,25,26,0,51,101,NO,180,1,NO,92,97,189,,,,-1,169
1999,2-Nov,05:00PM,Tue,Phoenix,23,38,61,16,17,8,33,94,YES,180,1,YES,Denver,29,18,47,25,22,13,47,94,YES,2,180,NO,108,80,188,109.4,81.04,190.44,3.5,205.5
1999,2-Nov,06:00PM,Tue,Philadelphia,18,20,38,16,22,0,38,76,YES,180,1,NO,San Antonio,23,14,37,20,32,0,52,89,NO,1,180,YES,75,90,165,76.4,91.04,167.44,-9.5,182.5
1999,2-Nov,07:00PM,Tue,Atlanta,26,19,45,22,20,0,42,87,YES,180,1,YES,Washington,24,28,52,23,19,0,42,94,YES,0,180,YES,97,84,181,98.4,85.04,183.44,-3,188
1999,2-Nov,07:30PM,Tue,Orlando,22,18,40,17,29,0,46,86,NO,180,0,YES,Charlotte,21,21,42,37,21,0,58,100,NO,1,180,YES,82,104,186,83.4,105.04,188.44,-10.5,199
1999,2-Nov,06:30PM,Tue,Golden State,28,23,51,24,21,0,45,96,YES,180,1,NO,Dallas,32,23,55,26,27,0,53,108,YES,1,181,YES,106,98,204,107.4,99.04,206.44,0,0
1999,2-Nov,06:30PM,Tue,Milwaukee,25,21,46,29,23,0,52,98,NO,180,1,NO,Houston,28,26,54,20,19,0,39,93,YES,1,180,YES,100,91,191,101.4,92.04,193.44,-4,195
1999,2-Nov,04:30PM,Tue,Seattle,25,37,62,26,16,0,42,104,NO,180,1,YES,LAC,22,26,48,27,17,0,44,92,YES,0,180,NO,110,86,196,111.4,87.04,198.44,3.5,202.5
1999,2-Nov,07:30PM,Tue,Detroit,22,24,46,24,30,22,54,100,NO,180,0,NO,Miami,33,24,57,20,23,28,43,100,YES,1,180,YES,103,97,200,104.4,98.04,202.44,-6,187
1999,2-Nov,07:30PM,Tue,Indiana,41,26,67,23,29,0,52,119,YES,181,1,NO,New Jersey,27,28,55,27,30,0,57,112,YES,0,180,NO,122,109,231,123.4,110.04,233.44,2.5,196.5
1999,2-Nov,07:30PM,Tue,Cleveland,20,27,47,18,19,0,37,84,NO,180,0,YES,New York,30,25,55,19,18,0,37,92,YES,0,180,NO,102,74,176,103.4,75.04,178.44,-6.5,184
1999,2-Nov,07:30PM,Tue,Portland,32,25,57,23,26,0,49,106,NO,180,0,YES,Vancouver,22,17,39,25,22,0,47,86,YES,0,180,YES,96,96,192,97.4,97.04,194.44,10,193.5
1999,2-Nov,08:00PM,Tue,Boston,27,23,50,29,24,0,53,103,YES,180,0,YES,Toronto,18,24,42,23,25,0,48,90,NO,1,180,NO,92,101,193,93.4,102.04,195.44,-5.5,200
1999,2-Nov,06:30PM,Tue,LAL,25,18,43,20,28,0,48,91,YES,180,0,YES,Utah,18,18,36,23,25,0,48,84,NO,1,181,NO,79,96,175,80.4,97.04,177.44,-6,184.5
1999,3-Nov,07:00PM,Wed,Washington,21,26,47,20,34,0,54,101,YES,0,2,YES,Boston,28,25,53,36,23,0,59,112,NO,1,0,YES,100,113,213,101.4,114.04,215.44,-3.5,198
1999,3-Nov,06:00PM,Wed,New York,18,14,32,30,22,0,52,84,YES,0,1,NO,Chicago,18,12,30,25,19,0,44,74,NO,1,181,NO,62,96,158,63.4,97.04,160.44,6,177
1999,3-Nov,04:00PM,Wed,LAC,20,31,51,27,20,0,47,98,YES,0,1,YES,Portland,30,29,59,33,29,0,62,121,NO,1,0,YES,110,109,219,111.4,110.04,221.44,-14.5,194
1999,3-Nov,07:30PM,Wed,New Jersey,27,14,41,24,25,0,49,90,YES,0,1,YES,Cleveland,27,19,46,27,24,0,51,97,YES,1,0,YES,87,100,187,88.4,101.04,189.44,-4,201
1999,3-Nov,04:30PM,Wed,Vancouver,22,26,48,19,21,0,40,88,YES,0,2,YES,LAL,23,26,49,30,24,0,54,103,YES,2,0,YES,97,94,191,98.4,95.04,193.44,-13,187.5
1999,3-Nov,07:30PM,Wed,Detroit,21,24,45,23,26,0,49,94,NO,0,1,YES,Orlando,23,21,44,33,26,0,59,103,NO,1,0,YES,89,108,197,90.4,109.04,199.44,3,196.5
1999,4-Nov,04:00PM,Thu,Philadelphia,23,18,41,18,21,0,39,80,NO,1,0,NO,Phoenix,26,16,42,26,16,0,42,84,NO,2,1,YES,83,81,164,84.4,82.04,166.44,-7,192.5
1999,4-Nov,07:00PM,Thu,Dallas,25,21,46,28,22,0,50,96,YES,1,1,NO,Seattle,26,30,56,25,25,0,50,106,NO,1,1,YES,102,100,202,103.4,101.04,204.44,-7,203.5
1999,4-Nov,05:00PM,Thu,Houston,17,14,31,28,23,0,51,82,YES,1,0,YES,Utah,24,14,38,30,30,0,60,98,YES,1,1,NO,69,111,180,70.4,112.04,182.44,-7,184.5
1999,4-Nov,07:00PM,Thu,Miami,25,15,40,29,17,0,46,86,YES,1,0,NO,Toronto,20,27,47,19,31,0,50,97,YES,0,1,NO,87,96,183,88.4,97.04,185.44,3.5,184.5
1999,4-Nov,07:30PM,Thu,Milwaukee,26,31,57,29,33,0,62,119,NO,1,1,YES,Atlanta,25,28,53,27,29,0,56,109,NO,1,1,YES,110,118,228,111.4,119.04,230.44,0,189
1999,4-Nov,07:30PM,Thu,Indiana,19,27,46,15,28,0,43,89,NO,1,1,YES,Charlotte,29,30,59,22,17,0,39,98,YES,0,1,NO,105,82,187,106.4,83.04,189.44,-3.5,200.5
1999,4-Nov,06:30PM,Thu,Golden State,14,20,34,22,25,0,47,81,NO,1,1,YES,San Antonio,23,21,44,29,31,0,60,104,YES,0,1,NO,78,107,185,79.4,108.04,187.44,-12.5,183.5
1999,5-Nov,09:30AM,Fri,Minnesota,29,17,46,30,19,0,49,95,NO,183,0,YES,Sacramento,28,26,54,24,22,0,46,100,YES,0,183,NO,100,95,195,101.4,96.04,197.44,-2.5,208
1999,5-Nov,07:00PM,Fri,Charlotte,31,18,49,22,29,0,51,100,YES,0,1,NO,Boston,37,21,58,23,22,0,45,103,YES,0,1,NO,107,96,203,108.4,97.04,205.44,1,202.5
1999,5-Nov,06:00PM,Fri,San Antonio,25,26,51,21,23,0,44,95,YES,0,1,NO,Houston,26,21,47,24,14,0,38,85,NO,2,0,YES,98,82,180,99.4,83.04,182.44,4.5,178
1999,5-Nov,04:00PM,Fri,Denver,20,12,32,29,22,0,51,83,YES,2,0,NO,Portland,27,22,49,26,20,0,46,95,NO,0,1,NO,81,97,178,82.4,98.04,180.44,-14,201.5
1999,5-Nov,06:30PM,Fri,Miami,31,24,55,29,21,0,50,105,NO,0,3,YES,Chicago,15,17,32,28,27,0,55,87,YES,0,1,NO,87,105,192,88.4,106.04,194.44,8,173
1999,5-Nov,04:30PM,Fri,Philadelphia,14,27,41,12,28,0,40,81,NO,0,2,YES,LAC,22,20,42,28,21,0,49,91,NO,2,1,YES,83,89,172,84.4,90.04,174.44,2.5,187.5
1999,5-Nov,07:30PM,Fri,Toronto,35,30,65,23,24,0,47,112,YES,0,1,YES,New Jersey,29,21,50,19,23,0,42,92,NO,1,1,YES,115,89,204,116.4,90.04,206.44,-4,204.5
1999,5-Nov,07:30PM,Fri,Cleveland,23,33,56,18,30,0,48,104,YES,1,0,YES,Orlando,25,24,49,31,19,0,50,99,YES,0,1,NO,105,98,203,106.4,99.04,205.44,-1.5,188
1999,5-Nov,08:00PM,Fri,New York,29,27,56,24,23,0,47,103,NO,1,0,NO,Detroit,18,22,40,21,30,0,51,91,YES,0,1,YES,96,98,194,97.4,99.04,196.44,-4,182.5
1999,6-Nov,11:00AM,Sat,Sacramento,27,36,63,18,20,0,38,101,YES,0,5,YES,Minnesota,26,35,61,27,26,0,53,114,NO,4,0,YES,124,91,215,125.4,92.04,217.44,-1.5,205
1999,6-Nov,07:00PM,Sat,Boston,23,22,45,31,32,0,63,108,YES,0,3,YES,Indiana,34,26,60,21,34,0,55,115,YES,2,1,YES,105,118,223,106.4,119.04,225.44,-7.5,203
1999,6-Nov,04:00PM,Sat,LAL,24,21,45,19,18,0,37,82,YES,2,0,YES,Portland,25,30,55,21,21,0,42,97,YES,2,0,NO,100,79,179,101.4,80.04,181.44,-7,187
1999,6-Nov,07:00PM,Sat,Utah,26,30,56,15,23,0,38,94,YES,1,1,NO,Seattle,23,21,44,30,25,0,55,99,YES,1,1,NO,100,93,193,101.4,94.04,195.44,1,185
1999,6-Nov,07:00PM,Sat,Orlando,24,17,41,28,38,0,66,107,YES,0,1,NO,Washington,27,15,42,26,36,0,62,104,YES,0,2,YES,83,128,211,84.4,129.04,213.44,-7,194.5
1999,6-Nov,07:00PM,Sat,Denver,27,26,53,18,23,0,41,94,NO,0,1,YES,Vancouver,26,27,53,35,21,0,56,109,NO,3,2,YES,106,97,203,107.4,98.04,205.44,-1.5,193
1999,6-Nov,07:30PM,Sat,Chicago,25,24,49,19,29,0,48,97,YES,0,2,YES,Atlanta,26,35,61,31,21,0,52,113,YES,1,1,NO,110,100,210,111.4,101.04,212.44,-11,185.5
1999,6-Nov,07:30PM,Sat,New York,26,24,50,20,23,0,43,93,NO,0,1,YES,Cleveland,37,18,55,22,25,0,47,102,NO,4,0,YES,105,90,195,106.4,91.04,197.44,1,183.5
1999,6-Nov,04:30PM,Sat,Dallas,34,30,64,27,29,0,56,120,NO,1,0,NO,Golden State,18,25,43,28,26,0,54,97,NO,2,1,YES,107,110,217,108.4,111.04,219.44,-4,194
1999,6-Nov,07:00PM,Sat,Detroit,32,31,63,23,25,0,48,111,YES,0,3,NO,Milwaukee,31,22,53,31,37,0,68,121,YES,1,1,YES,116,116,232,117.4,117.04,234.44,-6.5,202
1999,7-Nov,04:00PM,Sun,Charlotte,20,26,46,29,24,0,53,99,NO,1,2,YES,Toronto,18,32,50,30,29,0,59,109,YES,3,1,YES,96,112,208,97.4,113.04,210.44,2,199
1999,7-Nov,03:00PM,Sun,San Antonio,19,19,38,20,16,0,36,74,NO,1,1,NO,Phoenix,12,19,31,20,26,0,46,77,YES,1,2,NO,69,82,151,70.4,83.04,153.44,3.5,186
1999,7-Nov,03:30PM,Sun,Dallas,16,29,45,21,31,0,52,97,NO,0,1,YES,LAL,29,23,52,29,24,0,53,105,YES,1,0,YES,97,105,202,98.4,106.04,204.44,-10,198.5
1999,7-Nov,08:00PM,Sun,Washington,17,29,46,22,19,0,41,87,YES,0,2,YES,New Jersey,29,24,53,22,37,0,59,112,NO,2,1,NO,99,100,199,100.4,101.04,201.44,-5,207
1999,8-Nov,05:00PM,Mon,Atlanta,33,21,54,27,19,0,46,100,YES,1,1,NO,Denver,32,22,54,31,30,0,61,115,NO,3,1,YES,108,107,215,109.4,108.04,217.44,1,203.5
1999,8-Nov,07:00PM,Mon,Seattle,25,26,51,28,19,0,47,98,YES,1,1,NO,Philadelphia,27,21,48,30,39,0,69,117,YES,1,2,YES,99,116,215,100.4,117.04,217.44,-3,186
1999,8-Nov,06:30PM,Mon,Orlando,22,36,58,21,23,0,44,102,NO,1,1,YES,Houston,31,30,61,15,21,0,36,97,NO,1,2,NO,119,80,199,120.4,81.04,201.44,-8.5,197
1999,8-Nov,04:30PM,Mon,Utah,25,20,45,25,24,0,49,94,NO,1,0,YES,LAC,16,19,35,21,23,0,44,79,NO,1,2,NO,80,93,173,81.4,94.04,175.44,7,187
1999,8-Nov,07:30PM,Mon,Milwaukee,22,27,49,32,16,4,48,97,YES,1,1,NO,New York,33,17,50,22,25,14,47,97,YES,2,1,YES,99,95,194,100.4,96.04,196.44,-1,193
1999,9-Nov,04:00PM,Tue,Portland,23,20,43,26,18,0,44,87,YES,2,2,NO,Utah,19,24,43,25,24,0,49,92,YES,2,0,YES,86,93,179,87.4,94.04,181.44,3,184
1999,9-Nov,06:30PM,Tue,Phoenix,33,31,64,23,16,0,39,103,YES,1,0,NO,Chicago,26,21,47,18,15,0,33,80,YES,2,2,YES,111,72,183,112.4,73.04,185.44,8,185.5
1999,9-Nov,06:30PM,Tue,LAL,25,29,54,34,35,0,69,123,YES,1,0,NO,Dallas,22,27,49,22,30,0,52,101,YES,1,1,YES,103,121,224,104.4,122.04,226.44,5.5,204
1999,9-Nov,04:30PM,Tue,San Antonio,34,29,63,31,24,0,55,118,NO,1,0,NO,Golden State,9,33,42,20,27,0,47,89,YES,2,2,NO,105,102,207,106.4,103.04,209.44,8,182.5
1999,9-Nov,07:30PM,Tue,Indiana,28,27,55,23,23,0,46,101,YES,2,1,YES,Miami,40,24,64,33,16,0,49,113,NO,1,3,YES,119,95,214,120.4,96.04,216.44,-4.5,195
1999,10-Nov,07:00PM,Wed,Detroit,24,27,51,23,36,0,59,110,NO,3,0,YES,Boston,24,19,43,31,18,0,49,92,NO,1,3,YES,94,108,202,95.4,109.04,204.44,-4,212
1999,10-Nov,06:00PM,Wed,LAL,24,26,50,18,21,0,39,89,NO,0,1,YES,Houston,22,27,49,17,22,0,39,88,YES,1,1,NO,99,78,177,100.4,79.04,179.44,-1,192
1999,10-Nov,07:00PM,Wed,Seattle,35,30,65,24,20,0,44,109,NO,1,0,NO,Washington,27,31,58,20,17,0,37,95,NO,1,2,YES,123,81,204,124.4,82.04,206.44,1,203
1999,10-Nov,07:00PM,Wed,Atlanta,25,26,51,19,21,6,40,91,NO,1,2,NO,Vancouver,29,22,51,22,18,11,40,91,NO,1,3,NO,102,80,182,103.4,81.04,184.44,3.5,203
1999,10-Nov,07:30PM,Wed,Milwaukee,25,23,48,42,21,0,63,111,NO,1,1,YES,Charlotte,26,34,60,28,29,0,57,117,NO,1,2,YES,108,120,228,109.4,121.04,230.44,-4,207.5
1999,10-Nov,04:30PM,Wed,San Antonio,30,21,51,23,25,0,48,99,NO,0,2,YES,LAC,20,26,46,27,21,0,48,94,YES,3,1,NO,97,96,193,98.4,97.04,195.44,9.5,184.5
1999,10-Nov,07:30PM,Wed,Phoenix,33,23,56,23,25,0,48,104,NO,0,1,NO,New Jersey,16,20,36,22,31,0,53,89,YES,1,2,NO,92,101,193,93.4,102.04,195.44,2.5,200.5
1999,10-Nov,07:30PM,Wed,Philadelphia,24,23,47,29,29,0,58,105,YES,1,1,YES,Orlando,25,20,45,28,37,0,65,110,YES,0,1,YES,92,123,215,93.4,124.04,217.44,0,196.5
1999,11-Nov,07:00PM,Thu,Orlando,24,23,47,30,24,0,54,101,YES,0,1,NO,Indiana,23,30,53,29,34,0,63,116,NO,1,1,YES,100,117,217,101.4,118.04,219.44,-9.5,205.5
1999,11-Nov,06:00PM,Thu,New York,31,20,51,23,16,0,39,90,YES,2,0,NO,Minnesota,19,26,45,21,27,0,48,93,NO,1,4,NO,96,87,183,97.4,88.04,185.44,-3.5,191.5
1999,11-Nov,07:30PM,Thu,Seattle,36,20,56,29,24,0,53,109,NO,0,1,NO,Cleveland,28,32,60,13,30,0,43,103,NO,1,4,NO,116,96,212,117.4,97.04,214.44,-3.5,202
1999,11-Nov,07:30PM,Thu,Toronto,41,33,74,24,25,0,49,123,YES,3,2,YES,Detroit,28,29,57,30,19,0,49,106,NO,1,0,YES,131,98,229,132.4,99.04,231.44,-3,206.5
1999,11-Nov,07:30PM,Thu,Dallas,32,18,50,26,29,0,55,105,YES,1,1,YES,Miami,43,31,74,23,31,0,54,128,YES,0,1,NO,124,109,233,125.4,110.04,235.44,-10.5,207
1999,12-Nov,02:00PM,Fri,Utah,17,27,44,21,27,0,48,92,YES,2,2,YES,Sacramento,17,34,51,26,28,0,54,105,NO,1,5,YES,95,102,197,96.4,103.04,199.44,-3,195.5
1999,12-Nov,07:00PM,Fri,New York,20,13,33,25,16,0,41,74,NO,0,1,YES,Boston,26,20,46,23,11,0,34,80,YES,0,1,NO,79,75,154,80.4,76.04,156.44,-2.5,198.5
1999,12-Nov,05:00PM,Fri,Portland,23,30,53,16,24,0,40,93,NO,2,0,YES,Denver,18,17,35,26,17,0,43,78,YES,1,3,NO,88,83,171,89.4,84.04,173.44,8.5,205.5
1999,12-Nov,06:00PM,Fri,Phoenix,25,28,53,14,25,0,39,92,NO,1,0,NO,Milwaukee,29,29,58,31,18,0,49,107,YES,0,1,YES,111,88,199,112.4,89.04,201.44,-2.5,206
1999,12-Nov,07:00PM,Fri,Chicago,25,25,50,13,23,0,36,86,YES,2,0,YES,Philadelphia,25,22,47,26,19,0,45,92,YES,1,1,YES,97,81,178,98.4,82.04,180.44,-13,187.5
1999,12-Nov,07:00PM,Fri,Miami,35,18,53,24,27,0,51,104,YES,0,1,NO,Washington,15,33,48,26,21,0,47,95,YES,0,1,NO,101,98,199,102.4,99.04,201.44,5.5,206
1999,12-Nov,07:30PM,Fri,New Jersey,28,24,52,18,22,0,40,92,YES,1,2,YES,Charlotte,29,18,47,24,25,0,49,96,YES,0,1,NO,99,89,188,100.4,90.04,190.44,,
1999,12-Nov,04:30PM,Fri,Houston,23,29,52,24,21,0,45,97,YES,1,0,NO,LAL,16,20,36,18,27,0,45,81,NO,1,1,YES,88,90,178,89.4,91.04,180.44,-3,183
1999,12-Nov,07:30PM,Fri,Golden State,29,29,58,24,21,0,45,103,YES,2,0,YES,Vancouver,17,24,41,20,32,0,52,93,NO,1,1,NO,99,97,196,100.4,98.04,198.44,-4,198
1999,13-Nov,06:00PM,Sat,Orlando,32,35,67,22,28,0,50,117,NO,1,3,YES,Dallas,30,26,56,33,36,0,69,125,NO,2,1,YES,123,119,242,124.4,120.04,244.44,-2.5,213
1999,13-Nov,07:00PM,Sat,Washington,15,26,41,15,27,0,42,83,YES,0,2,YES,Indiana,23,31,54,28,23,0,51,105,YES,1,1,NO,95,93,188,96.4,94.04,190.44,-10,210
1999,13-Nov,06:00PM,Sat,Phoenix,25,19,44,25,31,0,56,100,NO,0,1,YES,Minnesota,25,29,54,31,26,0,57,111,NO,3,1,NO,98,113,211,99.4,114.04,213.44,-3.5,196.5
1999,13-Nov,04:00PM,Sat,Atlanta,24,20,44,29,22,0,51,95,NO,2,0,NO,Portland,35,41,76,24,31,0,55,131,YES,2,0,YES,120,106,226,121.4,107.04,228.44,-12.5,195
1999,13-Nov,06:30PM,Sat,Boston,23,20,43,26,22,0,48,91,YES,0,3,YES,Chicago,15,26,41,24,27,0,51,92,YES,2,0,YES,84,99,183,85.4,100.04,185.44,7.5,189
1999,13-Nov,07:30PM,Sat,Milwaukee,22,30,52,31,29,0,60,112,YES,0,2,YES,Cleveland,29,33,62,20,35,0,55,117,YES,3,1,NO,114,115,229,115.4,116.04,231.44,-1.5,207.5
1999,13-Nov,07:30PM,Sat,Seattle,30,22,52,23,24,0,47,99,NO,1,1,NO,Detroit,33,21,54,28,25,0,53,107,YES,2,1,NO,106,100,206,107.4,101.04,208.44,-3,212
1999,13-Nov,04:30PM,Sat,Houston,27,27,54,21,28,0,49,103,NO,0,1,YES,Golden State,25,20,45,26,24,0,50,95,NO,2,0,YES,99,99,198,100.4,100.04,200.44,4,192
1999,13-Nov,06:30PM,Sat,Charlotte,23,19,42,17,20,0,37,79,YES,0,2,NO,San Antonio,27,20,47,24,24,0,48,95,YES,1,2,YES,89,85,174,90.4,86.04,176.44,-8,188.5
1999,14-Nov,03:00PM,Sun,Philadelphia,27,28,55,20,18,0,38,93,YES,1,1,NO,Toronto,24,21,45,21,24,0,45,90,NO,1,2,YES,100,83,183,101.4,84.04,185.44,-6.5,197
1999,14-Nov,03:00PM,Sun,Denver,32,31,63,32,21,0,53,116,YES,1,1,YES,Sacramento,28,33,61,34,31,0,65,126,NO,1,1,NO,124,118,242,125.4,119.04,244.44,-9.5,210
1999,14-Nov,06:00PM,Sun,LAC,25,17,42,23,24,0,47,89,YES,3,1,NO,Vancouver,20,27,47,33,29,0,62,109,YES,1,1,NO,89,109,198,90.4,110.04,200.44,-3.5,198.5
1999,14-Nov,03:30PM,Sun,Atlanta,21,14,35,22,31,0,53,88,NO,0,1,YES,LAL,35,22,57,20,16,0,36,93,YES,0,1,NO,92,89,181,93.4,90.04,183.44,-10.5,201.5
1999,14-Nov,07:00PM,Sun,Miami,27,20,47,27,20,0,47,94,NO,1,1,YES,New York,19,20,39,22,27,0,49,88,YES,1,1,YES,86,96,182,87.4,97.04,184.44,3.5,186
1999,15-Nov,04:00PM,Mon,LAL,28,18,46,21,24,0,45,91,YES,0,2,NO,Phoenix,23,23,46,18,18,0,36,82,NO,1,1,YES,92,81,173,93.4,82.04,175.44,-4.5,187.5
1999,15-Nov,05:00PM,Mon,San Antonio,32,19,51,19,15,0,34,85,YES,1,0,YES,Utah,25,25,50,21,20,0,41,91,NO,1,2,YES,101,75,176,102.4,76.04,178.44,1.5,178
1999,15-Nov,06:30PM,Mon,Indiana,30,10,40,22,34,0,56,96,YES,1,0,NO,Houston,25,20,45,22,20,0,42,87,YES,0,1,YES,85,98,183,86.4,99.04,185.44,-1.5,197.5
1999,15-Nov,07:30PM,Mon,Seattle,28,29,57,24,19,0,43,100,NO,1,1,YES,New Jersey,27,16,43,24,25,0,49,92,YES,1,2,YES,100,92,192,101.4,93.04,194.44,,
1999,16-Nov,05:00PM,Tue,New York,28,18,46,28,28,0,56,102,YES,1,0,NO,Denver,20,28,48,22,25,0,47,95,NO,1,1,YES,94,103,197,95.4,104.04,199.44,3,188.5
1999,16-Nov,06:00PM,Tue,LAC,21,23,44,25,24,0,49,93,NO,1,0,NO,Milwaukee,21,25,46,28,27,0,55,101,NO,1,2,YES,90,104,194,91.4,105.04,196.44,-12.5,208
1999,16-Nov,06:00PM,Tue,Indiana,24,19,43,15,18,11,33,76,NO,0,2,YES,San Antonio,17,16,33,17,26,14,43,76,YES,1,0,YES,76,76,152,77.4,77.04,154.44,-7,188
1999,16-Nov,07:00PM,Tue,Philadelphia,26,21,47,25,23,0,48,95,NO,1,0,YES,Washington,10,25,35,23,15,0,38,73,NO,1,2,YES,82,86,168,83.4,87.04,170.44,2.5,188.5
1999,16-Nov,07:00PM,Tue,Detroit,17,23,40,29,16,0,45,85,YES,2,0,YES,Toronto,17,26,43,23,23,0,46,89,YES,1,1,NO,83,91,174,84.4,92.04,176.44,-2.5,209
1999,16-Nov,07:30PM,Tue,Charlotte,25,28,53,26,19,0,45,98,NO,2,0,YES,Atlanta,32,25,57,24,22,0,46,103,YES,2,1,YES,110,91,201,111.4,92.04,203.44,6,200
1999,16-Nov,06:30PM,Tue,Houston,27,21,48,27,20,0,47,95,YES,0,1,YES,Dallas,35,21,56,32,26,0,58,114,YES,0,2,NO,104,105,209,105.4,106.04,211.44,-1,208
1999,16-Nov,04:30PM,Tue,Chicago,19,14,33,17,29,0,46,79,YES,2,0,NO,Golden State,24,29,53,24,22,0,46,99,YES,0,2,NO,86,92,178,87.4,93.04,180.44,-6.5,0
1999,16-Nov,07:30PM,Tue,Portland,23,31,54,20,27,0,47,101,YES,2,0,NO,Miami,31,20,51,20,25,0,45,96,YES,0,1,YES,105,92,197,106.4,93.04,199.44,-1,192
1999,16-Nov,04:30PM,Tue,Vancouver,23,21,44,18,15,0,33,77,YES,1,1,YES,Sacramento,22,21,43,25,13,0,38,81,YES,1,1,NO,87,71,158,88.4,72.04,160.44,-10.5,210
1999,17-Nov,04:00PM,Wed,New York,23,19,42,29,19,0,48,90,NO,0,1,NO,Utah,36,24,60,17,21,0,38,98,YES,1,1,NO,102,86,188,103.4,87.04,190.44,-7.5,176
1999,17-Nov,07:00PM,Wed,Cleveland,30,27,57,26,20,0,46,103,YES,3,1,NO,Boston,20,27,47,29,38,0,67,114,NO,1,3,YES,104,113,217,105.4,114.04,219.44,-5.5,204
1999,17-Nov,06:00PM,Wed,LAC,21,24,45,16,28,0,44,89,NO,0,1,NO,Minnesota,20,25,45,25,15,0,40,85,NO,1,3,NO,90,84,174,91.4,85.04,176.44,-14,199
1999,17-Nov,07:00PM,Wed,Miami,29,21,50,21,27,0,48,98,YES,0,2,YES,Philadelphia,24,19,43,25,25,0,50,93,NO,1,0,YES,93,98,191,94.4,99.04,193.44,2.5,187
1999,17-Nov,04:00PM,Wed,Chicago,26,24,50,11,20,0,31,81,NO,0,1,NO,Phoenix,34,27,61,21,23,0,44,105,NO,1,1,NO,111,75,186,112.4,76.04,188.44,-15,182
1999,17-Nov,07:00PM,Wed,Golden State,32,26,58,25,25,0,50,108,YES,0,2,YES,Seattle,36,21,57,32,22,0,54,111,YES,0,1,YES,115,104,219,116.4,105.04,221.44,-10.5,200.5
1999,17-Nov,07:30PM,Wed,Dallas,30,11,41,24,34,0,58,99,YES,0,1,YES,Charlotte,25,31,56,24,24,0,48,104,YES,1,0,YES,97,106,203,98.4,107.04,205.44,-10,211
1999,17-Nov,07:30PM,Wed,New Jersey,35,26,61,26,20,0,46,107,YES,1,1,NO,Detroit,25,32,57,32,20,0,52,109,NO,1,0,YES,118,98,216,119.4,99.04,218.44,-5.5,207
1999,17-Nov,07:30PM,Wed,Portland,16,22,38,21,22,0,43,81,NO,0,1,NO,Orlando,22,23,45,19,15,0,34,79,NO,1,3,YES,83,77,160,84.4,78.04,162.44,8,203
1999,18-Nov,05:00PM,Thu,LAL,22,20,42,17,23,0,40,82,NO,2,0,YES,Denver,17,22,39,30,24,0,54,93,NO,1,1,NO,81,94,175,82.4,95.04,177.44,-6,192.5
1999,18-Nov,06:00PM,Thu,San Antonio,19,25,44,24,20,0,44,88,YES,1,1,YES,Milwaukee,23,22,45,23,31,0,54,99,NO,1,1,NO,89,98,187,90.4,99.04,189.44,3,190
1999,18-Nov,07:00PM,Thu,Toronto,19,25,44,21,16,0,37,81,YES,1,0,YES,Washington,25,25,50,20,22,0,42,92,NO,1,1,NO,94,79,173,95.4,80.04,175.44,5,195
1999,18-Nov,07:00PM,Thu,Seattle,31,20,51,27,32,0,59,110,YES,0,1,YES,Vancouver,28,27,55,29,24,0,53,108,NO,2,1,YES,106,112,218,107.4,113.04,220.44,,
1999,18-Nov,06:30PM,Thu,Sacramento,23,35,58,38,32,0,70,128,YES,1,0,NO,Houston,37,26,63,31,16,0,47,110,YES,1,1,YES,121,117,238,122.4,118.04,240.44,-1,200.5
1999,19-Nov,07:00PM,Fri,New Jersey,25,15,40,36,20,0,56,96,NO,1,0,YES,Boston,29,22,51,30,28,0,58,109,YES,0,1,NO,91,114,205,92.4,115.04,207.44,-6,207
1999,19-Nov,07:00PM,Fri,Atlanta,31,27,58,26,21,0,47,105,YES,2,0,YES,Indiana,28,28,56,18,25,0,43,99,YES,0,2,YES,114,90,204,115.4,91.04,206.44,-8.5,205.5
1999,19-Nov,06:00PM,Fri,Utah,12,17,29,28,27,0,55,84,YES,1,0,NO,Minnesota,20,14,34,31,24,0,55,89,YES,1,1,NO,63,110,173,64.4,111.04,175.44,-2.5,186
1999,19-Nov,04:00PM,Fri,New York,24,16,40,18,23,0,41,81,NO,1,0,NO,Phoenix,27,28,55,20,21,0,41,96,NO,1,1,NO,95,82,177,96.4,83.04,179.44,-5,182
1999,19-Nov,07:00PM,Fri,LAC,21,23,44,28,28,0,56,100,NO,1,0,NO,Toronto,28,24,52,18,36,0,54,106,YES,1,0,YES,96,110,206,97.4,111.04,208.44,-11,189.5
1999,19-Nov,06:30PM,Fri,Sacramento,26,29,55,20,28,0,48,103,NO,0,1,YES,Dallas,30,24,54,24,16,0,40,94,YES,0,1,YES,109,88,197,110.4,89.04,199.44,2.5,219
1999,19-Nov,04:30PM,Fri,Chicago,21,19,40,23,32,0,55,95,NO,1,0,NO,LAL,30,19,49,29,25,0,54,103,NO,1,0,YES,89,109,198,90.4,110.04,200.44,-17,181
1999,19-Nov,07:30PM,Fri,Charlotte,28,30,58,23,22,0,45,103,YES,1,0,YES,Orlando,25,19,44,15,33,0,48,92,YES,0,1,NO,102,93,195,103.4,94.04,197.44,2.5,202
1999,19-Nov,08:00PM,Fri,Cleveland,26,16,42,17,31,0,48,90,NO,1,0,YES,Detroit,33,26,59,21,21,0,42,101,NO,1,1,NO,101,90,191,102.4,91.04,193.44,-3.5,210
1999,19-Nov,08:00PM,Fri,Portland,29,24,53,23,21,0,44,97,NO,1,0,NO,Philadelphia,21,20,41,27,23,0,50,91,YES,0,1,NO,94,94,188,95.4,95.04,190.44,6,184
1999,20-Nov,05:00PM,Sat,Chicago,28,19,47,18,21,0,39,86,NO,0,3,NO,Denver,22,19,41,33,21,0,54,95,NO,3,1,NO,88,93,181,89.4,94.04,183.44,-11.5,189
1999,20-Nov,07:00PM,Sat,Houston,25,19,44,29,34,0,63,107,YES,1,0,NO,Seattle,28,24,52,26,32,0,58,110,YES,0,1,YES,96,121,217,97.4,122.04,219.44,-5.5,202
1999,20-Nov,07:30PM,Sat,Orlando,25,25,50,31,26,0,57,107,YES,0,3,YES,Atlanta,28,25,53,24,26,0,50,103,NO,2,0,YES,103,107,210,104.4,108.04,212.44,-4,203.5
1999,20-Nov,07:30PM,Sat,Portland,29,20,49,19,18,14,37,86,NO,0,2,NO,Charlotte,27,22,49,22,15,10,37,86,NO,3,0,YES,98,74,172,99.4,75.04,174.44,3,190
1999,20-Nov,07:30PM,Sat,Indiana,28,24,52,31,24,0,55,107,YES,0,1,NO,Cleveland,36,22,58,16,24,0,40,98,NO,2,0,YES,110,95,205,111.4,96.04,207.44,2,203.5
1999,20-Nov,04:30PM,Sat,New York,29,27,56,8,22,0,30,86,NO,0,2,NO,Golden State,18,18,36,19,24,0,43,79,NO,3,2,YES,92,73,165,93.4,74.04,167.44,2.5,184
1999,20-Nov,07:30PM,Sat,Boston,27,22,49,18,25,0,43,92,YES,0,1,YES,Miami,28,26,54,26,30,0,56,110,YES,2,2,YES,103,99,202,104.4,100.04,204.44,-8.5,200
1999,20-Nov,06:30PM,Sat,Utah,23,30,53,35,23,0,58,111,NO,0,1,YES,Milwaukee,18,25,43,28,29,0,57,100,YES,0,1,NO,96,115,211,97.4,116.04,213.44,-4,193
1999,20-Nov,06:30PM,Sat,Dallas,21,15,36,23,31,0,54,90,YES,0,2,NO,San Antonio,26,22,48,29,29,0,58,106,YES,1,1,YES,84,112,196,85.4,113.04,198.44,-13,193
1999,20-Nov,07:30PM,Sat,LAC,27,29,56,18,24,0,42,98,NO,0,2,YES,Washington,25,16,41,27,21,0,48,89,NO,2,1,NO,97,90,187,98.4,91.04,189.44,-6.5,188
1999,20-Nov,08:00PM,Sat,Philadelphia,22,33,55,30,15,0,45,100,YES,0,1,YES,New Jersey,25,24,49,21,26,0,47,96,YES,2,0,YES,104,92,196,105.4,93.04,198.44,3,192
1999,21-Nov,12:00PM,Sun,Minnesota,33,22,55,25,25,0,50,105,YES,1,0,NO,Vancouver,27,25,52,16,13,0,29,81,YES,1,2,NO,107,79,186,108.4,80.04,188.44,4.5,193
1999,21-Nov,06:00PM,Sun,Milwaukee,31,20,51,21,22,0,43,94,YES,0,2,YES,Detroit,35,27,62,27,24,0,51,113,YES,3,1,NO,113,94,207,114.4,95.04,209.44,-2.5,212
1999,21-Nov,03:00PM,Sun,Seattle,23,23,46,19,21,0,40,86,YES,0,4,YES,Phoenix,17,30,47,27,25,0,52,99,NO,1,1,NO,93,92,185,94.4,93.04,187.44,-7,199
1999,21-Nov,03:00PM,Sun,Houston,21,29,50,27,28,0,55,105,NO,0,1,YES,Sacramento,33,27,60,23,27,0,50,110,NO,1,1,YES,110,105,215,111.4,106.04,217.44,-7.5,208
1999,21-Nov,03:30PM,Sun,Toronto,32,26,58,23,30,0,53,111,YES,1,1,NO,LAL,23,29,52,27,23,0,50,102,NO,2,1,NO,110,103,213,111.4,104.04,215.44,-6,190
1999,22-Nov,07:00PM,Mon,Indiana,23,17,40,25,20,0,45,85,NO,1,2,YES,Boston,22,21,43,18,34,0,52,95,NO,1,1,YES,83,97,180,84.4,98.04,182.44,-1,205.5
1999,22-Nov,07:00PM,Mon,San Antonio,27,15,42,21,31,0,52,94,YES,1,1,NO,Philadelphia,17,25,42,25,24,0,49,91,NO,1,1,YES,84,101,185,85.4,102.04,187.44,5,177.5
1999,22-Nov,05:00PM,Mon,Minnesota,30,24,54,26,13,0,39,93,NO,0,1,YES,Utah,33,36,69,17,22,0,39,108,YES,1,1,YES,123,78,201,124.4,79.04,203.44,-7,185
1999,23-Nov,04:00PM,Tue,Toronto,26,27,53,17,23,0,40,93,NO,1,0,NO,Phoenix,22,25,47,26,21,0,47,94,NO,3,1,NO,100,87,187,101.4,88.04,189.44,-6,191
1999,23-Nov,07:00PM,Tue,Vancouver,16,31,47,23,17,0,40,87,YES,1,0,NO,Washington,24,14,38,26,25,0,51,89,YES,0,2,NO,85,91,176,86.4,92.04,178.44,-4.5,187
1999,23-Nov,07:30PM,Tue,Miami,28,27,55,29,22,0,51,106,YES,2,0,YES,Atlanta,28,26,54,32,27,0,59,113,YES,0,2,NO,109,110,219,110.4,111.04,221.44,7,207
1999,23-Nov,07:30PM,Tue,Portland,19,22,41,26,33,0,59,100,NO,2,0,NO,Cleveland,32,19,51,23,29,0,52,103,YES,2,2,NO,92,111,203,93.4,112.04,205.44,7,194
1999,23-Nov,06:30PM,Tue,Dallas,24,30,54,25,20,0,45,99,NO,2,0,NO,Houston,32,25,57,37,25,0,62,119,YES,2,1,YES,111,107,218,112.4,108.04,220.44,0,0
1999,23-Nov,04:30PM,Tue,New York,24,25,49,25,21,0,46,95,NO,2,3,YES,LAC,39,26,65,19,16,0,35,100,YES,2,2,YES,114,81,195,115.4,82.04,197.44,4,180
1999,23-Nov,04:30PM,Tue,New Jersey,30,20,50,25,17,0,42,92,YES,2,0,NO,Sacramento,26,34,60,29,16,0,45,105,NO,2,1,NO,110,87,197,111.4,88.04,199.44,0,0
1999,24-Nov,07:00PM,Wed,San Antonio,33,33,66,30,25,0,55,121,NO,1,1,YES,Boston,20,22,42,23,33,0,56,98,NO,1,1,NO,108,111,219,109.4,112.04,221.44,3.5,187
1999,24-Nov,05:00PM,Wed,Toronto,26,20,46,17,21,0,38,84,NO,0,1,NO,Denver,27,26,53,26,30,0,56,109,NO,1,3,NO,99,94,193,100.4,95.04,195.44,-1.5,200
1999,24-Nov,06:00PM,Wed,Chicago,15,30,45,35,15,0,50,95,NO,3,1,NO,Milwaukee,24,23,47,28,27,0,55,102,YES,1,2,YES,92,105,197,93.4,106.04,199.44,-14,198.5
1999,24-Nov,06:00PM,Wed,Portland,19,17,36,29,23,0,52,88,NO,0,1,YES,Minnesota,20,20,40,18,23,0,41,81,YES,1,1,YES,76,93,169,77.4,94.04,171.44,2,187.5
1999,24-Nov,07:00PM,Wed,Washington,25,19,44,28,29,0,57,101,YES,0,1,NO,Philadelphia,27,29,56,17,20,0,37,93,NO,1,1,NO,100,94,194,101.4,95.04,196.44,-4.5,179
1999,24-Nov,07:30PM,Wed,Vancouver,25,16,41,12,20,0,32,73,NO,0,1,NO,Charlotte,23,23,46,19,24,0,43,89,NO,1,3,NO,87,75,162,88.4,76.04,164.44,,
1999,24-Nov,04:30PM,Wed,New Jersey,21,30,51,13,28,0,41,92,NO,0,1,NO,Golden State,22,23,45,18,21,0,39,84,YES,1,3,NO,96,80,176,97.4,81.04,178.44,-5.5,198
1999,24-Nov,04:30PM,Wed,Utah,12,17,29,27,26,0,53,82,YES,1,1,YES,LAL,21,17,38,30,22,0,52,90,NO,1,2,NO,67,105,172,68.4,106.04,174.44,-3,184
1999,24-Nov,07:30PM,Wed,Atlanta,19,27,46,21,24,0,45,91,YES,0,1,NO,Miami,19,20,39,28,26,0,54,93,NO,2,0,YES,85,99,184,86.4,100.04,186.44,-11,206
1999,24-Nov,07:30PM,Wed,Dallas,23,26,49,24,27,0,51,100,NO,0,2,YES,Orlando,29,32,61,20,31,0,51,112,YES,2,3,YES,110,102,212,111.4,103.04,214.44,-9.5,0
1999,25-Nov,08:00PM,Thu,Detroit,27,25,52,22,33,0,55,107,YES,3,0,YES,Indiana,29,30,59,20,20,0,40,99,NO,0,2,YES,111,95,206,112.4,96.04,208.44,-6,206
1999,26-Nov,02:00PM,Fri,Houston,15,29,44,17,19,8,36,80,YES,2,2,NO,Portland,25,24,49,20,11,11,31,80,YES,0,1,YES,93,67,160,94.4,68.04,162.44,-11.5,194
1999,26-Nov,07:00PM,Fri,Milwaukee,24,24,48,31,35,0,66,114,YES,1,0,YES,Boston,42,24,66,26,20,0,46,112,YES,0,1,NO,114,112,226,115.4,113.04,228.44,-3,211.5
1999,26-Nov,05:00PM,Fri,Minnesota,28,20,48,27,30,0,57,105,YES,1,0,YES,Denver,26,31,57,20,37,0,57,114,YES,0,1,NO,105,114,219,106.4,115.04,221.44,2,196
1999,26-Nov,07:00PM,Fri,LAC,21,30,51,27,15,0,42,93,YES,2,0,YES,Seattle,27,20,47,33,18,0,51,98,NO,1,4,YES,98,93,191,99.4,94.04,193.44,-8.5,201
1999,26-Nov,05:00PM,Fri,Toronto,29,27,56,17,27,0,44,100,NO,1,0,NO,Utah,21,32,53,18,16,0,34,87,NO,2,1,YES,109,78,187,110.4,79.04,189.44,-7.5,190
1999,26-Nov,07:30PM,Fri,Washington,24,8,32,25,28,0,53,85,NO,1,0,NO,Charlotte,32,31,63,25,30,0,55,118,YES,0,1,NO,95,108,203,96.4,109.04,205.44,-10,190
1999,26-Nov,07:30PM,Fri,Vancouver,24,17,41,24,21,0,45,86,NO,1,0,NO,Indiana,28,24,52,25,28,0,53,105,YES,1,0,NO,93,98,191,94.4,99.04,193.44,-11,192
1999,26-Nov,04:30PM,Fri,New Jersey,20,18,38,21,21,0,42,80,NO,1,0,NO,LAL,27,20,47,26,30,0,56,103,YES,3,1,NO,85,98,183,86.4,99.04,185.44,-11.5,192
1999,26-Nov,07:30PM,Fri,Cleveland,24,21,45,21,17,0,38,83,YES,2,0,YES,Philadelphia,30,31,61,24,21,0,45,106,YES,0,1,NO,106,83,189,107.4,84.04,191.44,2.5,188
1999,26-Nov,04:30PM,Fri,Golden State,18,25,43,35,17,0,52,95,YES,1,0,YES,Sacramento,28,34,62,29,33,0,62,124,YES,2,2,NO,105,114,219,106.4,115.04,221.44,-10,205
1999,26-Nov,06:30PM,Fri,Chicago,17,15,32,28,18,0,46,78,NO,1,0,NO,San Antonio,21,27,48,23,30,0,53,101,NO,0,1,YES,80,99,179,81.4,100.04,181.44,-16,183
1999,26-Nov,08:00PM,Fri,Atlanta,29,16,45,26,20,0,46,91,NO,1,0,YES,Detroit,30,22,52,17,24,0,41,93,NO,1,0,YES,97,87,184,98.4,88.04,186.44,-4.5,207
1999,27-Nov,01:00PM,Sat,Orlando,29,21,50,23,23,0,46,96,YES,2,0,NO,New York,30,19,49,29,21,0,50,99,NO,1,3,YES,99,96,195,100.4,97.04,197.44,-5,188
1999,27-Nov,06:00PM,Sat,Chicago,20,26,46,10,27,0,37,83,NO,0,4,YES,Dallas,24,23,47,22,26,0,48,95,YES,1,2,YES,93,85,178,94.4,86.04,180.44,-9.5,197
1999,27-Nov,06:00PM,Sat,Vancouver,12,18,30,26,26,0,52,82,NO,0,1,YES,Minnesota,23,33,56,31,26,0,57,113,NO,2,0,YES,86,109,195,87.4,110.04,197.44,0,0
1999,27-Nov,04:00PM,Sat,New Jersey,16,25,41,30,19,0,49,90,NO,0,2,YES,Phoenix,30,30,60,37,32,0,69,129,YES,2,3,NO,101,118,219,102.4,119.04,221.44,-12.5,189
1999,27-Nov,07:30PM,Sat,Boston,28,21,49,24,11,0,35,84,YES,0,5,YES,Atlanta,22,20,42,26,26,0,52,94,YES,2,0,YES,91,87,178,92.4,88.04,180.44,-3.5,206
1999,27-Nov,07:30PM,Sat,Charlotte,13,28,41,22,26,0,48,89,YES,0,3,NO,Cleveland,32,24,56,19,31,0,50,106,NO,2,0,YES,97,98,195,98.4,99.04,197.44,2,200
1999,27-Nov,04:30PM,Sat,Toronto,37,28,65,21,20,0,41,106,NO,0,2,YES,Golden State,19,16,35,31,22,0,53,88,YES,1,0,YES,100,94,194,101.4,95.04,196.44,4.5,194
1999,27-Nov,07:30PM,Sat,Washington,22,22,44,23,19,0,42,86,NO,0,2,NO,Miami,30,18,48,17,24,0,41,89,NO,1,2,NO,92,83,175,93.4,84.04,177.44,-10.5,195
1999,27-Nov,06:30PM,Sat,Philadelphia,19,23,42,23,17,0,40,82,YES,0,2,YES,Milwaukee,23,25,48,20,11,0,31,79,NO,4,0,YES,90,71,161,91.4,72.04,163.44,-9,197
1999,27-Nov,06:30PM,Sat,Denver,18,24,42,24,21,0,45,87,YES,0,2,NO,San Antonio,27,22,49,20,37,0,57,106,NO,2,0,NO,91,102,193,92.4,103.04,195.44,-11,189
1999,27-Nov,05:00PM,Sat,Portland,27,27,54,19,15,0,34,88,YES,0,1,YES,LAC,21,15,36,13,22,0,35,71,NO,2,0,YES,90,69,159,91.4,70.04,161.44,8,186
1999,28-Nov,05:00PM,Sun,Indiana,16,26,42,23,26,0,49,91,YES,1,0,NO,Seattle,33,21,54,31,17,0,48,102,NO,1,1,NO,96,97,193,97.4,98.04,195.44,-3,205
1999,28-Nov,06:00PM,Sun,Orlando,31,26,57,36,15,0,51,108,NO,0,1,YES,Detroit,24,26,50,21,28,0,49,99,YES,1,1,NO,107,100,207,108.4,101.04,209.44,-6.5,208
1999,29-Nov,04:00PM,Mon,Indiana,23,25,48,24,21,0,45,93,NO,0,1,NO,Portland,26,18,44,28,19,0,47,91,NO,1,1,YES,92,92,184,93.4,93.04,186.44,-9,189
1999,29-Nov,05:00PM,Mon,Golden State,19,27,46,20,33,0,53,99,YES,1,1,NO,Utah,41,25,66,28,21,0,49,115,NO,3,2,NO,112,102,214,113.4,103.04,216.44,0,0
1999,29-Nov,07:00PM,Mon,Houston,28,27,55,20,25,18,45,100,NO,2,1,NO,Vancouver,33,22,55,16,29,10,45,100,NO,1,1,YES,110,90,200,111.4,91.04,202.44,0,191
1999,29-Nov,07:30PM,Mon,Sacramento,21,18,39,26,23,0,49,88,YES,2,0,NO,Miami,27,25,52,26,20,0,46,98,NO,1,1,NO,91,95,186,92.4,96.04,188.44,-4,204.5
1999,29-Nov,07:30PM,Mon,Dallas,18,13,31,28,23,0,51,82,YES,1,0,NO,New York,29,27,56,35,16,0,51,107,YES,0,1,NO,87,102,189,88.4,103.04,191.44,-7,193
1999,30-Nov,06:00PM,Tue,Denver,27,36,63,16,13,0,29,92,NO,2,0,YES,Minnesota,28,26,54,33,22,0,55,109,NO,1,2,NO,117,84,201,118.4,85.04,203.44,-9,199
1999,30-Nov,07:00PM,Tue,LAL,23,29,52,23,26,0,49,101,YES,3,0,YES,Seattle,23,16,39,20,18,0,38,77,YES,1,1,NO,91,87,178,92.4,88.04,180.44,-1.5,192.5
1999,30-Nov,07:00PM,Tue,Atlanta,36,28,64,19,24,0,43,107,YES,2,1,YES,Toronto,23,20,43,26,20,0,46,89,NO,2,2,YES,107,89,196,108.4,90.04,198.44,-5.5,195
1999,30-Nov,07:30PM,Tue,Dallas,19,24,43,28,28,0,56,99,NO,0,1,NO,Cleveland,38,19,57,23,26,0,49,106,YES,0,2,NO,100,105,205,101.4,106.04,207.44,0,0
1999,30-Nov,04:30PM,Tue,Phoenix,25,17,42,25,27,0,52,94,YES,2,0,YES,LAC,21,21,42,17,21,0,38,80,NO,1,2,NO,84,90,174,85.4,91.04,176.44,-5.5,187.5
1999,30-Nov,07:30PM,Tue,Washington,18,17,35,24,26,0,50,85,NO,2,0,YES,New Jersey,25,24,49,18,11,0,29,78,NO,1,2,YES,84,79,163,85.4,80.04,165.44,-1,192.5
1999,30-Nov,07:30PM,Tue,Sacramento,24,33,57,29,25,0,54,111,NO,0,1,NO,Orlando,24,29,53,25,24,0,49,102,YES,1,1,YES,110,103,213,111.4,104.04,215.44,3.5,214
1999,30-Nov,06:30PM,Tue,Detroit,25,21,46,17,24,0,41,87,YES,1,0,NO,San Antonio,22,25,47,40,19,0,59,106,YES,1,2,NO,93,100,193,94.4,101.04,195.44,-9,189
1999,30-Nov,08:00PM,Tue,New York,17,14,31,16,23,0,39,70,YES,0,1,NO,Philadelphia,16,15,31,18,25,0,43,74,YES,0,2,YES,62,82,144,63.4,83.04,146.44,2,175.5
1999,1-Dec,03:00PM,Wed,Houston,30,30,60,24,19,19,43,103,NO,1,0,NO,Phoenix,20,32,52,27,24,25,51,103,YES,2,0,YES,112,94,206,113.4,95.04,208.44,-8.5,187.5
1999,1-Dec,05:00PM,Wed,Detroit,30,23,53,22,21,0,43,96,NO,0,1,YES,Denver,30,25,55,23,22,0,45,100,NO,1,0,YES,108,88,196,109.4,89.04,198.44,-2,205
1999,1-Dec,04:00PM,Wed,Charlotte,20,26,46,28,16,0,44,90,NO,3,1,NO,Portland,28,30,58,16,20,0,36,94,YES,1,1,NO,104,80,184,105.4,81.04,186.44,-8.5,184.5
1999,1-Dec,07:00PM,Wed,Cleveland,22,34,56,21,34,0,55,111,YES,0,1,YES,Washington,30,21,51,28,29,0,57,108,YES,1,0,YES,107,112,219,108.4,113.04,221.44,1.5,188
1999,1-Dec,07:00PM,Wed,Indiana,26,17,43,28,25,0,53,96,NO,1,1,NO,Vancouver,22,20,42,30,17,0,47,89,NO,1,1,NO,85,100,185,86.4,101.04,187.44,5.5,192
1999,1-Dec,04:30PM,Wed,Golden State,18,10,28,20,27,0,47,75,NO,1,0,YES,LAL,21,21,42,24,27,0,51,93,NO,1,0,YES,70,98,168,71.4,99.04,170.44,0,0
1999,1-Dec,07:30PM,Wed,Philadelphia,24,20,44,18,21,0,39,83,YES,0,1,NO,Miami,28,16,44,24,22,0,46,90,YES,1,1,NO,88,85,173,89.4,86.04,175.44,-10.5,175
1999,2-Dec,06:00PM,Thu,New York,21,17,38,26,20,0,46,84,NO,1,1,NO,Milwaukee,18,24,42,16,22,0,38,80,YES,1,4,NO,80,84,164,81.4,85.04,166.44,-4.5,187
1999,2-Dec,06:00PM,Thu,Orlando,26,29,55,22,26,0,48,103,YES,1,0,NO,Minnesota,28,22,50,20,23,0,43,93,NO,1,1,NO,105,91,196,106.4,92.04,198.44,-8,205
1999,2-Dec,07:30PM,Thu,Sacramento,42,25,67,16,17,0,33,100,NO,1,1,NO,Atlanta,28,30,58,26,26,0,52,110,NO,1,1,YES,125,85,210,126.4,86.04,212.44,1,209
1999,2-Dec,06:30PM,Thu,Dallas,32,23,55,25,21,0,46,101,NO,1,1,NO,Chicago,21,16,37,24,34,0,58,95,NO,1,4,YES,92,104,196,93.4,105.04,198.44,2.5,0
1999,2-Dec,04:30PM,Thu,Seattle,36,28,64,26,27,0,53,117,YES,1,1,NO,Golden State,28,23,51,27,30,0,57,108,NO,1,0,YES,115,110,225,116.4,111.04,227.44,8.5,201
1999,2-Dec,04:30PM,Thu,Houston,27,31,58,21,30,0,51,109,NO,0,1,YES,LAC,24,24,48,23,25,0,48,96,NO,1,1,NO,106,99,205,107.4,100.04,207.44,-6,0
1999,2-Dec,07:30PM,Thu,San Antonio,24,15,39,32,25,0,57,96,YES,1,0,NO,New Jersey,25,21,46,21,27,0,48,94,NO,1,1,NO,85,105,190,86.4,106.04,192.44,10,184.5
1999,3-Dec,04:00PM,Fri,Indiana,27,28,55,25,20,0,45,100,NO,1,3,YES,Utah,23,17,40,19,16,0,35,75,YES,0,3,NO,95,80,175,96.4,81.04,177.44,-6,187.5
1999,3-Dec,07:00PM,Fri,Miami,21,19,40,21,23,0,44,84,YES,1,2,NO,Boston,23,22,45,24,27,0,51,96,YES,0,5,YES,85,95,180,86.4,96.04,182.44,1.5,193
1999,3-Dec,05:00PM,Fri,Orlando,22,32,54,30,28,0,58,112,NO,0,1,NO,Denver,29,24,53,25,22,0,47,100,YES,1,1,NO,107,105,212,108.4,106.04,214.44,-5.5,206.5
1999,3-Dec,07:00PM,Fri,Washington,25,15,40,25,28,0,53,93,YES,1,0,YES,Toronto,32,21,53,20,22,0,42,95,NO,1,2,NO,93,95,188,94.4,96.04,190.44,-8.5,191
1999,3-Dec,07:00PM,Fri,Charlotte,27,29,56,27,30,0,57,113,NO,1,1,NO,Vancouver,25,21,46,22,26,0,48,94,YES,2,1,NO,102,105,207,103.4,106.04,209.44,,
1999,3-Dec,07:30PM,Fri,Philadelphia,21,21,42,23,26,11,49,91,NO,1,0,YES,Cleveland,30,22,52,25,14,9,39,91,YES,3,1,YES,94,88,182,95.4,89.04,184.44,-6,187
1999,3-Dec,04:30PM,Fri,Portland,25,11,36,23,21,0,44,80,YES,1,1,NO,LAL,18,19,37,25,31,0,56,93,NO,1,1,NO,73,100,173,74.4,101.04,175.44,-3.5,179
1999,3-Dec,08:00PM,Fri,San Antonio,23,18,41,18,21,0,39,80,NO,0,1,NO,Detroit,25,28,53,25,24,0,49,102,YES,0,1,YES,94,88,182,95.4,89.04,184.44,3.5,188
1999,4-Dec,10:00AM,Sat,Seattle,31,27,58,27,17,0,44,102,NO,1,0,YES,LAC,31,22,53,16,20,0,36,89,NO,1,1,NO,111,80,191,112.4,81.04,193.44,4.5,201
1999,4-Dec,01:00PM,Sat,New York,25,21,46,26,20,0,46,92,NO,1,0,YES,New Jersey,15,19,34,26,22,0,48,82,NO,1,1,NO,80,94,174,81.4,95.04,176.44,3.5,180
1999,4-Dec,06:00PM,Sat,Dallas,29,16,45,29,29,0,58,103,NO,1,0,NO,Minnesota,17,28,45,17,22,0,39,84,YES,3,1,NO,90,97,187,91.4,98.04,189.44,-10,205
1999,4-Dec,07:00PM,Sat,Boston,16,18,34,20,20,0,40,74,YES,0,3,YES,Philadelphia,28,17,45,12,20,0,32,77,NO,1,0,YES,79,72,151,80.4,73.04,153.44,1,183
1999,4-Dec,07:30PM,Sat,Detroit,31,29,60,23,27,0,50,110,YES,0,2,NO,Atlanta,28,24,52,33,27,0,60,112,NO,3,1,NO,112,110,222,113.4,111.04,224.44,-5,203.5
1999,4-Dec,06:30PM,Sat,Milwaukee,28,25,53,25,14,0,39,92,YES,1,0,YES,Chicago,17,24,41,30,20,0,50,91,YES,3,1,NO,94,89,183,95.4,90.04,185.44,9,194
1999,4-Dec,04:30PM,Sat,Utah,22,23,45,26,23,0,49,94,YES,0,1,YES,Golden State,19,24,43,18,21,0,39,82,YES,2,1,NO,88,88,176,89.4,89.04,178.44,9.5,192
1999,4-Dec,06:30PM,Sat,Phoenix,23,20,43,26,26,0,52,95,YES,2,0,YES,Houston,26,27,53,26,26,0,52,105,NO,1,1,YES,96,104,200,97.4,105.04,202.44,4.5,195
1999,4-Dec,08:00PM,Sat,Sacramento,35,26,61,27,26,0,53,114,NO,1,1,NO,Washington,27,22,49,28,27,0,55,104,YES,1,0,YES,110,108,218,111.4,109.04,220.44,6,203.5
1999,5-Dec,12:30PM,Sun,Charlotte,25,24,49,26,28,0,54,103,NO,1,2,YES,Seattle,20,24,44,21,16,0,37,81,NO,2,0,YES,93,91,184,94.4,92.04,186.44,,
1999,5-Dec,03:00PM,Sun,San Antonio,22,22,44,26,22,0,48,92,NO,1,1,NO,Toronto,21,24,45,29,24,0,53,98,NO,1,1,NO,89,101,190,90.4,102.04,192.44,3,184
1999,5-Dec,05:00PM,Sun,Dallas,16,26,42,19,36,0,55,97,NO,0,1,YES,Milwaukee,24,29,53,22,28,0,50,103,NO,1,0,YES,95,105,200,96.4,106.04,202.44,-9,207
1999,5-Dec,03:00PM,Sun,Portland,17,25,42,29,21,0,50,92,NO,1,1,YES,Phoenix,30,21,51,17,22,0,39,90,NO,1,0,YES,93,89,182,94.4,90.04,184.44,3.5,181
1999,5-Dec,03:30PM,Sun,Orlando,19,30,49,23,28,0,51,100,NO,1,1,NO,LAL,34,33,67,25,25,0,50,117,NO,1,1,NO,116,101,217,117.4,102.04,219.44,-9.5,192.5
1999,5-Dec,07:00PM,Sun,Denver,16,15,31,23,26,0,49,80,YES,1,0,NO,New York,20,20,40,22,16,0,38,78,NO,1,0,YES,71,87,158,72.4,88.04,160.44,-7.5,186
1999,6-Dec,07:00PM,Mon,Denver,22,20,42,16,36,0,52,94,NO,0,1,NO,Philadelphia,24,19,43,17,17,0,34,77,NO,1,1,NO,85,86,171,86.4,87.04,173.44,-5.5,181
1999,6-Dec,05:00PM,Mon,Washington,30,19,49,22,25,0,47,96,YES,1,0,NO,Utah,32,20,52,29,21,0,50,102,NO,1,1,YES,101,97,198,102.4,98.04,200.44,-10.5,186
1999,6-Dec,06:30PM,Mon,Vancouver,31,27,58,18,23,0,41,99,YES,2,0,NO,Houston,26,28,54,31,17,0,48,102,YES,1,1,NO,112,89,201,113.4,90.04,203.44,-7,196
1999,6-Dec,04:30PM,Mon,Miami,25,21,46,26,27,0,53,99,NO,2,0,NO,LAC,31,13,44,22,25,0,47,91,YES,1,1,NO,90,100,190,91.4,101.04,192.44,7,183
1999,6-Dec,07:30PM,Mon,Sacramento,34,20,54,15,26,0,41,95,NO,1,1,YES,New Jersey,26,26,52,30,27,0,57,109,NO,1,1,NO,106,98,204,107.4,99.04,206.44,6.5,206
1999,7-Dec,06:00PM,Tue,Detroit,22,24,46,38,32,0,70,116,NO,2,2,YES,Milwaukee,31,31,62,26,24,0,50,112,YES,0,1,NO,108,120,228,109.4,121.04,230.44,-4.5,206.5
1999,7-Dec,04:00PM,Tue,Orlando,27,27,54,26,27,0,53,107,NO,1,3,YES,Phoenix,34,26,60,20,30,0,50,110,NO,1,1,NO,114,103,217,115.4,104.04,219.44,-6,201
1999,7-Dec,04:00PM,Tue,Miami,24,23,47,20,19,0,39,86,NO,0,2,NO,Portland,25,18,43,20,13,0,33,76,NO,1,1,YES,90,72,162,91.4,73.04,164.44,-6,181
1999,7-Dec,07:00PM,Tue,Cleveland,28,26,54,13,31,0,44,98,YES,3,0,YES,Toronto,23,20,43,31,27,0,58,101,NO,2,1,NO,97,102,199,98.4,103.04,201.44,-5.5,200
1999,7-Dec,06:30PM,Tue,Vancouver,23,28,51,24,29,0,53,104,NO,0,1,NO,Dallas,28,22,50,28,17,0,45,95,YES,0,1,YES,101,98,199,102.4,99.04,201.44,-6,198.5
1999,7-Dec,04:30PM,Tue,Washington,19,21,40,13,27,0,40,80,NO,0,1,NO,LAL,19,22,41,17,33,0,50,91,YES,0,1,NO,81,90,171,82.4,91.04,173.44,-12.5,189
1999,7-Dec,07:30PM,Tue,Golden State,21,17,38,19,26,0,45,83,YES,2,0,NO,New York,30,19,49,19,21,0,40,89,NO,2,1,NO,87,85,172,88.4,86.04,174.44,-10,180
1999,7-Dec,08:00PM,Tue,San Antonio,21,18,39,16,22,0,38,77,NO,1,1,YES,Indiana,15,27,42,16,25,0,41,83,NO,2,3,YES,81,79,160,82.4,80.04,162.44,0,184
1999,8-Dec,02:00PM,Wed,LAL,19,23,42,22,27,0,49,91,YES,0,2,NO,Sacramento,17,32,49,24,30,0,54,103,NO,1,1,YES,91,103,194,92.4,104.04,196.44,1,197
1999,8-Dec,07:00PM,Wed,Denver,23,18,41,21,28,0,49,90,NO,1,1,NO,Boston,28,34,62,28,25,0,53,115,NO,1,3,YES,103,102,205,104.4,103.04,207.44,-5.5,197
1999,8-Dec,07:00PM,Wed,Houston,17,20,37,16,20,0,36,73,YES,1,1,NO,Philadelphia,16,22,38,17,28,0,45,83,YES,1,1,NO,75,81,156,76.4,82.04,158.44,-2,181.5
1999,8-Dec,07:00PM,Wed,Minnesota,28,24,52,17,25,0,42,94,YES,3,0,NO,Seattle,34,23,57,27,26,0,53,110,YES,1,2,NO,109,95,204,110.4,96.04,206.44,-3.5,197
1999,8-Dec,05:00PM,Wed,Dallas,25,15,40,11,28,0,39,79,YES,0,2,YES,Utah,22,24,46,16,23,0,39,85,NO,1,1,NO,86,78,164,87.4,79.04,166.44,-11,195
1999,8-Dec,07:30PM,Wed,LAC,23,24,47,16,18,0,34,81,YES,1,1,NO,Atlanta,21,24,45,26,28,0,54,99,NO,1,3,NO,92,88,180,93.4,89.04,182.44,-7.5,198
1999,8-Dec,07:30PM,Wed,Golden State,23,33,56,22,28,0,50,106,NO,0,1,NO,Charlotte,35,26,61,28,24,0,52,113,NO,1,2,YES,117,102,219,118.4,103.04,221.44,-12,192
1999,8-Dec,07:30PM,Wed,Chicago,27,15,42,25,26,0,51,93,YES,3,1,YES,Cleveland,27,31,58,21,28,0,49,107,YES,1,0,YES,100,100,200,101.4,101.04,202.44,-11,191
1999,8-Dec,07:30PM,Wed,Milwaukee,18,24,42,27,21,0,48,90,YES,0,1,NO,New Jersey,31,28,59,18,30,0,48,107,YES,1,1,NO,101,96,197,102.4,97.04,199.44,2.5,202.5
1999,9-Dec,04:00PM,Thu,Washington,18,19,37,29,19,0,48,85,NO,1,1,NO,Phoenix,28,25,53,30,16,0,46,99,YES,1,1,NO,90,94,184,91.4,95.04,186.44,-8,189
1999,9-Dec,04:00PM,Thu,Minnesota,19,13,32,28,26,0,54,86,NO,0,1,YES,Portland,24,17,41,27,22,0,49,90,YES,1,1,NO,73,103,176,74.4,104.04,178.44,-8.5,184
1999,9-Dec,06:30PM,Thu,Vancouver,24,16,40,27,24,0,51,91,NO,1,1,YES,San Antonio,17,22,39,33,27,0,60,99,NO,1,1,YES,79,111,190,80.4,112.04,192.44,-12.5,181.5
1999,10-Dec,07:00PM,Fri,Houston,16,29,45,22,29,0,51,96,NO,1,0,NO,Boston,32,30,62,15,23,0,38,100,YES,1,1,NO,107,89,196,108.4,90.04,198.44,-8,199
1999,10-Dec,07:00PM,Fri,Cleveland,25,23,48,17,23,0,40,88,YES,1,0,YES,Indiana,42,27,69,37,30,0,67,136,NO,0,2,NO,117,107,224,118.4,108.04,226.44,-6.5,199
1999,10-Dec,05:00PM,Fri,Seattle,21,18,39,24,20,0,44,83,YES,1,0,YES,Utah,23,32,55,20,26,0,46,101,YES,1,1,NO,94,90,184,95.4,91.04,186.44,-6.5,189.5
1999,10-Dec,07:00PM,Fri,Milwaukee,33,18,51,26,30,0,56,107,NO,1,0,YES,Toronto,29,19,48,14,29,0,43,91,NO,1,2,NO,99,99,198,100.4,100.04,200.44,-3,197
1999,10-Dec,07:30PM,Fri,Golden State,26,30,56,24,27,0,51,107,NO,1,0,NO,Atlanta,20,22,42,31,26,0,57,99,YES,0,1,NO,98,108,206,99.4,109.04,208.44,-9.5,199
1999,10-Dec,07:30PM,Fri,Denver,16,30,46,31,22,0,53,99,NO,1,0,NO,Charlotte,33,27,60,20,26,0,46,106,YES,0,1,NO,106,99,205,107.4,100.04,207.44,-7.5,195
1999,10-Dec,06:30PM,Fri,New Jersey,21,18,39,21,9,0,30,69,YES,1,0,YES,Chicago,22,19,41,15,15,0,30,71,YES,0,1,YES,80,60,140,81.4,61.04,142.44,6,185.5
1999,10-Dec,04:30PM,Fri,Miami,32,22,54,24,29,0,53,107,NO,2,0,NO,Sacramento,36,15,51,29,17,0,46,97,NO,0,1,NO,105,99,204,106.4,100.04,206.44,-3,192
1999,10-Dec,08:00PM,Fri,LAC,20,22,42,19,22,0,41,83,NO,1,0,NO,Detroit,23,27,50,30,27,0,57,107,YES,1,2,YES,92,98,190,93.4,99.04,192.44,-8,199.5
1999,10-Dec,08:00PM,Fri,Philadelphia,21,23,44,14,20,0,34,78,YES,1,0,YES,New York,26,14,40,22,23,0,45,85,NO,1,2,NO,84,79,163,85.4,80.04,165.44,-7,167
1999,11-Dec,12:00PM,Sat,LAL,23,26,49,21,36,0,57,106,NO,2,0,YES,Vancouver,23,27,50,19,25,0,44,94,YES,1,1,YES,99,101,200,100.4,102.04,202.44,9.5,187
1999,11-Dec,06:00PM,Sat,Phoenix,20,24,44,29,42,0,71,115,YES,1,2,YES,Dallas,27,30,57,36,27,0,63,120,NO,2,2,YES,101,134,235,102.4,135.04,237.44,4.5,196.5
1999,11-Dec,07:00PM,Sat,LAC,22,24,46,25,19,0,44,90,NO,0,1,YES,Indiana,23,36,59,20,29,0,49,108,YES,2,0,NO,105,93,198,106.4,94.04,200.44,-11,192
1999,11-Dec,06:00PM,Sat,Golden State,20,32,52,26,26,0,52,104,NO,0,2,YES,Minnesota,35,20,55,7,14,0,21,76,YES,2,1,YES,107,73,180,108.4,74.04,182.44,-10,196
1999,11-Dec,07:00PM,Sat,Charlotte,32,26,58,28,20,0,48,106,YES,0,3,YES,Philadelphia,16,23,39,20,25,0,45,84,NO,3,0,YES,97,93,190,98.4,94.04,192.44,0,0
1999,11-Dec,07:00PM,Sat,Miami,18,20,38,19,31,0,50,88,NO,0,2,NO,Seattle,23,19,42,21,29,0,50,92,NO,2,0,YES,80,100,180,81.4,101.04,182.44,0,190.5
1999,11-Dec,07:30PM,Sat,Atlanta,29,28,57,27,32,0,59,116,YES,0,2,YES,Cleveland,39,37,76,23,28,0,51,127,NO,2,0,YES,133,110,243,134.4,111.04,245.44,-3.5,204
1999,11-Dec,06:30PM,Sat,Denver,25,23,48,23,30,0,53,101,NO,0,2,NO,Milwaukee,29,22,51,28,20,0,48,99,YES,3,0,YES,99,101,200,100.4,102.04,202.44,-7,203
1999,11-Dec,07:30PM,Sat,Chicago,26,26,52,23,12,0,35,87,YES,0,3,NO,Orlando,20,36,56,31,21,0,52,108,NO,3,3,YES,108,87,195,109.4,88.04,197.44,-12.5,192.5
1999,11-Dec,04:30PM,Sat,Portland,23,29,52,26,23,0,49,101,YES,1,4,NO,Sacramento,31,19,50,24,22,0,46,96,YES,3,0,NO,102,95,197,103.4,96.04,199.44,3,189
1999,11-Dec,06:30PM,Sat,Washington,24,24,48,23,28,0,51,99,NO,1,2,YES,San Antonio,22,22,44,24,21,0,45,89,YES,2,1,NO,92,96,188,93.4,97.04,190.44,-11.5,184
1999,11-Dec,08:00PM,Sat,Houston,23,20,43,15,36,0,51,94,NO,0,2,YES,New Jersey,32,23,55,26,25,0,51,106,NO,3,0,YES,98,102,200,99.4,103.04,202.44,-5.5,194
1999,12-Dec,01:00PM,Sun,Utah,18,20,38,34,31,0,65,103,YES,1,1,NO,Toronto,15,15,30,27,31,0,58,88,NO,1,1,NO,68,123,191,69.4,124.04,193.44,2,185
1999,12-Dec,03:30PM,Sun,Detroit,25,26,51,13,29,0,42,93,YES,1,1,NO,LAL,25,33,58,19,24,0,43,101,NO,1,0,YES,109,85,194,110.4,86.04,196.44,-7,194.5
1999,12-Dec,07:00PM,Sun,Boston,26,17,43,18,36,0,54,97,YES,1,1,NO,New York,24,31,55,18,26,0,44,99,YES,1,1,NO,98,98,196,99.4,99.04,198.44,-7,176.5
1999,13-Dec,04:30PM,Mon,Vancouver,22,27,49,26,15,0,41,90,YES,1,1,YES,LAC,29,30,59,25,18,0,43,102,YES,0,1,YES,108,84,192,109.4,85.04,194.44,-3,189
1999,14-Dec,06:00PM,Tue,New York,28,20,48,28,25,0,53,101,YES,1,1,NO,Houston,23,22,45,25,20,0,45,90,YES,0,2,YES,93,98,191,94.4,99.04,193.44,5.5,181
1999,14-Dec,04:00PM,Tue,Detroit,29,25,54,26,24,0,50,104,NO,1,1,NO,Phoenix,26,31,57,23,34,0,57,114,YES,2,2,YES,111,107,218,112.4,108.04,220.44,-4,202.5
1999,14-Dec,07:00PM,Tue,Denver,22,18,40,19,25,0,44,84,NO,2,1,YES,Seattle,22,28,50,35,24,0,59,109,NO,1,2,NO,90,103,193,91.4,104.04,195.44,-7.5,204
1999,14-Dec,07:00PM,Tue,Utah,25,18,43,29,29,0,58,101,NO,1,0,NO,Washington,26,18,44,13,23,0,36,80,NO,1,2,YES,87,94,181,88.4,95.04,183.44,5,183.5
1999,14-Dec,07:30PM,Tue,Minnesota,22,25,47,24,23,0,47,94,YES,2,0,NO,Atlanta,25,22,47,33,25,0,58,105,NO,1,2,YES,94,105,199,95.4,106.04,201.44,-6,201
1999,14-Dec,07:30PM,Tue,Boston,17,24,41,24,23,0,47,88,NO,1,0,YES,Cleveland,30,21,51,30,34,0,64,115,YES,0,2,NO,92,111,203,93.4,112.04,205.44,-5.5,207.5
1999,14-Dec,06:30PM,Tue,San Antonio,24,27,51,32,28,0,60,111,YES,2,0,YES,Dallas,25,21,46,24,23,0,47,93,NO,1,2,NO,97,107,204,98.4,108.04,206.44,6.5,191
1999,14-Dec,04:30PM,Tue,Miami,32,23,55,18,24,0,42,97,NO,2,1,YES,Golden State,29,22,51,32,19,0,51,102,NO,1,2,YES,106,93,199,107.4,94.04,201.44,7,190
1999,14-Dec,04:30PM,Tue,LAC,16,3,19,17,32,0,49,68,YES,0,2,YES,LAL,32,17,49,31,15,0,46,95,YES,1,1,NO,68,95,163,69.4,96.04,165.44,-13.5,185
1999,14-Dec,08:00PM,Tue,Indiana,28,24,52,24,21,0,45,97,YES,2,0,YES,Toronto,29,24,53,29,23,0,52,105,YES,0,1,NO,105,97,202,106.4,98.04,204.44,2,193
1999,15-Dec,07:00PM,Wed,Utah,17,23,40,27,29,0,56,96,NO,0,1,NO,Boston,21,14,35,28,23,0,51,86,YES,1,0,YES,75,107,182,76.4,108.04,184.44,4.5,187
1999,15-Dec,07:00PM,Wed,Chicago,22,21,43,22,26,0,48,91,NO,3,1,NO,Indiana,34,26,60,22,20,0,42,102,NO,1,0,YES,103,90,193,104.4,91.04,195.44,-14.5,188.5
1999,15-Dec,07:00PM,Wed,Sacramento,30,30,60,25,24,0,49,109,YES,3,0,NO,Vancouver,26,25,51,34,21,0,55,106,YES,2,1,YES,111,104,215,112.4,105.04,217.44,6,206
1999,15-Dec,07:30PM,Wed,Minnesota,29,22,51,19,28,0,47,98,NO,0,1,YES,Charlotte,27,31,58,18,27,0,45,103,NO,1,3,YES,109,92,201,110.4,93.04,203.44,-9,198
1999,15-Dec,07:30PM,Wed,Cleveland,26,21,47,21,33,0,54,101,YES,0,1,NO,New Jersey,29,28,57,30,24,0,54,111,YES,0,3,NO,104,108,212,105.4,109.04,214.44,-2,204
1999,15-Dec,07:30PM,Wed,Milwaukee,40,28,68,29,19,0,48,116,YES,3,0,NO,Orlando,17,35,52,27,20,0,47,99,NO,1,3,NO,120,95,215,121.4,96.04,217.44,1,211.5
1999,15-Dec,06:30PM,Wed,Houston,24,15,39,27,11,0,38,77,YES,0,2,YES,San Antonio,20,20,40,19,24,0,43,83,NO,1,0,YES,79,81,160,80.4,82.04,162.44,-13,189.5
1999,15-Dec,08:00PM,Wed,Toronto,29,26,55,14,22,0,36,91,YES,0,1,NO,Philadelphia,27,14,41,27,25,0,52,93,NO,1,3,NO,96,88,184,97.4,89.04,186.44,-3,184
1999,16-Dec,05:00PM,Thu,Sacramento,24,33,57,19,30,0,49,106,NO,0,1,NO,Denver,24,20,44,39,33,0,72,116,NO,1,1,YES,101,121,222,102.4,122.04,224.44,3.5,210
1999,16-Dec,07:00PM,Thu,Portland,28,21,49,30,28,0,58,107,NO,4,0,YES,Seattle,26,18,44,20,17,0,37,81,NO,1,1,NO,93,95,188,94.4,96.04,190.44,3,186
1999,16-Dec,07:00PM,Thu,New Jersey,31,28,59,21,24,0,45,104,YES,0,1,NO,Washington,32,20,52,24,32,0,56,108,YES,1,1,NO,111,101,212,112.4,102.04,214.44,-2.5,190
1999,16-Dec,07:30PM,Thu,LAL,24,26,50,26,19,0,45,95,YES,1,0,NO,Atlanta,22,23,45,18,25,0,43,88,NO,1,1,NO,95,88,183,96.4,89.04,185.44,4,192.5
1999,16-Dec,06:30PM,Thu,New York,18,25,43,32,25,0,57,100,NO,1,1,YES,Dallas,25,18,43,27,23,0,50,93,NO,1,1,NO,86,107,193,87.4,108.04,195.44,4,190
1999,16-Dec,04:30PM,Thu,Detroit,42,21,63,25,28,0,53,116,NO,1,1,YES,Golden State,26,27,53,25,30,0,55,108,YES,0,1,NO,116,108,224,117.4,109.04,226.44,0,0
1999,16-Dec,07:30PM,Thu,Milwaukee,23,24,47,23,26,0,49,96,NO,0,1,YES,Miami,23,26,49,26,20,0,46,95,NO,1,1,YES,96,95,191,97.4,96.04,193.44,-6,195
1999,17-Dec,07:00PM,Fri,Utah,14,16,30,28,16,0,44,74,NO,1,0,NO,Indiana,15,19,34,28,27,0,55,89,YES,0,1,NO,64,99,163,65.4,100.04,165.44,-1.5,187.5
1999,17-Dec,06:00PM,Fri,LAL,27,29,56,19,22,0,41,97,NO,0,1,NO,Minnesota,26,12,38,30,20,0,50,88,YES,0,1,YES,94,91,185,95.4,92.04,187.44,5,183.5
1999,17-Dec,07:00PM,Fri,Chicago,19,20,39,24,11,0,35,74,NO,1,0,YES,Philadelphia,23,25,48,14,15,0,29,77,YES,0,1,NO,87,64,151,88.4,65.04,153.44,-12,177.5
1999,17-Dec,04:00PM,Fri,Phoenix,19,32,51,36,23,0,59,110,YES,2,0,YES,Portland,27,26,53,23,26,0,49,102,YES,2,0,YES,104,108,212,105.4,109.04,214.44,-7.5,184
1999,17-Dec,07:30PM,Fri,Cleveland,24,21,45,15,26,0,41,86,NO,1,0,YES,Charlotte,31,15,46,29,24,0,53,99,YES,0,1,NO,91,94,185,92.4,95.04,187.44,-8,209
1999,17-Dec,04:30PM,Fri,Golden State,24,18,42,24,25,0,49,91,YES,0,2,YES,LAC,25,22,47,23,22,0,45,92,YES,1,2,YES,89,94,183,90.4,95.04,185.44,-6,0
1999,17-Dec,07:30PM,Fri,Toronto,29,37,66,16,16,0,32,98,NO,1,1,YES,Orlando,29,26,55,27,30,0,57,112,YES,0,1,NO,121,89,210,122.4,90.04,212.44,2.5,207
1999,17-Dec,06:30PM,Fri,Boston,22,20,42,19,33,0,52,94,YES,1,0,NO,San Antonio,24,28,52,24,27,0,51,103,YES,0,1,NO,94,103,197,95.4,104.04,199.44,-10.5,184
1999,18-Dec,01:00PM,Sat,Washington,19,25,44,29,22,0,51,95,YES,1,2,NO,New York,20,25,45,20,18,0,38,83,NO,1,1,YES,89,89,178,90.4,90.04,180.44,-7,180
1999,18-Dec,06:00PM,Sat,Minnesota,26,37,63,20,25,0,45,108,YES,0,1,NO,Dallas,24,32,56,22,26,0,48,104,NO,1,1,NO,119,93,212,120.4,94.04,214.44,-1,204
1999,18-Dec,05:00PM,Sat,San Antonio,22,16,38,20,26,0,46,84,YES,0,2,YES,Denver,11,24,35,24,27,0,51,86,NO,1,1,NO,73,97,170,74.4,98.04,172.44,4.5,188
1999,18-Dec,04:00PM,Sat,Sacramento,26,14,40,38,25,0,63,103,NO,1,1,NO,Phoenix,31,36,67,20,32,0,52,119,NO,1,0,YES,107,115,222,108.4,116.04,224.44,2,209
1999,18-Dec,07:00PM,Sat,Vancouver,17,29,46,17,26,0,43,89,YES,2,0,YES,Seattle,23,23,46,28,38,0,66,112,YES,1,1,NO,92,109,201,93.4,110.04,203.44,,
1999,18-Dec,07:30PM,Sat,Utah,25,20,45,30,31,0,61,106,NO,0,1,NO,Atlanta,26,24,50,27,19,0,46,96,YES,0,1,NO,95,107,202,96.4,108.04,204.44,-2,188
1999,18-Dec,06:30PM,Sat,Orlando,24,14,38,25,20,0,45,83,YES,0,1,YES,Chicago,20,17,37,16,21,0,37,74,NO,1,0,YES,75,82,157,76.4,83.04,159.44,6,191.5
1999,18-Dec,07:30PM,Sat,New Jersey,30,16,46,27,25,0,52,98,NO,1,0,YES,Cleveland,21,22,43,9,22,0,31,74,NO,1,0,YES,89,83,172,90.4,84.04,174.44,-5.5,207.5
1999,18-Dec,07:30PM,Sat,Philadelphia,25,21,46,19,26,0,45,91,YES,0,1,YES,Detroit,30,32,62,21,21,0,42,104,YES,1,1,YES,108,87,195,109.4,88.04,197.44,-5,188
1999,18-Dec,06:30PM,Sat,Boston,23,16,39,27,28,0,55,94,NO,0,1,YES,Houston,19,26,45,31,24,0,55,100,NO,2,2,YES,84,110,194,85.4,111.04,196.44,-2,197
1999,18-Dec,07:30PM,Sat,Charlotte,22,23,45,25,36,0,61,106,YES,0,1,NO,Miami,14,36,50,17,22,0,39,89,YES,1,1,NO,95,100,195,96.4,101.04,197.44,-4.5,188
1999,18-Dec,06:30PM,Sat,Indiana,32,20,52,25,18,0,43,95,YES,0,2,YES,Milwaukee,25,31,56,24,29,0,53,109,YES,1,1,YES,108,96,204,109.4,97.04,206.44,-2.5,200
1999,19-Dec,03:00PM,Sun,LAL,30,22,52,21,21,0,42,94,NO,1,0,NO,Toronto,17,17,34,22,32,0,54,88,NO,1,1,YES,86,96,182,87.4,97.04,184.44,5,184.5
1999,19-Dec,06:00PM,Sun,Atlanta,24,32,56,17,15,0,32,88,YES,0,2,NO,New Jersey,30,24,54,19,23,0,42,96,YES,1,0,YES,110,74,184,111.4,75.04,186.44,-3,200
1999,19-Dec,06:00PM,Sun,LAC,22,17,39,28,17,0,45,84,YES,1,2,NO,Vancouver,22,17,39,26,20,0,46,85,NO,3,0,YES,78,91,169,79.4,92.04,171.44,-5,192
1999,20-Dec,07:00PM,Mon,LAL,27,17,44,23,32,0,55,99,NO,0,4,YES,Boston,18,25,43,26,21,0,47,90,NO,1,1,YES,87,102,189,88.4,103.04,191.44,6.5,186
1999,20-Dec,05:00PM,Mon,Portland,22,24,46,19,23,0,42,88,YES,2,0,NO,Denver,21,23,44,29,24,0,53,97,YES,2,1,NO,90,95,185,91.4,96.04,187.44,6.5,185
1999,20-Dec,07:00PM,Mon,Detroit,31,32,63,23,24,11,47,110,YES,1,0,YES,Philadelphia,25,29,54,28,28,12,56,110,YES,2,1,YES,117,103,220,118.4,104.04,222.44,-3,188
1999,20-Dec,04:00PM,Mon,Milwaukee,31,22,53,28,20,0,48,101,YES,1,0,NO,Phoenix,29,28,57,26,25,0,51,108,YES,0,1,NO,110,99,209,111.4,100.04,211.44,-1.5,210.5
1999,20-Dec,06:30PM,Mon,Seattle,30,27,57,14,22,0,36,93,YES,1,0,NO,Chicago,23,30,53,19,12,0,31,84,NO,1,1,NO,110,67,177,111.4,68.04,179.44,8.5,184
1999,20-Dec,07:30PM,Mon,Minnesota,16,25,41,27,32,0,59,100,NO,1,1,NO,Cleveland,30,22,52,21,21,0,42,94,NO,1,1,NO,93,101,194,94.4,102.04,196.44,-4.5,204
1999,20-Dec,06:30PM,Mon,Miami,27,30,57,19,16,0,35,92,YES,1,1,YES,Dallas,28,17,45,24,20,0,44,89,YES,2,1,NO,102,79,181,103.4,80.04,183.44,4.5,193.5
1999,20-Dec,04:30PM,Mon,Sacramento,27,25,52,24,23,0,47,99,NO,1,0,YES,Golden State,37,25,62,32,17,0,49,111,NO,1,2,YES,114,96,210,115.4,97.04,212.44,0,0
1999,20-Dec,07:30PM,Mon,Charlotte,25,26,51,23,23,12,46,97,NO,1,2,YES,New York,17,29,46,27,24,15,51,97,NO,1,1,NO,97,97,194,98.4,98.04,196.44,-2,183
1999,20-Dec,07:30PM,Mon,Utah,25,30,55,27,20,0,47,102,NO,1,1,NO,Orlando,25,25,50,34,20,0,54,104,YES,1,1,YES,105,101,206,106.4,102.04,208.44,4.5,193
1999,21-Dec,07:00PM,Tue,Seattle,24,22,46,24,33,0,57,103,NO,0,1,NO,Indiana,26,29,55,30,28,0,58,113,NO,3,2,YES,101,115,216,102.4,116.04,218.44,-6.5,198.5
1999,21-Dec,06:00PM,Tue,Phoenix,23,18,41,25,14,10,39,80,YES,0,1,YES,San Antonio,24,24,48,12,20,11,32,80,NO,1,2,YES,89,71,160,90.4,72.04,162.44,-8.5,191
1999,21-Dec,07:00PM,Tue,New Jersey,24,21,45,22,20,0,42,87,YES,1,1,YES,Toronto,43,32,75,23,18,0,41,116,YES,0,1,NO,120,83,203,121.4,84.04,205.44,-4.5,191.5
1999,21-Dec,07:30PM,Tue,Washington,26,25,51,24,22,0,46,97,NO,2,1,NO,Detroit,19,24,43,20,20,0,40,83,NO,4,0,YES,94,86,180,95.4,87.04,182.44,-5,202
1999,21-Dec,06:30PM,Tue,Portland,27,19,46,26,17,0,43,89,NO,0,1,YES,Houston,24,21,45,23,11,0,34,79,NO,1,2,NO,91,77,168,92.4,78.04,170.44,8,186
1999,21-Dec,04:30PM,Tue,Milwaukee,23,23,46,21,28,0,49,95,NO,0,1,NO,Sacramento,34,27,61,26,21,0,47,108,YES,1,0,YES,107,96,203,108.4,97.04,205.44,0,0
1999,22-Dec,07:00PM,Wed,Atlanta,14,18,32,23,26,0,49,81,NO,2,0,YES,Boston,28,22,50,29,19,0,48,98,YES,3,1,NO,82,97,179,83.4,98.04,181.44,-3,200.5
1999,22-Dec,06:30PM,Wed,Minnesota,31,16,47,36,23,0,59,106,NO,1,0,YES,Chicago,19,22,41,16,29,0,45,86,YES,3,1,NO,88,104,192,89.4,105.04,194.44,8.5,179
1999,22-Dec,07:30PM,Wed,Orlando,22,27,49,23,31,0,54,103,YES,1,0,NO,Cleveland,27,24,51,28,18,0,46,97,YES,0,1,NO,100,100,200,101.4,101.04,202.44,-4,210.5
1999,22-Dec,04:30PM,Wed,LAC,30,16,46,31,26,0,57,103,NO,2,0,YES,Golden State,21,27,48,22,29,0,51,99,YES,0,1,NO,94,108,202,95.4,109.04,204.44,-7.5,192
1999,22-Dec,07:30PM,Wed,Toronto,31,14,45,17,28,0,45,90,YES,0,3,NO,New York,23,25,48,22,21,0,43,91,YES,2,1,NO,93,88,181,94.4,89.04,183.44,-4.5,186
1999,22-Dec,08:00PM,Wed,Utah,20,20,40,19,13,0,32,72,NO,1,4,YES,Miami,12,22,34,24,16,0,40,74,YES,3,1,YES,74,72,146,75.4,73.04,148.44,-1.5,180
1999,23-Dec,06:00PM,Thu,Seattle,27,33,60,18,24,0,42,102,NO,1,2,YES,Minnesota,26,26,52,27,30,0,57,109,YES,3,0,YES,112,99,211,113.4,100.04,213.44,-3,197.5
1999,23-Dec,04:00PM,Thu,Dallas,26,31,57,19,35,0,54,111,YES,2,2,NO,Phoenix,31,29,60,20,30,0,50,110,NO,2,1,YES,117,104,221,118.4,105.04,223.44,-7.5,209
1999,23-Dec,04:00PM,Thu,Golden State,18,19,37,27,27,0,54,91,YES,0,2,NO,Portland,25,29,54,32,25,0,57,111,NO,4,1,YES,91,111,202,92.4,112.04,204.44,-13,190
1999,23-Dec,07:00PM,Thu,Denver,20,29,49,21,21,0,42,91,YES,2,2,YES,Vancouver,24,22,46,29,18,0,47,93,YES,2,3,NO,95,89,184,96.4,90.04,186.44,2.5,195
1999,23-Dec,07:30PM,Thu,Cleveland,32,16,48,23,19,0,42,90,YES,0,2,YES,Atlanta,25,41,66,18,24,0,42,108,YES,3,0,YES,114,84,198,115.4,85.04,200.44,-5.5,205
1999,23-Dec,07:30PM,Thu,Orlando,33,24,57,27,26,0,53,110,NO,0,3,YES,Charlotte,23,32,55,27,24,0,51,106,YES,2,2,YES,112,104,216,113.4,105.04,218.44,-6.5,205
1999,23-Dec,06:30PM,Thu,Washington,21,29,50,22,17,0,39,89,NO,1,2,YES,Houston,25,27,52,24,29,0,53,105,YES,2,1,NO,102,92,194,103.4,93.04,196.44,-1,189
1999,23-Dec,04:30PM,Thu,Sacramento,29,16,45,29,17,0,46,91,YES,1,2,YES,LAC,22,29,51,27,19,0,46,97,NO,2,0,YES,96,92,188,97.4,93.04,190.44,7,203
1999,23-Dec,07:30PM,Thu,Philadelphia,22,21,43,21,30,0,51,94,YES,2,2,NO,New Jersey,31,22,53,21,25,0,46,99,NO,2,1,YES,96,97,193,97.4,98.04,195.44,-2.5,185
1999,23-Dec,06:30PM,Thu,Milwaukee,26,19,45,30,19,0,49,94,NO,1,2,YES,San Antonio,24,20,44,24,23,0,47,91,YES,1,1,NO,89,96,185,90.4,97.04,187.44,-6.5,188
1999,25-Dec,03:30PM,Sat,San Antonio,17,25,42,25,26,0,51,93,YES,1,1,NO,LAL,20,30,50,21,28,0,49,99,NO,1,4,YES,92,100,192,93.4,101.04,194.44,-6,178.5
1999,25-Dec,07:00PM,Sat,New York,28,22,50,14,26,0,40,90,YES,2,2,NO,Indiana,22,28,50,23,28,0,51,101,YES,1,3,NO,100,91,191,101.4,92.04,193.44,-5.5,182.5
1999,26-Dec,10:00AM,Sun,Boston,18,24,42,34,24,0,58,100,YES,3,1,NO,LAC,31,17,48,20,35,0,55,103,YES,1,2,NO,90,113,203,91.4,114.04,205.44,3,191
1999,26-Dec,01:00PM,Sun,Houston,21,21,42,24,26,0,50,92,YES,2,1,YES,Washington,29,20,49,31,23,0,54,103,YES,2,2,YES,91,104,195,92.4,105.04,197.44,-5.5,192
1999,26-Dec,05:00PM,Sun,Philadelphia,24,26,50,20,22,0,42,92,NO,2,0,NO,Seattle,21,26,47,19,20,0,39,86,YES,1,2,YES,97,81,178,98.4,82.04,180.44,-6,191
1999,26-Dec,06:00PM,Sun,Charlotte,30,31,61,18,17,0,35,96,YES,2,0,YES,Detroit,22,38,60,27,27,0,54,114,YES,2,4,NO,121,89,210,122.4,90.04,212.44,-3,205
1999,26-Dec,03:00PM,Sun,Golden State,24,20,44,20,24,0,44,88,NO,2,0,YES,Phoenix,27,23,50,31,27,0,58,108,YES,0,2,NO,94,102,196,95.4,103.04,198.44,-10,207
1999,26-Dec,03:00PM,Sun,Dallas,23,26,49,29,33,0,62,111,NO,2,0,NO,Sacramento,39,31,70,27,21,0,48,118,NO,1,2,YES,119,110,229,120.4,111.04,231.44,-8,214
1999,26-Dec,05:00PM,Sun,Vancouver,23,34,57,12,17,0,29,86,YES,2,0,YES,Denver,27,29,56,29,24,0,53,109,NO,1,2,YES,113,82,195,114.4,83.04,197.44,-9,193
1999,26-Dec,07:30PM,Sun,Toronto,20,26,46,25,27,0,52,98,NO,3,1,NO,Cleveland,16,24,40,28,27,0,55,95,NO,2,2,YES,86,107,193,87.4,108.04,195.44,-2,202.5
1999,26-Dec,06:30PM,Sun,Miami,24,18,42,23,20,0,43,85,YES,3,1,YES,Milwaukee,26,31,57,15,21,0,36,93,YES,2,2,YES,99,79,178,100.4,80.04,180.44,-2,189
1999,26-Dec,08:00PM,Sun,Chicago,18,16,34,22,20,0,42,76,YES,3,0,YES,New Jersey,32,23,55,25,23,0,48,103,NO,1,2,NO,89,90,179,90.4,91.04,181.44,-11.5,183
1999,27-Dec,05:00PM,Mon,Phoenix,17,31,48,20,23,0,43,91,YES,0,1,NO,Utah,27,19,46,26,20,0,46,92,NO,1,4,YES,94,89,183,95.4,90.04,185.44,-7,191
1999,27-Dec,07:00PM,Mon,Philadelphia,25,25,50,21,29,0,50,100,NO,0,1,NO,Vancouver,20,28,48,23,22,0,45,93,YES,1,0,YES,98,95,193,99.4,96.04,195.44,4,183
1999,27-Dec,07:30PM,Mon,Atlanta,18,25,43,33,28,0,61,104,YES,3,1,YES,Charlotte,32,26,58,28,22,0,50,108,NO,1,0,YES,101,111,212,102.4,112.04,214.44,-4.5,200.5
1999,27-Dec,06:30PM,Mon,Indiana,34,23,57,27,19,0,46,103,YES,1,1,NO,Chicago,16,24,40,29,22,0,51,91,NO,1,0,YES,97,97,194,98.4,98.04,196.44,11,183
1999,27-Dec,04:30PM,Mon,San Antonio,26,28,54,22,29,0,51,105,NO,1,2,NO,Golden State,24,16,40,27,16,0,43,83,NO,1,0,YES,94,94,188,95.4,95.04,190.44,9,188
1999,27-Dec,04:30PM,Mon,Dallas,19,29,48,23,35,0,58,106,NO,0,2,YES,LAL,31,21,52,26,30,0,56,108,NO,1,1,NO,100,114,214,101.4,115.04,216.44,-13,198
1999,27-Dec,07:30PM,Mon,Minnesota,29,30,59,28,20,0,48,107,YES,3,0,NO,Orlando,26,30,56,23,26,0,49,105,NO,1,3,YES,115,97,212,116.4,98.04,214.44,-7,207
1999,28-Dec,02:00PM,Tue,Boston,20,29,49,19,33,0,52,101,NO,1,1,NO,Sacramento,25,35,60,28,26,0,54,114,YES,0,1,NO,109,106,215,110.4,107.04,217.44,-6,210
1999,28-Dec,05:00PM,Tue,LAC,20,26,46,40,19,0,59,105,YES,1,1,NO,Denver,31,33,64,29,35,0,64,128,NO,1,1,NO,110,123,233,111.4,124.04,235.44,-9,192
1999,28-Dec,04:00PM,Tue,Seattle,22,31,53,16,20,0,36,89,YES,1,0,YES,Portland,27,24,51,20,23,0,43,94,NO,1,4,NO,104,79,183,105.4,80.04,185.44,-7.5,190
1999,28-Dec,06:30PM,Tue,Toronto,31,20,51,19,30,0,49,100,NO,1,1,NO,Houston,19,31,50,22,27,0,49,99,NO,1,1,YES,101,98,199,102.4,99.04,201.44,3.5,196
1999,28-Dec,07:30PM,Tue,Minnesota,28,21,49,14,15,0,29,78,NO,0,1,YES,Miami,22,19,41,29,19,0,48,89,YES,0,1,YES,90,77,167,91.4,78.04,169.44,-4,184
1999,28-Dec,07:30PM,Tue,New York,22,22,44,17,22,0,39,83,NO,2,1,NO,New Jersey,23,22,45,25,19,0,44,89,NO,1,1,NO,89,83,172,90.4,84.04,174.44,2.5,182
1999,29-Dec,02:00PM,Wed,Indiana,28,12,40,40,36,0,76,116,NO,1,0,YES,Atlanta,27,23,50,10,29,0,39,89,YES,0,1,YES,90,115,205,91.4,116.04,207.44,2,201.5
1999,29-Dec,07:00PM,Wed,Sacramento,33,18,51,29,33,0,62,113,YES,0,5,NO,Seattle,22,25,47,33,24,0,57,104,YES,5,0,YES,98,119,217,99.4,120.04,219.44,-3,209
1999,29-Dec,05:00PM,Wed,Vancouver,23,18,41,28,21,0,49,90,YES,1,0,YES,Utah,20,25,45,30,26,0,56,101,NO,4,1,NO,86,105,191,87.4,106.04,193.44,-12,184
1999,29-Dec,07:30PM,Wed,Milwaukee,31,28,59,25,21,0,46,105,YES,2,0,YES,Charlotte,27,35,62,28,19,0,47,109,YES,0,1,NO,121,93,214,122.4,94.04,216.44,-2,208
1999,29-Dec,06:30PM,Wed,Detroit,18,24,42,28,21,0,49,91,YES,2,0,YES,Chicago,19,12,31,21,25,0,46,77,YES,0,1,NO,73,95,168,74.4,96.04,170.44,10.5,193
1999,29-Dec,07:30PM,Wed,Washington,31,15,46,29,19,0,48,94,YES,2,0,YES,Cleveland,31,21,52,24,20,0,44,96,YES,0,2,NO,98,92,190,99.4,93.04,192.44,-2.5,198
1999,29-Dec,04:30PM,Wed,Philadelphia,23,26,49,27,21,0,48,97,NO,1,0,NO,Golden State,19,28,47,23,24,0,47,94,YES,4,1,NO,96,95,191,97.4,96.04,193.44,5,192
1999,29-Dec,04:30PM,Wed,Phoenix,24,28,52,17,18,0,35,87,NO,1,5,YES,LAL,26,31,57,22,24,0,46,103,YES,5,1,NO,109,81,190,110.4,82.04,192.44,-7.5,193
1999,29-Dec,08:00PM,Wed,Miami,26,30,56,27,26,0,53,109,YES,0,3,YES,Orlando,24,30,54,25,27,0,52,106,YES,0,1,NO,110,105,215,111.4,106.04,217.44,1,192
1999,30-Dec,06:00PM,Thu,San Antonio,19,28,47,25,26,0,51,98,NO,2,4,NO,Vancouver,22,13,35,28,25,0,53,88,YES,4,0,YES,82,104,186,83.4,105.04,188.44,9.5,185
1999,30-Dec,05:00PM,Thu,Boston,30,19,49,27,26,0,53,102,NO,1,3,YES,Denver,21,23,44,24,26,0,50,94,YES,3,1,NO,93,103,196,94.4,104.04,198.44,-6,200
1999,30-Dec,07:00PM,Thu,Charlotte,28,19,47,24,28,0,52,99,YES,0,4,NO,Indiana,31,19,50,37,22,0,59,109,NO,4,0,YES,97,111,208,98.4,112.04,210.44,-7,206
1999,30-Dec,06:00PM,Thu,Cleveland,29,18,47,23,20,0,43,90,YES,0,3,NO,Milwaukee,23,22,45,16,30,0,46,91,YES,3,0,YES,92,89,181,93.4,90.04,183.44,-7.5,206
1999,30-Dec,06:00PM,Thu,Chicago,19,18,37,19,20,0,39,76,YES,0,3,YES,Minnesota,32,22,54,20,20,0,40,94,NO,4,1,YES,91,79,170,92.4,80.04,172.44,-14.5,185
1999,30-Dec,04:00PM,Thu,Philadelphia,14,27,41,25,24,0,49,90,NO,0,3,YES,Portland,35,21,56,22,30,0,52,108,YES,3,1,NO,97,101,198,98.4,102.04,200.44,-9,180
1999,30-Dec,07:00PM,Thu,New York,27,15,42,24,23,0,47,89,NO,1,4,YES,Washington,25,18,43,21,22,0,43,86,NO,3,0,YES,85,90,175,86.4,91.04,177.44,4,181
1999,30-Dec,06:30PM,Thu,Toronto,32,19,51,26,32,0,58,109,NO,1,4,YES,Dallas,26,26,52,22,30,0,52,104,YES,4,2,YES,103,110,213,104.4,111.04,215.44,2,208
1999,30-Dec,07:30PM,Thu,Atlanta,32,24,56,25,16,8,41,97,YES,0,4,NO,Detroit,23,35,58,20,19,9,39,97,YES,3,0,YES,114,80,194,115.4,81.04,196.44,-8,204
1999,30-Dec,06:30PM,Thu,LAC,23,28,51,26,23,0,49,100,NO,1,4,YES,Houston,36,27,63,36,23,0,59,122,NO,4,1,NO,114,108,222,115.4,109.04,224.44,-5.5,193
1999,30-Dec,07:30PM,Thu,Orlando,28,22,50,26,16,0,42,92,YES,0,2,NO,New Jersey,29,25,54,25,23,0,48,102,YES,4,1,NO,104,90,194,105.4,91.04,196.44,-5,206
2000,2-Jan,07:30PM,Sun,Orlando,24,32,56,21,19,7,40,96,NO,2,0,YES,Miami,18,31,49,15,32,15,47,96,NO,1,3,YES,105,87,192,105.69,88.43,194.11,-5.5,196
2000,3-Jan,07:00PM,Mon,Cleveland,34,24,58,20,20,0,40,98,NO,3,0,YES,Boston,28,30,58,29,18,0,47,105,YES,0,3,YES,116,87,203,116.69,88.43,205.11,-6.5,201
2000,3-Jan,07:00PM,Mon,Milwaukee,29,29,58,31,26,5,57,115,YES,3,0,YES,Philadelphia,27,25,52,31,32,9,63,115,NO,1,3,YES,110,120,230,110.69,121.43,232.11,1.5,191
2000,3-Jan,05:00PM,Mon,Denver,16,31,47,30,12,0,42,89,YES,3,0,YES,Utah,27,29,56,26,27,0,53,109,NO,1,4,NO,103,95,198,103.69,96.43,200.11,-8,188
2000,3-Jan,07:00PM,Mon,Golden State,27,24,51,20,16,0,36,87,YES,4,1,NO,Washington,28,28,56,25,18,0,43,99,YES,1,3,NO,107,79,186,107.69,80.43,188.11,-7.5,196
2000,3-Jan,06:30PM,Mon,Portland,24,23,47,22,19,0,41,88,YES,3,0,NO,Chicago,12,16,28,13,22,0,35,63,NO,1,3,YES,75,76,151,75.69,77.43,153.11,14.5,177
2000,3-Jan,07:30PM,Mon,Detroit,34,23,57,34,27,0,61,118,YES,3,1,NO,Orlando,23,24,47,27,32,0,59,106,NO,1,0,YES,104,120,224,104.69,121.43,226.11,2.5,211.5
2000,4-Jan,05:00PM,Tue,Dallas,31,23,54,20,22,0,42,96,YES,4,1,YES,Denver,28,17,45,31,22,0,53,98,NO,1,0,YES,99,95,194,99.69,96.43,196.11,-6,210
2000,4-Jan,07:00PM,Tue,New Jersey,28,17,45,32,34,0,66,111,YES,4,2,YES,Indiana,30,33,63,31,22,0,53,116,YES,1,4,NO,108,119,227,108.69,120.43,229.11,0,0
2000,4-Jan,06:00PM,Tue,Atlanta,32,26,58,29,26,0,55,113,NO,4,0,YES,Milwaukee,22,29,51,37,28,0,65,116,YES,1,0,YES,109,120,229,109.69,121.43,231.11,-3.5,205
2000,4-Jan,06:00PM,Tue,San Antonio,21,29,50,24,14,0,38,88,NO,4,0,YES,Minnesota,24,18,42,33,16,0,49,91,NO,1,4,NO,92,87,179,92.69,88.43,181.11,3,183.5
2000,4-Jan,04:00PM,Tue,Charlotte,23,22,45,17,18,0,35,80,NO,4,0,NO,Phoenix,26,22,48,25,13,0,38,86,NO,2,5,YES,93,73,166,93.69,74.43,168.11,-4.5,209
2000,4-Jan,07:00PM,Tue,Portland,30,23,53,28,33,0,61,114,NO,0,1,NO,Toronto,26,26,52,16,22,0,38,90,NO,1,4,YES,105,99,204,105.69,100.43,206.11,4,186
2000,4-Jan,07:30PM,Tue,Sacramento,31,24,55,23,33,0,56,111,NO,5,1,NO,Cleveland,39,22,61,17,29,0,46,107,NO,1,0,YES,116,102,218,116.69,103.43,220.11,3,213
2000,4-Jan,06:30PM,Tue,Seattle,34,20,54,28,21,0,49,103,YES,5,0,NO,Houston,31,22,53,23,20,0,43,96,YES,1,4,NO,107,92,199,107.69,93.43,201.11,3.5,203
2000,4-Jan,04:30PM,Tue,LAL,24,35,59,37,26,0,63,122,YES,5,0,YES,LAC,29,32,61,18,19,0,37,98,YES,0,4,YES,120,100,220,120.69,101.43,222.11,13.5,186
2000,4-Jan,07:30PM,Tue,Vancouver,23,18,41,34,16,0,50,91,YES,4,0,NO,Miami,31,23,54,15,18,0,33,87,NO,1,1,NO,95,83,178,95.69,84.43,180.11,-11,185
2000,4-Jan,07:30PM,Tue,Boston,25,25,50,21,17,0,38,88,YES,0,2,YES,New York,33,16,49,23,24,0,47,96,YES,2,4,YES,99,85,184,99.69,86.43,186.11,-6.5,183.5
2000,5-Jan,04:00PM,Wed,Charlotte,22,25,47,25,24,0,49,96,NO,0,1,NO,Utah,33,27,60,29,29,0,58,118,YES,0,1,NO,107,107,214,107.69,108.43,216.11,-7.5,189
2000,5-Jan,07:00PM,Wed,Golden State,23,26,49,25,18,0,43,92,NO,1,0,NO,Philadelphia,29,33,62,23,28,0,51,113,NO,3,1,NO,111,94,205,111.69,95.43,207.11,-7,191
2000,5-Jan,07:30PM,Wed,Detroit,26,31,57,30,33,0,63,120,NO,1,0,YES,Atlanta,27,32,59,28,21,0,49,108,NO,1,0,YES,116,112,228,116.69,113.43,230.11,1.5,210
2000,5-Jan,06:30PM,Wed,Washington,18,18,36,16,14,0,30,66,YES,1,1,YES,Chicago,29,21,50,16,11,0,27,77,YES,1,1,NO,86,57,143,86.69,58.43,145.11,7.5,177
2000,5-Jan,04:30PM,Wed,LAC,31,21,52,21,28,0,49,101,YES,0,2,YES,LAL,29,23,52,27,39,0,66,118,NO,1,0,YES,104,115,219,104.69,116.43,221.11,-14,193
2000,5-Jan,07:30PM,Wed,Vancouver,29,16,45,28,23,0,51,96,NO,0,1,NO,Orlando,27,28,55,33,28,0,61,116,NO,1,1,NO,100,112,212,100.69,113.43,214.11,-8,204
2000,5-Jan,06:30PM,Wed,Seattle,31,20,51,22,26,0,48,99,NO,0,2,YES,San Antonio,23,21,44,27,25,0,52,96,YES,1,0,YES,95,100,195,95.69,101.43,197.11,-7,187
2000,6-Jan,05:00PM,Thu,Indiana,23,25,48,28,26,0,54,102,YES,1,1,NO,Denver,25,20,45,29,13,0,42,87,NO,1,1,NO,93,96,189,93.69,97.43,191.11,3.5,204.5
2000,6-Jan,06:00PM,Thu,Portland,27,22,49,26,21,0,47,96,NO,1,1,YES,Minnesota,20,27,47,23,28,0,51,98,YES,1,1,NO,96,98,194,96.69,99.43,196.11,4,183
2000,6-Jan,07:00PM,Thu,Sacramento,16,25,41,34,14,0,48,89,NO,1,0,NO,Toronto,30,25,55,21,25,0,46,101,YES,0,1,NO,96,94,190,96.69,95.43,192.11,-3,214
2000,6-Jan,07:30PM,Thu,Golden State,25,15,40,17,18,0,35,75,NO,0,2,YES,Cleveland,28,18,46,24,20,0,44,90,YES,1,1,NO,86,79,165,86.69,80.43,167.11,-8.5,206
2000,6-Jan,06:30PM,Thu,Utah,21,24,45,26,34,0,60,105,YES,0,1,NO,Dallas,18,22,40,27,25,0,52,92,NO,1,1,YES,85,112,197,85.69,113.43,199.11,6.5,196
2000,6-Jan,07:30PM,Thu,Milwaukee,31,16,47,28,20,0,48,95,YES,1,1,YES,Detroit,26,24,50,18,33,0,51,101,NO,1,0,YES,97,99,196,97.69,100.43,198.11,-2,215
2000,6-Jan,07:30PM,Thu,Houston,24,19,43,24,32,0,56,99,YES,1,1,YES,Miami,30,24,54,35,22,0,57,111,NO,1,1,NO,97,113,210,97.69,114.43,212.11,-10,189
2000,7-Jan,07:00PM,Fri,Sacramento,31,21,52,21,20,0,41,93,NO,0,1,YES,Boston,29,30,59,18,24,0,42,101,YES,0,2,YES,111,83,194,111.69,84.43,196.11,-4,210.5
2000,7-Jan,07:00PM,Fri,Chicago,24,25,49,28,33,0,61,110,YES,1,0,YES,Washington,30,28,58,15,30,0,45,103,YES,0,1,YES,107,106,213,107.69,107.43,215.11,-11.5,174
2000,7-Jan,07:30PM,Fri,Toronto,13,27,40,26,31,0,57,97,YES,0,1,YES,Atlanta,27,24,51,22,32,0,54,105,YES,0,1,NO,91,111,202,91.69,112.43,204.11,-2,202
2000,7-Jan,04:30PM,Fri,Charlotte,27,20,47,19,17,0,36,83,NO,1,0,NO,LAL,18,26,44,16,27,0,43,87,YES,0,1,NO,91,79,170,91.69,80.43,172.11,-9.5,195.5
2000,7-Jan,07:30PM,Fri,Vancouver,28,25,53,25,23,0,48,101,NO,1,1,NO,New Jersey,27,18,45,25,21,0,46,91,YES,0,2,YES,98,94,192,98.69,95.43,194.11,,
2000,7-Jan,08:00PM,Fri,New York,23,18,41,34,19,0,53,94,YES,2,0,YES,Orlando,22,18,40,24,22,0,46,86,YES,0,1,NO,81,99,180,81.69,100.43,182.11,2,194.5
2000,7-Jan,05:30PM,Fri,San Antonio,24,28,52,30,20,0,50,102,YES,1,0,YES,Phoenix,21,25,46,16,21,0,37,83,YES,0,2,NO,98,87,185,98.69,88.43,187.11,-2,186
2000,8-Jan,06:00PM,Sat,Atlanta,28,21,49,25,11,0,36,85,YES,0,5,NO,Dallas,18,28,46,22,27,0,49,95,YES,1,1,NO,95,85,180,95.69,86.43,182.11,-1.5,210
2000,8-Jan,05:00PM,Sat,Charlotte,30,18,48,28,16,0,44,92,NO,0,1,NO,Denver,27,21,48,23,26,0,49,97,YES,1,1,NO,96,93,189,96.69,94.43,191.11,-4,198
2000,8-Jan,04:00PM,Sat,Phoenix,20,27,47,21,23,0,44,91,YES,0,2,NO,Portland,20,15,35,30,31,0,61,96,NO,1,1,YES,82,105,187,82.69,106.43,189.11,-8.5,189
2000,8-Jan,07:00PM,Sat,LAL,28,21,49,34,27,0,61,110,YES,0,1,YES,Seattle,31,35,66,12,22,0,34,100,YES,0,2,YES,115,95,210,115.69,96.43,212.11,3,192
2000,8-Jan,06:30PM,Sat,Boston,15,19,34,23,22,0,45,79,YES,0,1,YES,Chicago,19,25,44,23,29,0,52,96,YES,2,0,YES,78,97,175,78.69,98.43,177.11,7,183
2000,8-Jan,07:30PM,Sat,Minnesota,28,27,55,23,32,0,55,110,YES,1,0,NO,Detroit,25,26,51,25,29,0,54,105,NO,3,1,NO,106,109,215,106.69,110.43,217.11,-3.5,204
2000,8-Jan,06:30PM,Sat,Utah,27,30,57,25,21,0,46,103,NO,1,1,NO,Houston,22,20,42,24,21,0,45,87,YES,2,1,YES,99,91,190,99.69,92.43,192.11,6.5,193
2000,8-Jan,04:30PM,Sat,Indiana,20,24,44,23,27,0,50,94,NO,1,0,NO,LAC,27,31,58,21,28,0,49,107,YES,1,2,YES,102,99,201,102.69,100.43,203.11,8.5,202.5
2000,8-Jan,07:30PM,Sat,New Jersey,23,20,43,31,16,0,47,90,YES,0,1,NO,Miami,24,20,44,21,24,0,45,89,YES,2,1,NO,87,92,179,87.69,93.43,181.11,-8,188
2000,8-Jan,07:30PM,Sat,Cleveland,23,21,44,23,22,0,45,89,YES,1,1,YES,New York,17,23,40,25,21,0,46,86,NO,2,0,YES,84,91,175,84.69,92.43,177.11,-6.5,186
2000,8-Jan,06:30PM,Sat,Orlando,16,26,42,19,31,0,50,92,YES,0,1,YES,San Antonio,41,34,75,29,23,0,52,127,NO,1,0,YES,117,102,219,117.69,103.43,221.11,-9,193
2000,8-Jan,07:00PM,Sat,Washington,27,33,60,21,24,24,45,105,YES,0,2,YES,Milwaukee,35,23,58,21,26,25,47,105,NO,1,1,YES,118,92,210,118.69,93.43,212.11,-8,199
2000,9-Jan,03:00PM,Sun,Vancouver,25,30,55,22,30,0,52,107,NO,1,0,NO,Toronto,26,18,44,27,26,0,53,97,YES,1,1,YES,99,105,204,99.69,106.43,206.11,-7.5,195
2000,9-Jan,03:00PM,Sun,Seattle,19,33,52,20,19,9,39,91,YES,0,1,YES,Golden State,26,27,53,18,20,4,38,91,NO,1,2,YES,105,77,182,105.69,78.43,184.11,6.5,200
2000,9-Jan,06:00PM,Sun,Minnesota,39,29,68,31,24,0,55,123,NO,0,1,YES,Philadelphia,19,31,50,25,37,0,62,112,NO,4,3,NO,118,117,235,118.69,118.43,237.11,-4,190
2000,9-Jan,03:00PM,Sun,Indiana,31,23,54,23,36,0,59,113,NO,0,2,YES,Sacramento,36,29,65,25,26,0,51,116,NO,1,1,YES,119,110,229,119.69,111.43,231.11,-2.5,212
2000,10-Jan,07:00PM,Mon,Vancouver,23,29,52,31,29,0,60,112,NO,0,1,YES,Boston,30,29,59,23,21,0,44,103,NO,1,1,YES,111,104,215,111.69,105.43,217.11,-7.5,198.5
2000,10-Jan,06:00PM,Mon,Charlotte,18,29,47,19,21,0,40,87,NO,1,4,NO,Milwaukee,31,38,69,31,37,0,68,137,NO,1,1,NO,116,108,224,116.69,109.43,226.11,-4,205
2000,10-Jan,04:00PM,Mon,Dallas,22,23,45,22,27,0,49,94,YES,1,0,NO,Portland,25,21,46,32,29,0,61,107,NO,1,1,NO,91,110,201,91.69,111.43,203.11,-12,196.5
2000,10-Jan,06:00PM,Mon,Utah,23,18,41,27,18,0,45,86,NO,1,2,YES,San Antonio,21,20,41,18,34,0,52,93,YES,2,1,NO,82,97,179,82.69,98.43,181.11,-5,180.5
2000,10-Jan,04:30PM,Mon,Denver,18,29,47,29,19,0,48,95,YES,1,1,YES,LAL,43,29,72,35,23,0,58,130,YES,1,1,YES,119,106,225,119.69,107.43,227.11,-12,193.5
2000,10-Jan,07:30PM,Mon,New Jersey,25,24,49,31,20,0,51,100,NO,1,2,YES,Orlando,30,25,55,15,24,0,39,94,YES,1,1,YES,104,90,194,104.69,91.43,196.11,-3.5,210.5
2000,10-Jan,07:30PM,Mon,LAC,18,29,47,38,21,0,59,106,YES,1,1,NO,Cleveland,27,22,49,28,34,0,62,111,YES,1,1,YES,96,121,217,96.69,122.43,219.11,-6.5,202
2000,11-Jan,06:00PM,Tue,Miami,27,30,57,28,31,0,59,116,YES,2,1,NO,Minnesota,23,24,47,26,33,0,59,106,NO,1,1,YES,104,118,222,104.69,119.43,224.11,-3,188.5
2000,11-Jan,07:00PM,Tue,Phoenix,25,20,45,17,26,0,43,88,NO,2,0,NO,Seattle,19,32,51,22,28,0,50,101,YES,0,1,YES,96,93,189,96.69,94.43,191.11,-3,201.5
2000,11-Jan,07:00PM,Tue,Toronto,10,23,33,29,27,0,56,89,YES,1,0,YES,Washington,20,36,56,29,32,0,61,117,YES,0,2,YES,89,117,206,89.69,118.43,208.11,3,193.5
2000,11-Jan,04:30PM,Tue,Dallas,34,19,53,28,28,0,56,109,NO,0,3,YES,Golden State,16,32,48,27,27,0,54,102,NO,1,1,NO,101,110,211,101.69,111.43,213.11,2.5,202
2000,11-Jan,07:30PM,Tue,Chicago,17,21,38,17,33,0,50,88,YES,2,2,YES,New York,24,28,52,28,15,0,43,95,YES,0,2,NO,90,93,183,90.69,94.43,185.11,-10,171
2000,11-Jan,04:30PM,Tue,Houston,19,22,41,28,24,0,52,93,YES,2,1,NO,Sacramento,27,21,48,33,29,0,62,110,NO,1,1,NO,89,114,203,89.69,115.43,205.11,-11,215
2000,12-Jan,07:00PM,Wed,LAC,23,19,42,21,25,0,46,88,NO,1,0,NO,Boston,18,23,41,25,29,0,54,95,YES,0,1,NO,83,100,183,83.69,101.43,185.11,-8.5,203.5
2000,12-Jan,05:00PM,Wed,Seattle,29,21,50,28,25,0,53,103,YES,0,1,YES,Denver,23,32,55,21,17,0,38,93,NO,1,1,YES,105,91,196,105.69,92.43,198.11,-4,200
2000,12-Jan,07:00PM,Wed,Washington,27,25,52,21,29,0,50,102,YES,0,1,NO,Indiana,27,28,55,25,37,0,62,117,NO,1,2,YES,107,112,219,107.69,113.43,221.11,-10.5,203
2000,12-Jan,06:00PM,Wed,LAL,26,30,56,21,26,0,47,103,YES,1,1,NO,Milwaukee,26,22,48,16,30,0,46,94,YES,1,1,NO,104,93,197,104.69,94.43,199.11,4.5,201
2000,12-Jan,04:00PM,Wed,Cleveland,25,19,44,21,10,0,31,75,YES,1,1,NO,Portland,21,30,51,22,22,0,44,95,YES,1,1,NO,95,75,170,95.69,76.43,172.11,-11,194
2000,12-Jan,07:00PM,Wed,Orlando,31,20,51,23,28,0,51,102,YES,1,1,NO,Toronto,24,30,54,26,28,0,54,108,NO,1,0,YES,105,105,210,105.69,106.43,212.11,-4.5,207
2000,12-Jan,07:00PM,Wed,Phoenix,27,28,55,20,20,0,40,95,NO,0,1,YES,Vancouver,27,23,50,21,21,0,42,92,NO,1,1,YES,105,82,187,105.69,83.43,189.11,3,195
2000,12-Jan,07:30PM,Wed,New York,33,21,54,19,35,0,54,108,YES,0,2,YES,Detroit,29,23,52,33,29,0,62,114,NO,1,3,NO,106,116,222,106.69,117.43,224.11,-5,191
2000,13-Jan,06:00PM,Thu,Boston,18,24,42,18,25,0,43,85,YES,0,1,NO,Minnesota,29,22,51,32,20,0,52,103,NO,1,1,NO,93,95,188,93.69,96.43,190.11,-9,200
2000,13-Jan,05:00PM,Thu,Miami,18,24,42,23,18,0,41,83,NO,1,0,NO,Utah,26,19,45,29,19,0,48,93,NO,1,2,YES,87,89,176,87.69,90.43,178.11,-5.5,180.5
2000,13-Jan,04:30PM,Thu,Houston,23,30,53,27,28,0,55,108,NO,1,1,NO,Golden State,24,29,53,22,25,0,47,100,NO,1,1,NO,106,102,208,106.69,103.43,210.11,-2.5,196.5
2000,13-Jan,07:30PM,Thu,LAC,26,24,50,26,29,0,55,105,NO,0,1,NO,New Jersey,27,29,56,29,25,0,54,110,NO,1,2,YES,106,109,215,106.69,110.43,217.11,-9,196
2000,13-Jan,04:30PM,Thu,San Antonio,30,31,61,23,19,0,42,103,YES,2,0,NO,Sacramento,26,28,54,27,26,0,53,107,YES,1,1,NO,115,95,210,115.69,96.43,212.11,1,197.5
2000,14-Jan,05:00PM,Fri,Miami,20,27,47,15,30,0,45,92,NO,0,1,NO,Denver,32,21,53,16,18,0,34,87,YES,1,1,NO,100,79,179,100.69,80.43,181.11,3.5,190
2000,14-Jan,07:00PM,Fri,Orlando,28,31,59,18,23,0,41,100,NO,1,0,YES,Philadelphia,27,19,46,22,34,0,56,102,YES,0,4,NO,105,97,202,105.69,98.43,204.11,-6,203
2000,14-Jan,07:00PM,Fri,San Antonio,15,27,42,27,16,0,43,85,NO,0,2,NO,Seattle,32,17,49,24,18,0,42,91,YES,2,1,YES,91,85,176,91.69,86.43,178.11,2.5,188
2000,14-Jan,07:00PM,Fri,Milwaukee,30,29,59,22,29,0,51,110,YES,1,0,YES,Toronto,38,20,58,24,33,0,57,115,YES,0,1,NO,117,108,225,117.69,109.43,227.11,-1.5,205
2000,14-Jan,07:00PM,Fri,Cleveland,26,20,46,21,15,0,36,82,NO,1,1,NO,Vancouver,20,22,42,16,22,0,38,80,NO,1,1,NO,88,74,162,88.69,75.43,164.11,-3.5,195.5
2000,14-Jan,06:30PM,Fri,Atlanta,20,19,39,26,24,0,50,89,NO,5,0,YES,Chicago,17,27,44,13,26,0,39,83,NO,0,2,YES,83,89,172,83.69,90.43,174.11,5,186.5
2000,14-Jan,08:00PM,Fri,Washington,22,27,49,22,27,0,49,98,NO,1,0,YES,Detroit,33,20,53,28,24,0,52,105,YES,0,1,NO,102,101,203,102.69,102.43,205.11,-8,207
2000,14-Jan,08:00PM,Fri,LAL,30,28,58,19,25,0,44,102,NO,1,0,NO,Indiana,33,24,57,18,36,0,54,111,YES,0,1,NO,115,98,213,115.69,99.43,215.11,2,199.5
2000,14-Jan,05:30PM,Fri,Portland,14,29,43,29,33,0,62,105,YES,1,0,NO,Phoenix,27,25,52,18,13,0,31,83,NO,1,1,YES,95,93,188,95.69,94.43,190.11,4,188
2000,15-Jan,06:00PM,Sat,Portland,17,26,43,28,34,0,62,105,NO,0,2,NO,Dallas,26,35,61,22,30,0,52,113,NO,1,3,YES,104,114,218,104.69,115.43,220.11,7.5,195
2000,15-Jan,06:00PM,Sat,LAL,30,27,57,23,24,0,47,104,NO,0,1,YES,Minnesota,20,29,49,31,11,0,42,91,NO,1,1,NO,106,89,195,106.69,90.43,197.11,3,197
2000,15-Jan,07:00PM,Sat,Detroit,26,25,51,26,35,0,61,112,YES,0,1,NO,Washington,31,30,61,22,24,0,46,107,NO,1,0,YES,112,107,219,112.69,108.43,221.11,2.5,206
2000,15-Jan,05:00PM,Sat,LAC,28,16,44,20,11,0,31,75,NO,1,1,YES,Utah,28,28,56,26,30,0,56,112,NO,3,1,NO,100,87,187,100.69,88.43,189.11,-11.5,194.5
2000,15-Jan,07:30PM,Sat,Philadelphia,26,26,52,25,24,0,49,101,YES,0,1,YES,Atlanta,27,26,53,14,31,0,45,98,NO,1,0,YES,105,94,199,105.69,95.43,201.11,-2,192
2000,15-Jan,06:30PM,Sat,Houston,37,18,55,10,28,0,38,93,NO,1,1,NO,Chicago,22,19,41,22,27,0,49,90,YES,2,0,NO,96,87,183,96.69,88.43,185.11,1.5,187
2000,15-Jan,04:30PM,Sat,Sacramento,29,34,63,27,24,0,51,114,YES,1,0,YES,Golden State,28,30,58,26,15,0,41,99,NO,1,1,NO,121,92,213,121.69,93.43,215.11,7.5,212
2000,15-Jan,06:30PM,Sat,Toronto,18,25,43,26,28,0,54,97,YES,0,1,NO,Milwaukee,42,19,61,27,30,0,57,118,YES,1,0,YES,104,111,215,104.69,112.43,217.11,-6.5,207
2000,15-Jan,07:30PM,Sat,Boston,24,21,45,25,29,0,54,99,NO,1,1,NO,New Jersey,29,18,47,23,26,0,49,96,YES,1,1,NO,92,103,195,92.69,104.43,197.11,-6,194
2000,15-Jan,07:30PM,Sat,Indiana,25,27,52,17,27,0,44,96,YES,0,1,NO,Orlando,22,24,46,29,14,0,43,89,YES,1,0,YES,98,87,185,98.69,88.43,187.11,4.5,211
2000,15-Jan,08:00PM,Sat,Charlotte,13,24,37,24,18,0,42,79,NO,4,1,YES,New York,28,24,52,11,28,0,39,91,NO,1,2,YES,89,81,170,89.69,82.43,172.11,-5.5,187
2000,16-Jan,12:00PM,Sun,Miami,25,21,46,19,29,0,48,94,NO,1,1,YES,Vancouver,31,14,45,20,18,0,38,83,NO,3,1,NO,91,86,177,91.69,87.43,179.11,7,187.5
2000,16-Jan,03:00PM,Sun,Denver,19,36,55,31,14,0,45,100,YES,1,3,NO,Phoenix,34,27,61,30,22,0,52,113,YES,4,1,NO,116,97,213,116.69,98.43,215.11,-8.5,0
2000,16-Jan,03:00PM,Sun,Cleveland,26,27,53,27,22,0,49,102,NO,1,1,NO,Sacramento,37,32,69,18,26,0,44,113,NO,1,0,YES,122,93,215,122.69,94.43,217.11,-7,211
2000,17-Jan,09:30AM,Mon,Seattle,28,18,46,20,16,0,36,82,YES,2,0,YES,LAL,25,20,45,17,19,0,36,81,NO,1,1,YES,91,72,163,91.69,73.43,165.11,-8,199.5
2000,17-Jan,10:00AM,Mon,Orlando,30,21,51,25,24,0,49,100,YES,1,2,NO,Golden State,26,26,52,23,38,0,61,113,NO,3,1,NO,103,110,213,103.69,111.43,215.11,4.5,209
2000,17-Jan,01:00PM,Mon,Boston,23,24,47,31,27,0,58,105,NO,1,1,YES,Washington,28,23,51,23,27,0,50,101,NO,1,1,NO,98,108,206,98.69,109.43,208.11,-1.5,0
2000,17-Jan,02:00PM,Mon,Milwaukee,31,21,52,29,26,0,55,107,YES,1,1,NO,Atlanta,24,30,54,19,28,0,47,101,YES,1,1,NO,106,102,208,106.69,103.43,210.11,1,210.5
2000,17-Jan,02:00PM,Mon,New Jersey,29,19,48,28,20,0,48,96,YES,1,1,NO,Philadelphia,31,26,57,25,19,0,44,101,NO,1,1,YES,105,92,197,105.69,93.43,199.11,-5,192
2000,17-Jan,04:00PM,Mon,Detroit,24,19,43,25,26,0,51,94,NO,1,2,NO,New York,19,32,51,28,26,0,54,105,NO,1,1,NO,94,105,199,94.69,106.43,201.11,-4.5,193
2000,17-Jan,06:00PM,Mon,Indiana,28,20,48,29,23,0,52,100,NO,1,1,YES,Minnesota,29,16,45,22,34,0,56,101,YES,1,1,NO,93,108,201,93.69,109.43,203.11,1.5,202
2000,17-Jan,07:30PM,Mon,Toronto,30,20,50,20,24,0,44,94,NO,1,1,NO,Charlotte,28,20,48,40,27,0,67,115,YES,1,1,YES,98,111,209,98.69,112.43,211.11,-6.5,198.5
2000,17-Jan,06:30PM,Mon,Houston,35,25,60,30,31,0,61,121,NO,1,0,YES,Dallas,22,20,42,40,29,0,69,111,YES,1,1,NO,102,130,232,102.69,131.43,234.11,-5,208.5
2000,17-Jan,04:30PM,Mon,San Antonio,27,31,58,23,18,0,41,99,NO,2,1,YES,LAC,33,19,52,23,18,0,41,93,YES,0,1,YES,110,82,192,110.69,83.43,194.11,9.5,189
2000,18-Jan,06:00PM,Tue,Portland,23,24,47,24,18,0,42,89,NO,2,0,NO,Houston,22,21,43,30,17,0,47,90,NO,1,0,YES,90,89,179,90.69,90.43,181.11,8,192.5
2000,18-Jan,07:00PM,Tue,Cleveland,15,25,40,27,13,0,40,80,NO,1,0,NO,Seattle,29,17,46,26,27,0,53,99,YES,1,0,YES,86,93,179,86.69,94.43,181.11,-5,197.5
2000,18-Jan,07:30PM,Tue,Chicago,12,23,35,15,30,12,45,80,YES,2,0,YES,Miami,20,18,38,22,20,5,42,80,NO,2,1,YES,73,87,160,73.69,88.43,162.11,-12,179
2000,18-Jan,04:30PM,Tue,LAC,22,25,47,25,26,0,51,98,YES,0,2,YES,Sacramento,25,32,57,30,17,0,47,104,NO,1,1,NO,104,98,202,104.69,99.43,204.11,-12.5,214
2000,19-Jan,07:00PM,Wed,Toronto,26,27,53,22,15,0,37,90,NO,1,3,YES,Boston,26,23,49,13,32,0,45,94,NO,1,1,YES,102,82,184,102.69,83.43,186.11,-2.5,201
2000,19-Jan,07:00PM,Wed,Milwaukee,27,27,54,16,14,0,30,84,NO,1,0,YES,Indiana,32,29,61,17,28,0,45,106,YES,1,1,YES,115,75,190,115.69,76.43,192.11,-6.5,212
2000,19-Jan,07:00PM,Wed,Atlanta,27,22,49,12,28,0,40,89,YES,1,1,NO,Philadelphia,30,28,58,29,20,0,49,107,YES,0,1,NO,107,89,196,107.69,90.43,198.11,-3,195.5
2000,19-Jan,05:00PM,Wed,Minnesota,31,17,48,18,25,0,43,91,YES,1,1,NO,Utah,19,26,45,18,25,0,43,88,YES,0,3,NO,93,86,179,93.69,87.43,181.11,-8,191.5
2000,19-Jan,07:00PM,Wed,Dallas,23,25,48,34,22,0,56,104,YES,1,2,NO,Washington,17,30,47,18,21,0,39,86,NO,1,1,NO,95,95,190,95.69,96.43,192.11,1,206.5
2000,19-Jan,06:30PM,Wed,Charlotte,29,24,53,19,24,0,43,96,YES,1,0,YES,Chicago,15,28,43,16,27,0,43,86,NO,2,0,YES,96,86,182,96.69,87.43,184.11,8.5,182
2000,19-Jan,04:30PM,Wed,Cleveland,24,26,50,23,13,0,36,86,NO,0,1,NO,LAL,21,21,42,25,28,0,53,95,NO,2,1,NO,92,89,181,92.69,90.43,183.11,-14,194.5
2000,19-Jan,07:30PM,Wed,New Jersey,24,14,38,24,27,0,51,89,NO,1,0,YES,New York,20,23,43,27,20,0,47,90,YES,2,1,NO,81,98,179,81.69,99.43,181.11,-6.5,182.5
2000,19-Jan,06:30PM,Wed,Portland,26,28,54,23,28,0,51,105,NO,0,2,NO,San Antonio,21,23,44,24,27,0,51,95,NO,2,1,YES,98,102,200,98.69,103.43,202.11,-4,179
2000,20-Jan,06:00PM,Thu,Seattle,29,24,53,24,27,0,51,104,YES,1,0,NO,Milwaukee,19,24,43,28,25,0,53,96,NO,5,0,YES,96,104,200,96.69,105.43,202.11,-2.5,203.5
2000,20-Jan,07:00PM,Thu,Utah,25,12,37,34,23,0,57,94,YES,0,1,NO,Vancouver,20,19,39,25,25,0,50,89,NO,1,3,NO,76,107,183,76.69,108.43,185.11,6,183.5
2000,20-Jan,07:30PM,Thu,Philadelphia,31,18,49,19,32,0,51,100,YES,0,1,YES,Charlotte,24,23,47,40,22,0,62,109,NO,1,0,YES,96,113,209,96.69,114.43,211.11,-5.5,194
2000,20-Jan,06:30PM,Thu,Denver,33,24,57,32,26,0,58,115,NO,3,0,YES,Houston,35,23,58,32,32,0,64,122,NO,2,1,NO,115,122,237,115.69,123.43,239.11,-4.5,201
2000,20-Jan,07:30PM,Thu,Detroit,26,26,52,37,31,0,68,120,NO,2,1,NO,New Jersey,35,31,66,27,29,0,56,122,NO,1,0,YES,118,124,242,118.69,125.43,244.11,3,207
2000,20-Jan,04:30PM,Thu,Orlando,32,27,59,30,14,0,44,103,NO,2,1,NO,Sacramento,33,28,61,23,27,0,50,111,NO,1,1,NO,120,94,214,120.69,95.43,216.11,-7.5,219
2000,21-Jan,07:00PM,Fri,Seattle,18,23,41,14,31,0,45,86,NO,0,1,NO,Boston,28,33,61,25,25,0,50,111,YES,0,1,NO,102,95,197,102.69,96.43,199.11,-3,196.5
2000,21-Jan,05:00PM,Fri,Phoenix,27,26,53,27,21,0,48,101,YES,4,0,YES,Denver,21,36,57,18,24,0,42,99,NO,2,0,YES,110,90,200,110.69,91.43,202.11,3,196.5
2000,21-Jan,07:00PM,Fri,Indiana,27,34,61,32,20,0,52,113,YES,1,0,NO,Washington,33,23,56,31,36,0,67,123,YES,0,1,NO,117,119,236,117.69,120.43,238.11,7.5,201.5
2000,21-Jan,04:30PM,Fri,Cleveland,26,33,59,22,22,0,44,103,NO,1,0,NO,Golden State,26,30,56,35,24,0,59,115,NO,1,3,NO,115,103,218,115.69,104.43,220.11,3.5,198
2000,21-Jan,04:30PM,Fri,Minnesota,26,23,49,20,26,0,46,95,NO,1,1,NO,LAC,24,30,54,18,17,0,35,89,NO,1,2,YES,103,81,184,103.69,82.43,186.11,6.5,199
2000,21-Jan,08:00PM,Fri,Atlanta,20,22,42,16,21,0,37,79,NO,1,0,YES,Miami,26,13,39,28,34,0,62,101,YES,1,2,NO,81,99,180,81.69,100.43,182.11,-7.5,189.5
2000,22-Jan,12:00PM,Sat,Orlando,20,28,48,23,14,0,37,85,NO,1,0,NO,Vancouver,19,23,42,18,22,0,40,82,YES,1,1,NO,90,77,167,90.69,78.43,169.11,-2,203.5
2000,22-Jan,01:00PM,Sat,Dallas,23,29,52,23,20,0,43,95,NO,2,0,NO,New Jersey,19,31,50,24,24,0,48,98,YES,1,1,NO,102,91,193,102.69,92.43,195.11,-4,209.5
2000,22-Jan,01:30PM,Sat,Detroit,25,22,47,25,20,0,45,92,NO,1,0,YES,Chicago,27,15,42,25,31,0,56,98,NO,1,2,NO,89,101,190,89.69,102.43,192.11,7,191
2000,22-Jan,12:00PM,Sat,Utah,30,27,57,21,26,0,47,104,NO,1,1,YES,Sacramento,19,30,49,29,23,0,52,101,YES,2,1,NO,106,99,205,106.69,100.43,207.11,0,0
2000,22-Jan,04:00PM,Sat,New York,26,22,48,11,24,0,35,83,YES,2,1,YES,San Antonio,25,27,52,25,19,0,44,96,NO,2,2,NO,100,79,179,100.69,80.43,181.11,-6,177
2000,22-Jan,02:30PM,Sat,Portland,30,17,47,26,22,0,48,95,NO,2,1,YES,LAL,30,27,57,21,13,0,34,91,YES,1,2,NO,104,82,186,104.69,83.43,188.11,-4,184.5
2000,22-Jan,04:00PM,Sat,Cleveland,15,17,32,30,26,0,56,88,NO,0,2,YES,Phoenix,21,24,45,28,28,0,56,101,YES,2,0,YES,77,112,189,77.69,113.43,191.11,-9.5,196
2000,22-Jan,07:30PM,Sat,Washington,29,22,51,23,19,0,42,93,YES,0,3,NO,Atlanta,32,26,58,30,23,0,53,111,NO,2,0,YES,109,95,204,109.69,96.43,206.11,-6,202
2000,22-Jan,07:30PM,Sat,Boston,19,24,43,28,25,0,53,96,YES,0,2,NO,Charlotte,28,30,58,25,27,0,52,110,NO,2,1,NO,101,105,206,101.69,106.43,208.11,-8,203
2000,22-Jan,08:30PM,Sat,Indiana,27,23,50,19,28,0,47,97,NO,0,1,NO,Philadelphia,23,29,52,23,28,0,51,103,NO,3,1,YES,102,98,200,102.69,99.43,202.11,1,201.5
2000,23-Jan,01:00PM,Sun,Seattle,18,25,43,18,16,0,34,77,NO,1,0,NO,Toronto,24,32,56,14,24,0,38,94,NO,2,3,YES,99,72,171,99.69,73.43,173.11,-1,197
2000,23-Jan,03:00PM,Sun,Minnesota,31,25,56,24,19,0,43,99,NO,1,1,NO,Golden State,19,26,45,14,22,0,36,81,YES,1,1,NO,101,79,180,101.69,80.43,182.11,6,202.5
2000,23-Jan,07:00PM,Sun,Dallas,25,26,51,19,29,0,48,99,NO,0,1,YES,Detroit,19,30,49,27,15,0,42,91,YES,1,0,YES,100,90,190,100.69,91.43,192.11,-3,212
2000,23-Jan,06:30PM,Sun,Miami,22,18,40,21,27,0,48,88,YES,1,1,YES,Houston,16,30,46,32,23,0,55,101,NO,1,2,NO,86,103,189,86.69,104.43,191.11,4.5,193.5
2000,23-Jan,04:30PM,Sun,Orlando,23,27,50,29,23,0,52,102,NO,0,2,YES,LAC,22,27,49,20,20,0,40,89,YES,1,1,NO,99,92,191,99.69,93.43,193.11,-1.5,204
2000,24-Jan,04:00PM,Mon,LAL,26,17,43,18,20,20,38,81,YES,1,3,YES,Utah,17,27,44,22,15,24,37,81,NO,1,1,YES,87,75,162,87.69,76.43,164.11,-2,182
2000,24-Jan,05:00PM,Mon,Vancouver,23,25,48,28,22,0,50,98,YES,1,1,NO,Denver,27,23,50,36,24,0,60,110,NO,3,2,NO,98,110,208,98.69,111.43,210.11,-6.5,194
2000,24-Jan,04:00PM,Mon,New Jersey,22,28,50,18,19,0,37,87,YES,1,1,NO,Portland,26,17,43,28,30,0,58,101,NO,2,1,YES,93,95,188,93.69,96.43,190.11,-9,190.5
2000,24-Jan,06:30PM,Mon,Indiana,27,24,51,14,17,0,31,82,NO,1,0,YES,Chicago,17,20,37,29,17,0,46,83,YES,0,1,NO,88,77,165,88.69,78.43,167.11,8,187
2000,24-Jan,07:30PM,Mon,Seattle,28,23,51,28,27,0,55,106,NO,0,1,YES,New York,28,28,56,22,34,0,56,112,YES,3,1,YES,107,111,218,107.69,112.43,220.11,-5.5,182.5
2000,25-Jan,07:00PM,Tue,Phoenix,22,20,42,18,27,0,45,87,YES,2,0,NO,Indiana,19,28,47,25,21,0,46,93,NO,3,0,YES,89,91,180,89.69,92.43,182.11,0,0
2000,25-Jan,07:30PM,Tue,Chicago,19,27,46,18,25,0,43,89,YES,0,2,YES,Atlanta,18,19,37,27,32,0,59,96,NO,2,2,NO,83,102,185,83.69,103.43,187.11,-8.5,186
2000,25-Jan,07:30PM,Tue,Detroit,21,18,39,34,23,11,57,96,YES,1,1,NO,Cleveland,26,27,53,15,28,20,43,96,NO,1,2,YES,92,100,192,92.69,101.43,194.11,0,0
2000,25-Jan,06:30PM,Tue,Golden State,20,28,48,24,31,0,55,103,YES,1,1,NO,Dallas,31,28,59,30,28,0,58,117,NO,1,1,YES,107,113,220,107.69,114.43,222.11,-7.5,210.5
2000,25-Jan,06:30PM,Tue,Minnesota,16,27,43,27,22,0,49,92,NO,1,1,NO,Houston,18,18,36,22,26,0,48,84,NO,1,1,NO,79,97,176,79.69,98.43,178.11,0,200
2000,25-Jan,07:30PM,Tue,Boston,20,19,39,27,23,0,50,89,NO,2,0,NO,Miami,31,28,59,31,25,0,56,115,YES,2,1,YES,98,106,204,98.69,107.43,206.11,-9.5,189.5
2000,25-Jan,06:30PM,Tue,LAC,27,23,50,17,15,0,32,82,YES,1,1,NO,San Antonio,21,33,54,23,28,0,51,105,NO,1,2,NO,104,83,187,104.69,84.43,189.11,-12.5,192
2000,25-Jan,08:00PM,Tue,Sacramento,36,26,62,21,27,0,48,110,YES,2,0,NO,Charlotte,32,27,59,18,22,0,40,99,NO,1,2,NO,121,88,209,121.69,89.43,211.11,-5,214.5
2000,26-Jan,06:00PM,Wed,Sacramento,28,24,52,25,27,0,52,104,NO,0,1,NO,Milwaukee,28,35,63,28,21,0,49,112,YES,1,5,NO,115,101,216,115.69,102.43,218.11,-5.5,216
2000,26-Jan,07:00PM,Wed,Phoenix,22,27,49,21,23,0,44,93,NO,0,1,NO,Philadelphia,17,26,43,20,24,0,44,87,YES,2,3,NO,92,88,180,92.69,89.43,182.11,-5,194.5
2000,26-Jan,07:00PM,Wed,New Jersey,31,21,52,14,26,0,40,92,NO,1,0,NO,Seattle,23,20,43,25,27,0,52,95,NO,2,1,YES,95,92,187,95.69,93.43,189.11,,
2000,26-Jan,05:00PM,Wed,Vancouver,26,29,55,33,28,0,61,116,NO,1,0,YES,Utah,26,17,43,28,28,0,56,99,YES,0,1,NO,98,117,215,98.69,118.43,217.11,-10,186
2000,26-Jan,07:00PM,Wed,Washington,28,23,51,18,36,0,54,105,NO,3,2,YES,Toronto,31,27,58,32,30,0,62,120,NO,1,2,NO,109,116,225,109.69,117.43,227.11,-7.5,200
2000,26-Jan,07:30PM,Wed,Boston,20,26,46,17,26,0,43,89,NO,0,1,YES,Orlando,28,18,46,35,30,0,65,111,YES,0,2,YES,92,108,200,92.69,109.43,202.11,-5,202.5
2000,27-Jan,04:00PM,Thu,Utah,22,20,42,18,15,0,33,75,YES,0,1,NO,Portland,17,25,42,21,22,0,43,85,NO,1,2,NO,84,76,160,84.69,77.43,162.11,-6,180.5
2000,27-Jan,07:00PM,Thu,New Jersey,31,14,45,27,34,0,61,106,NO,0,1,NO,Vancouver,34,24,58,20,30,0,50,108,NO,3,0,YES,103,111,214,103.69,112.43,216.11,,
2000,27-Jan,07:30PM,Thu,Detroit,31,23,54,24,24,0,48,102,NO,1,1,YES,Charlotte,29,30,59,32,26,0,58,117,NO,1,1,NO,113,106,219,113.69,107.43,221.11,-7,208.5
2000,27-Jan,07:30PM,Thu,Orlando,25,26,51,13,26,0,39,90,YES,0,1,YES,Cleveland,28,27,55,21,26,0,47,102,YES,1,1,NO,106,86,192,106.69,87.43,194.11,-3.5,203
2000,27-Jan,06:30PM,Thu,LAC,28,21,49,23,18,0,41,90,NO,1,1,YES,Dallas,23,33,56,24,19,0,43,99,NO,1,1,NO,105,84,189,105.69,85.43,191.11,-7,208
2000,27-Jan,06:30PM,Thu,Golden State,37,25,62,25,28,0,53,115,NO,1,4,NO,Houston,32,30,62,26,22,0,48,110,YES,0,1,NO,124,101,225,124.69,102.43,227.11,-9,204
2000,27-Jan,06:30PM,Thu,Minnesota,26,19,45,18,17,0,35,80,NO,1,1,YES,San Antonio,35,14,49,26,17,0,43,92,YES,1,1,NO,94,78,172,94.69,79.43,174.11,-6.5,185.5
2000,28-Jan,07:00PM,Fri,Phoenix,21,25,46,28,14,0,42,88,NO,1,0,NO,Boston,26,23,49,26,16,0,42,91,YES,3,1,YES,95,84,179,95.69,85.43,181.11,1.5,196.5
2000,28-Jan,05:00PM,Fri,Houston,19,21,40,27,31,0,58,98,YES,0,1,YES,Denver,23,23,46,29,29,0,58,104,YES,0,3,NO,86,116,202,86.69,117.43,204.11,-6.5,206.5
2000,28-Jan,07:00PM,Fri,Miami,28,23,51,25,17,0,42,93,YES,2,0,NO,Toronto,29,32,61,27,20,0,47,108,YES,0,1,NO,112,89,201,112.69,90.43,203.11,3.5,192
2000,28-Jan,06:30PM,Fri,Sacramento,25,22,47,31,24,0,55,102,NO,1,1,NO,Chicago,28,20,48,21,21,0,42,90,NO,0,2,YES,95,97,192,95.69,98.43,194.11,7,193.5
2000,28-Jan,04:30PM,Fri,Milwaukee,31,24,55,20,14,0,34,89,YES,1,0,NO,LAL,36,31,67,23,27,0,50,117,YES,1,3,YES,122,84,206,122.69,85.43,208.11,-8.5,201
2000,28-Jan,08:00PM,Fri,New York,25,25,50,24,17,5,41,91,YES,3,1,YES,Atlanta,25,25,50,19,22,7,41,91,YES,0,2,NO,100,82,182,100.69,83.43,184.11,2.5,186.5
2000,29-Jan,02:00PM,Sat,Utah,17,12,29,28,37,0,65,94,NO,1,2,YES,Minnesota,18,23,41,25,30,0,55,96,NO,1,1,YES,70,120,190,70.69,121.43,192.11,-1,184
2000,29-Jan,12:30PM,Sat,San Antonio,25,15,40,18,9,0,27,67,YES,1,2,YES,Portland,24,25,49,17,15,0,32,81,NO,2,1,NO,89,59,148,89.69,60.43,150.11,-4,179
2000,29-Jan,04:00PM,Sat,Philadelphia,23,21,44,27,17,0,44,88,YES,2,1,NO,Detroit,32,19,51,19,20,0,39,90,YES,1,1,YES,95,83,178,95.69,84.43,180.11,-3.5,202
2000,29-Jan,04:30PM,Sat,Toronto,20,26,46,36,24,0,60,106,YES,0,4,NO,Chicago,21,17,38,24,27,0,51,89,YES,2,0,NO,84,111,195,84.69,112.43,197.11,5,185
2000,29-Jan,06:30PM,Sat,Miami,18,27,45,26,13,0,39,84,NO,0,1,YES,Indiana,36,20,56,23,15,0,38,94,NO,2,3,NO,101,77,178,101.69,78.43,180.11,-5.5,193.5
2000,29-Jan,07:00PM,Sat,Milwaukee,29,29,58,26,17,0,43,101,NO,0,1,NO,Seattle,26,31,57,27,15,0,42,99,YES,2,2,NO,115,85,200,115.69,86.43,202.11,-4,204
2000,29-Jan,07:00PM,Sat,Cleveland,30,24,54,23,21,0,44,98,YES,1,2,YES,Washington,30,19,49,26,28,0,54,103,YES,2,2,YES,103,98,201,103.69,99.43,203.11,-2.5,201
2000,29-Jan,07:30PM,Sat,Phoenix,30,17,47,15,17,0,32,79,NO,0,1,NO,Charlotte,25,27,52,21,27,0,48,100,YES,2,1,NO,99,80,179,99.69,81.43,181.11,-6.5,200
2000,29-Jan,04:30PM,Sat,New Jersey,21,21,42,24,27,0,51,93,NO,1,3,YES,LAC,21,22,43,26,29,0,55,98,NO,2,1,YES,85,106,191,85.69,107.43,193.11,2.5,194.5
2000,29-Jan,07:30PM,Sat,Atlanta,16,23,39,21,27,0,48,87,YES,0,3,NO,Orlando,16,42,58,18,27,0,45,103,NO,1,1,YES,97,93,190,97.69,94.43,192.11,-5,203
2000,29-Jan,07:00PM,Sat,Denver,10,27,37,24,35,0,59,96,YES,0,1,YES,Dallas,28,30,58,29,20,0,49,107,NO,2,1,NO,95,108,203,95.69,109.43,205.11,-6.5,209
2000,30-Jan,12:00PM,Sun,Sacramento,30,21,51,23,37,0,60,111,NO,1,0,NO,New York,30,36,66,28,26,0,54,120,NO,1,1,YES,117,114,231,117.69,115.43,233.11,-4,195
2000,30-Jan,12:30PM,Sun,LAL,16,23,39,27,17,0,44,83,YES,1,1,NO,Houston,25,17,42,23,24,0,47,89,NO,1,1,YES,81,91,172,81.69,92.43,174.11,9,196.5
2000,31-Jan,05:00PM,Mon,Philadelphia,26,15,41,16,23,0,39,80,NO,1,0,NO,Denver,19,24,43,18,22,0,40,83,NO,1,1,YES,84,79,163,84.69,80.43,165.11,2.5,194
2000,31-Jan,06:00PM,Mon,Sacramento,21,28,49,17,24,0,41,90,NO,0,1,NO,Minnesota,32,28,60,24,21,0,45,105,YES,1,1,NO,109,86,195,109.69,87.43,197.11,-4.5,205
2000,31-Jan,07:00PM,Mon,Milwaukee,22,20,42,19,31,0,50,92,NO,1,1,NO,Vancouver,27,23,50,17,20,0,37,87,YES,1,3,NO,92,87,179,92.69,88.43,181.11,4,203
2000,31-Jan,07:30PM,Mon,Detroit,28,13,41,17,24,0,41,82,YES,1,1,YES,Miami,22,32,54,26,24,0,50,104,YES,1,1,YES,95,91,186,95.69,92.43,188.11,-8.5,192
2000,31-Jan,08:00PM,Mon,Phoenix,30,32,62,31,24,0,55,117,NO,1,1,YES,Orlando,30,20,50,24,39,0,63,113,YES,0,1,NO,112,118,230,112.69,119.43,232.11,2.5,194
2000,1-Feb,07:00PM,Tue,Boston,23,22,45,27,24,0,51,96,YES,3,0,YES,Indiana,26,27,53,22,24,0,46,99,NO,2,2,NO,98,97,195,98.69,98.43,197.11,-9.5,199.5
2000,1-Feb,04:00PM,Tue,Chicago,21,20,41,19,21,0,40,81,YES,2,0,NO,Portland,27,24,51,21,20,0,41,92,YES,1,2,NO,92,81,173,92.69,82.43,175.11,-14,178
2000,1-Feb,06:00PM,Tue,LAL,21,24,45,18,18,0,36,81,NO,1,2,YES,San Antonio,26,29,55,25,25,0,50,105,NO,1,2,YES,100,86,186,100.69,87.43,188.11,-2.5,180.5
2000,1-Feb,05:00PM,Tue,Seattle,19,30,49,26,29,0,55,104,YES,2,0,YES,Utah,28,18,46,25,25,0,50,96,NO,1,2,YES,95,105,200,95.69,106.43,202.11,-6.5,186.5
2000,1-Feb,07:30PM,Tue,Washington,25,20,45,24,39,0,63,108,YES,2,0,YES,Cleveland,22,22,44,31,37,0,68,112,YES,2,2,YES,89,131,220,89.69,132.43,222.11,0,0
2000,1-Feb,06:30PM,Tue,Philadelphia,22,28,50,25,26,0,51,101,NO,0,1,NO,Dallas,26,26,52,31,17,0,48,100,NO,1,2,NO,102,99,201,102.69,100.43,203.11,-3,196.5
2000,1-Feb,06:30PM,Tue,Charlotte,17,27,44,25,14,0,39,83,YES,2,1,NO,Houston,30,21,51,24,24,0,48,99,NO,1,1,NO,95,87,182,95.69,88.43,184.11,3,201.5
2000,1-Feb,04:30PM,Tue,Golden State,21,27,48,25,34,0,59,107,NO,4,0,YES,LAC,23,19,42,9,25,0,34,76,YES,0,2,NO,90,93,183,90.69,94.43,185.11,-3.5,200
2000,1-Feb,07:30PM,Tue,Orlando,20,33,53,17,28,0,45,98,YES,0,3,YES,New York,10,28,38,14,25,0,39,77,NO,1,1,NO,91,84,175,91.69,85.43,177.11,0,0
2000,2-Feb,07:00PM,Wed,Miami,30,31,61,30,14,0,44,105,YES,1,1,YES,Boston,26,33,59,22,22,0,44,103,NO,1,0,YES,120,88,208,120.69,89.43,210.11,3,190
2000,2-Feb,05:00PM,Wed,Milwaukee,31,31,62,26,24,0,50,112,NO,1,0,NO,Denver,45,27,72,28,35,0,63,135,YES,1,1,NO,134,113,247,134.69,114.43,249.11,3,203
2000,2-Feb,04:00PM,Wed,LAC,19,15,34,14,20,0,34,68,YES,0,2,YES,Phoenix,25,33,58,29,27,0,56,114,YES,1,1,YES,92,90,182,92.69,91.43,184.11,-11,192.5
2000,2-Feb,07:00PM,Wed,Chicago,23,17,40,17,31,0,48,88,NO,0,1,NO,Seattle,25,15,40,22,19,0,41,81,NO,1,0,YES,80,89,169,80.69,90.43,171.11,-9.5,184
2000,2-Feb,07:00PM,Wed,Minnesota,28,21,49,18,26,0,44,93,YES,1,1,YES,Washington,27,27,54,25,24,0,49,103,YES,1,0,YES,103,93,196,103.69,94.43,198.11,4,197.5
2000,2-Feb,07:30PM,Wed,Sacramento,27,26,53,37,23,0,60,113,NO,1,1,NO,Detroit,29,27,56,25,29,0,54,110,NO,1,1,YES,109,114,223,109.69,115.43,225.11,0,0
2000,2-Feb,04:30PM,Wed,Vancouver,22,23,45,31,19,0,50,95,YES,1,1,YES,Golden State,24,27,51,21,29,0,50,101,NO,1,0,YES,96,100,196,96.69,101.43,198.11,-1.5,198
2000,2-Feb,07:30PM,Wed,Atlanta,21,20,41,27,29,0,56,97,NO,3,1,YES,New Jersey,29,25,54,20,15,0,35,89,YES,1,3,YES,95,91,186,95.69,92.43,188.11,-4.5,197
2000,3-Feb,05:00PM,Thu,Milwaukee,27,25,52,25,25,0,50,102,NO,0,1,YES,Utah,22,29,51,24,24,0,48,99,YES,0,1,NO,103,98,201,103.69,99.43,203.11,-7.5,195
2000,3-Feb,06:30PM,Thu,Charlotte,23,27,50,25,21,0,46,96,NO,1,1,NO,Dallas,21,36,57,24,25,0,49,106,YES,1,1,NO,107,95,202,107.69,96.43,204.11,2,207
2000,3-Feb,06:30PM,Thu,Philadelphia,32,20,52,27,27,0,54,106,NO,1,2,YES,Houston,39,22,61,23,25,0,48,109,YES,0,1,NO,113,102,215,113.69,103.43,217.11,-3,191
2000,3-Feb,07:30PM,Thu,Portland,29,17,46,18,24,0,42,88,YES,1,0,NO,New York,28,17,45,28,25,0,53,98,NO,2,1,NO,91,95,186,91.69,96.43,188.11,3,179
2000,3-Feb,06:30PM,Thu,Toronto,34,17,51,17,27,0,44,95,NO,4,1,NO,San Antonio,27,29,56,30,26,0,56,112,YES,2,1,NO,107,100,207,107.69,101.43,209.11,-8,190.5
2000,4-Feb,07:00PM,Fri,New Jersey,25,32,57,25,13,0,38,95,YES,1,1,YES,Boston,32,16,48,22,30,0,52,100,NO,1,1,NO,105,90,195,105.69,91.43,197.11,-4.5,195
2000,4-Feb,06:00PM,Fri,Houston,20,15,35,26,24,0,50,85,YES,0,1,NO,Minnesota,26,26,52,26,24,0,50,102,YES,0,1,YES,87,100,187,87.69,101.43,189.11,0,0
2000,4-Feb,07:00PM,Fri,Chicago,20,24,44,17,15,0,32,76,NO,1,1,NO,Vancouver,37,21,58,28,15,0,43,101,NO,1,1,YES,102,75,177,102.69,76.43,179.11,-4,179
2000,4-Feb,07:30PM,Fri,Portland,24,19,43,21,33,0,54,97,NO,0,1,NO,Atlanta,14,19,33,27,30,0,57,90,YES,0,1,YES,76,111,187,76.69,112.43,189.11,5,188
2000,4-Feb,04:30PM,Fri,Denver,20,30,50,23,28,0,51,101,YES,1,0,YES,Golden State,24,23,47,27,29,0,56,103,YES,1,1,NO,97,107,204,97.69,108.43,206.11,0,204.5
2000,4-Feb,04:30PM,Fri,Utah,14,7,21,32,14,0,46,67,YES,0,1,YES,LAL,33,23,56,32,25,0,57,113,NO,2,2,YES,77,103,180,77.69,104.43,182.11,-8.5,182
2000,4-Feb,07:30PM,Fri,Washington,27,30,57,18,17,0,35,92,YES,1,0,YES,Miami,27,15,42,29,28,0,57,99,YES,1,1,YES,99,92,191,99.69,93.43,193.11,-8,194.5
2000,4-Feb,07:30PM,Fri,Phoenix,21,24,45,21,20,0,41,86,YES,1,1,YES,Seattle,33,21,54,15,25,0,40,94,YES,1,1,NO,99,81,180,99.69,82.43,182.11,-3,196
2000,4-Feb,08:00PM,Fri,Cleveland,18,26,44,22,30,0,52,96,YES,2,0,YES,Detroit,20,26,46,32,27,0,59,105,NO,1,1,NO,90,111,201,90.69,112.43,203.11,-3,202
2000,4-Feb,08:00PM,Fri,Sacramento,28,20,48,21,25,0,46,94,NO,1,1,NO,Indiana,30,19,49,21,34,0,55,104,YES,0,2,NO,97,101,198,97.69,102.43,200.11,-7.5,214
2000,5-Feb,05:00PM,Sat,Minnesota,23,10,33,20,35,17,55,88,YES,0,3,NO,Denver,26,20,46,24,18,9,42,88,YES,1,0,YES,79,97,176,79.69,98.43,178.11,2,197.5
2000,5-Feb,07:00PM,Sat,Charlotte,25,30,55,23,32,0,55,110,NO,1,1,YES,Washington,23,30,53,22,27,0,49,102,YES,3,0,YES,108,104,212,108.69,105.43,214.11,3.5,201
2000,5-Feb,07:30PM,Sat,Atlanta,26,18,44,33,25,0,58,102,YES,0,2,NO,Cleveland,16,32,48,23,23,0,46,94,YES,2,0,YES,92,104,196,92.69,105.43,198.11,-2.5,195
2000,5-Feb,04:30PM,Sat,Dallas,30,37,67,31,21,0,52,119,YES,1,0,NO,LAC,22,29,51,23,32,0,55,106,NO,0,2,YES,118,107,225,118.69,108.43,227.11,3,202
2000,5-Feb,06:30PM,Sat,Toronto,21,27,48,22,28,0,50,98,NO,1,2,YES,Milwaukee,19,15,34,25,36,0,61,95,NO,1,1,YES,82,111,193,82.69,112.43,195.11,-5.5,210
2000,5-Feb,07:30PM,Sat,Indiana,20,30,50,23,29,0,52,102,YES,0,1,YES,Orlando,30,23,53,16,38,0,54,107,NO,1,3,YES,103,106,209,103.69,107.43,211.11,2.5,204
2000,6-Feb,01:00PM,Sun,Golden State,27,24,51,24,15,0,39,90,YES,1,0,NO,New Jersey,28,26,54,31,25,0,56,110,NO,1,1,YES,105,95,200,105.69,96.43,202.11,-4.5,201
2000,6-Feb,01:00PM,Sun,Miami,25,20,45,18,17,0,35,80,YES,1,2,YES,New York,15,24,39,28,27,0,55,94,YES,0,2,NO,84,90,174,84.69,91.43,176.11,-3.5,181
2000,6-Feb,11:30AM,Sun,San Antonio,27,24,51,21,18,0,39,90,YES,2,1,YES,Utah,27,17,44,32,17,0,49,93,NO,2,1,YES,95,88,183,95.69,89.43,185.11,-3.5,179
2000,6-Feb,03:30PM,Sun,Sacramento,24,37,61,12,35,0,47,108,NO,1,1,YES,Philadelphia,36,26,62,26,31,0,57,119,YES,0,2,YES,123,104,227,123.69,105.43,229.11,-4.5,206
2000,6-Feb,03:00PM,Sun,Chicago,13,32,45,27,28,0,55,100,NO,1,1,NO,LAC,29,19,48,15,27,0,42,90,YES,2,0,NO,93,97,190,93.69,98.43,192.11,-1,185
2000,6-Feb,03:00PM,Sun,Seattle,22,23,45,17,31,0,48,93,YES,1,1,NO,Phoenix,20,26,46,31,28,0,59,105,NO,1,1,YES,91,107,198,91.69,108.43,200.11,-6,189.5
2000,6-Feb,06:00PM,Sun,Dallas,16,36,52,13,26,12,39,91,NO,0,2,YES,Vancouver,24,20,44,21,26,8,47,91,YES,1,1,NO,96,86,182,96.69,87.43,184.11,-1,203
2000,6-Feb,07:00PM,Sun,Portland,25,17,42,29,29,0,58,100,NO,1,0,NO,Boston,26,19,45,25,24,0,49,94,YES,1,1,NO,87,107,194,87.69,108.43,196.11,4.5,190.5
2000,6-Feb,07:00PM,Sun,Houston,23,18,41,26,38,0,64,105,NO,1,1,YES,Detroit,26,20,46,34,29,0,63,109,NO,2,1,NO,87,127,214,87.69,128.43,216.11,-8,204
2000,7-Feb,06:00PM,Mon,Portland,29,26,55,23,37,0,60,115,NO,0,1,YES,Milwaukee,30,30,60,24,27,0,51,111,NO,1,1,NO,115,111,226,115.69,112.43,228.11,0,192.5
2000,7-Feb,07:30PM,Mon,New York,25,22,47,16,22,0,38,85,YES,0,1,NO,Charlotte,29,22,51,26,18,0,44,95,NO,1,1,YES,98,82,180,98.69,83.43,182.11,-9.5,187
2000,7-Feb,04:30PM,Mon,Denver,25,37,62,17,19,0,36,98,YES,1,1,YES,LAL,27,23,50,21,35,0,56,106,NO,1,2,NO,112,92,204,112.69,93.43,206.11,-13.5,198
2000,7-Feb,07:30PM,Mon,Golden State,18,26,44,24,32,0,56,100,NO,0,1,NO,Orlando,33,33,66,26,28,0,54,120,NO,1,1,NO,110,110,220,110.69,111.43,222.11,-8.5,206
2000,7-Feb,08:00PM,Mon,Philadelphia,24,20,44,24,16,0,40,84,YES,0,1,YES,Indiana,23,39,62,24,23,0,47,109,YES,1,1,YES,106,87,193,106.69,88.43,195.11,-8.5,196
2000,8-Feb,04:00PM,Tue,Vancouver,20,23,43,19,14,0,33,76,YES,1,1,NO,Phoenix,26,26,52,24,18,0,42,94,NO,1,1,NO,95,75,170,95.69,76.43,172.11,-8.5,191.5
2000,8-Feb,06:00PM,Tue,Seattle,22,23,45,11,21,0,32,77,NO,1,0,NO,San Antonio,27,19,46,15,18,0,33,79,YES,0,1,YES,91,65,156,91.69,66.43,158.11,-8.5,188.5
2000,8-Feb,07:00PM,Tue,Atlanta,20,28,48,14,26,0,40,88,NO,2,0,YES,Toronto,31,23,54,31,24,0,55,109,YES,0,2,YES,102,95,197,102.69,96.43,199.11,0,0
2000,8-Feb,06:30PM,Tue,Cleveland,22,17,39,25,19,0,44,83,YES,2,0,NO,Houston,20,25,45,16,30,0,46,91,YES,0,1,YES,84,90,174,84.69,91.43,176.11,0,0
2000,8-Feb,07:30PM,Tue,Boston,23,30,53,21,39,0,60,113,YES,1,0,YES,New Jersey,46,28,74,21,36,0,57,131,YES,0,1,NO,127,117,244,127.69,118.43,246.11,-5.5,195.5
2000,8-Feb,04:30PM,Tue,Chicago,25,22,47,18,15,0,33,80,NO,1,0,NO,Sacramento,35,27,62,34,23,0,57,119,NO,1,1,YES,109,90,199,109.69,91.43,201.11,-9.5,197
2000,9-Feb,07:00PM,Wed,Indiana,28,27,55,30,28,0,58,113,YES,1,6,YES,Boston,30,23,53,28,23,0,51,104,YES,5,0,YES,108,109,217,108.69,110.43,219.11,4.5,199
2000,9-Feb,05:00PM,Wed,San Antonio,37,27,64,24,18,0,42,106,YES,0,5,NO,Denver,22,19,41,30,26,0,56,97,YES,0,1,YES,105,98,203,105.69,99.43,205.11,3.5,189
2000,9-Feb,06:00PM,Wed,New York,23,22,45,31,33,0,64,109,NO,1,5,NO,Milwaukee,33,29,62,17,24,0,41,103,YES,5,1,NO,107,105,212,107.69,106.43,214.11,-8,190
2000,9-Feb,07:00PM,Wed,New Jersey,26,30,56,19,15,0,34,90,YES,0,5,NO,Philadelphia,18,30,48,22,22,0,44,92,NO,5,1,YES,104,78,182,104.69,79.43,184.11,-5.5,197
2000,9-Feb,04:00PM,Wed,LAC,38,17,55,24,21,0,45,100,YES,2,0,YES,Portland,20,25,45,32,30,0,62,107,YES,5,1,YES,100,107,207,100.69,108.43,209.11,-16,192
2000,9-Feb,05:00PM,Wed,Chicago,32,21,53,17,16,0,33,86,NO,0,5,YES,Utah,32,31,63,28,22,0,50,113,NO,5,2,NO,116,83,199,116.69,84.43,201.11,-12.5,179
2000,9-Feb,07:30PM,Wed,Houston,17,27,44,23,33,0,56,100,YES,0,5,YES,Atlanta,30,35,65,30,21,0,51,116,NO,5,0,YES,109,107,216,109.69,108.43,218.11,-4.5,198
2000,9-Feb,07:30PM,Wed,Cleveland,29,16,45,17,33,0,50,95,NO,0,5,YES,Charlotte,30,20,50,22,31,0,53,103,YES,5,1,NO,95,103,198,95.69,104.43,200.11,-11.5,0
2000,9-Feb,06:30PM,Wed,Seattle,36,23,59,28,30,0,58,117,NO,0,5,YES,Dallas,25,26,51,28,27,0,55,106,NO,5,2,YES,110,113,223,110.69,114.43,225.11,-3.5,202
2000,9-Feb,07:30PM,Wed,Toronto,20,24,44,30,26,8,56,100,YES,0,5,YES,Detroit,26,30,56,22,22,15,44,100,YES,5,2,NO,100,100,200,100.69,101.43,202.11,-5,209.5
2000,9-Feb,04:30PM,Wed,Minnesota,18,23,41,18,22,0,40,81,NO,3,0,NO,LAL,24,30,54,26,34,0,60,114,YES,5,1,NO,95,100,195,95.69,101.43,197.11,-7,191.5
2000,9-Feb,07:30PM,Wed,Golden State,30,28,58,19,23,0,42,100,NO,1,5,YES,Miami,28,31,59,29,27,0,56,115,NO,5,2,YES,117,98,215,117.69,99.43,217.11,-12.5,195
2000,9-Feb,07:30PM,Wed,Washington,27,25,52,20,24,0,44,96,YES,3,5,NO,Orlando,32,21,53,33,21,0,54,107,NO,6,1,NO,105,98,203,105.69,99.43,205.11,-5,208.5
2000,10-Feb,04:00PM,Thu,Minnesota,25,14,39,18,28,0,46,85,NO,0,4,YES,Phoenix,27,32,59,19,23,0,42,101,YES,4,1,NO,98,88,186,98.69,89.43,188.11,-7,190
2000,10-Feb,04:30PM,Thu,Vancouver,24,27,51,24,37,0,61,112,NO,1,5,YES,LAC,19,20,39,21,30,0,51,90,YES,4,0,YES,90,112,202,90.69,113.43,204.11,2.5,194
2000,10-Feb,04:30PM,Thu,Denver,15,30,45,20,19,0,39,84,YES,0,4,NO,Sacramento,24,21,45,25,26,0,51,96,NO,4,1,NO,90,90,180,90.69,91.43,182.11,-10.5,216
2000,15-Feb,06:00PM,Tue,LAL,22,14,36,22,30,0,52,88,YES,5,0,NO,Chicago,18,21,39,18,19,0,37,76,NO,1,5,YES,75,89,164,75.69,90.43,166.11,11,183
2000,15-Feb,06:00PM,Tue,Denver,30,26,56,28,16,7,44,100,NO,4,1,NO,Minnesota,30,29,59,18,23,4,41,100,YES,0,4,YES,115,85,200,115.69,86.43,202.11,-8.5,197
2000,15-Feb,07:00PM,Tue,Charlotte,20,27,47,22,26,0,48,95,YES,5,0,YES,Philadelphia,25,23,48,25,20,0,45,93,NO,2,5,NO,95,93,188,95.69,94.43,190.11,-3.5,196
2000,15-Feb,07:00PM,Tue,Washington,19,19,38,27,20,0,47,85,NO,5,0,NO,Seattle,37,27,64,33,17,0,50,114,YES,2,5,YES,102,97,199,102.69,98.43,201.11,-7.5,197.5
2000,15-Feb,05:00PM,Tue,Boston,22,11,33,33,35,0,68,101,YES,5,2,NO,Utah,14,28,42,30,27,0,57,99,NO,1,5,NO,75,125,200,75.69,126.43,202.11,-9,192.5
2000,15-Feb,07:00PM,Tue,New York,16,29,45,8,17,0,25,70,NO,5,0,YES,Toronto,32,21,53,23,15,0,38,91,YES,0,5,YES,98,63,161,98.69,64.43,163.11,-4,188
2000,15-Feb,07:30PM,Tue,New Jersey,12,26,38,24,24,0,48,86,NO,5,2,YES,Atlanta,26,20,46,28,29,0,57,103,YES,2,5,NO,84,105,189,84.69,106.43,191.11,-5,196
2000,15-Feb,07:30PM,Tue,San Antonio,22,24,46,15,20,0,35,81,NO,5,2,YES,Cleveland,21,22,43,27,22,0,49,92,NO,1,5,YES,89,84,173,89.69,85.43,175.11,6.5,0
2000,15-Feb,06:30PM,Tue,Milwaukee,19,35,54,28,30,0,58,112,YES,5,1,YES,Dallas,24,32,56,21,22,0,43,99,NO,1,5,NO,110,101,211,110.69,102.43,213.11,-1.5,211.5
2000,15-Feb,04:30PM,Tue,Portland,25,22,47,26,19,0,45,92,YES,5,0,YES,Golden State,27,12,39,30,14,0,44,83,YES,0,5,YES,86,89,175,86.69,90.43,177.11,11,194
2000,15-Feb,06:30PM,Tue,Detroit,19,22,41,33,28,0,61,102,YES,5,1,NO,Houston,27,28,55,24,28,0,52,107,YES,2,5,YES,96,113,209,96.69,114.43,211.11,-2,208
2000,15-Feb,07:30PM,Tue,LAC,26,18,44,17,27,0,44,88,YES,4,0,NO,Miami,30,29,59,28,20,0,48,107,YES,1,5,NO,103,92,195,103.69,93.43,197.11,-16,0
2000,15-Feb,04:30PM,Tue,Phoenix,29,34,63,27,27,0,54,117,YES,4,2,YES,Sacramento,30,28,58,28,22,0,50,108,YES,1,4,NO,121,104,225,121.69,105.43,227.11,-4,208
2000,16-Feb,07:00PM,Wed,Toronto,24,24,48,33,20,0,53,101,YES,0,1,YES,Indiana,40,28,68,21,20,0,41,109,YES,0,6,YES,116,94,210,116.69,95.43,212.11,-7,200.5
2000,16-Feb,04:00PM,Wed,Golden State,22,22,44,25,26,0,51,95,YES,0,1,YES,Portland,19,26,45,30,24,0,54,99,NO,1,0,YES,89,105,194,89.69,106.43,196.11,-16,192
2000,16-Feb,07:00PM,Wed,Washington,21,32,53,19,15,0,34,87,NO,0,1,NO,Vancouver,26,15,41,24,27,0,51,92,YES,1,5,YES,94,85,179,94.69,86.43,181.11,-4.5,194
2000,16-Feb,07:30PM,Wed,LAL,20,22,42,22,28,0,50,92,NO,0,1,NO,Charlotte,22,22,44,24,17,0,41,85,NO,1,0,YES,86,91,177,86.69,92.43,179.11,2,193
2000,16-Feb,07:30PM,Wed,Minnesota,21,27,48,18,23,0,41,89,YES,0,1,YES,New York,27,16,43,23,27,0,50,93,NO,2,0,YES,91,91,182,91.69,92.43,184.11,-4,183
2000,16-Feb,07:30PM,Wed,LAC,27,21,48,24,24,0,48,96,NO,0,1,NO,Orlando,34,31,65,34,30,0,64,129,NO,1,6,NO,113,112,225,113.69,113.43,227.11,-11,206
2000,17-Feb,06:00PM,Thu,Indiana,27,20,47,25,20,0,45,92,YES,0,1,NO,Milwaukee,19,21,40,25,25,0,50,90,NO,1,1,YES,87,95,182,87.69,96.43,184.11,-3.5,206.5
2000,17-Feb,05:00PM,Thu,Sacramento,25,22,47,38,23,0,61,108,YES,1,0,YES,Utah,25,39,64,29,26,0,55,119,NO,1,1,NO,111,116,227,111.69,117.43,229.11,-5.5,202.5
2000,17-Feb,06:30PM,Thu,Miami,23,17,40,13,23,0,36,76,YES,1,0,NO,Chicago,16,21,37,18,28,0,46,83,NO,1,1,NO,77,82,159,77.69,83.43,161.11,12,176.5
2000,17-Feb,07:30PM,Thu,Denver,28,25,53,30,18,0,48,101,NO,1,0,NO,Cleveland,27,32,59,35,25,0,60,119,YES,0,1,NO,112,108,220,112.69,109.43,222.11,-4.5,198
2000,17-Feb,06:30PM,Thu,Detroit,34,28,62,18,17,0,35,97,NO,1,1,NO,Dallas,27,28,55,24,27,0,51,106,YES,2,1,NO,117,86,203,117.69,87.43,205.11,2.5,212.5
2000,18-Feb,06:00PM,Fri,Vancouver,25,20,45,18,28,0,46,91,YES,1,0,NO,Minnesota,21,41,62,22,19,0,41,103,NO,1,1,YES,107,87,194,107.69,88.43,196.11,-9.5,191
2000,18-Feb,07:00PM,Fri,Cleveland,22,13,35,23,17,0,40,75,YES,0,2,YES,Philadelphia,25,28,53,20,31,0,51,104,NO,1,2,NO,88,91,179,88.69,92.43,181.11,-9,195.5
2000,18-Feb,04:00PM,Fri,Atlanta,21,14,35,13,25,0,38,73,YES,2,2,NO,Phoenix,15,22,37,26,22,0,48,85,YES,2,2,YES,72,86,158,72.69,87.43,160.11,-9.5,193
2000,18-Feb,04:00PM,Fri,Washington,24,16,40,24,21,0,45,85,NO,1,1,NO,Portland,24,23,47,16,30,0,46,93,YES,1,1,NO,87,91,178,87.69,92.43,180.11,-12.5,193
2000,18-Feb,07:00PM,Fri,Denver,29,20,49,25,21,0,46,95,NO,0,2,YES,Toronto,16,22,38,26,27,0,53,91,NO,1,1,YES,87,99,186,87.69,100.43,188.11,-10,205
2000,18-Feb,07:30PM,Fri,LAC,24,25,49,23,15,0,38,87,NO,1,0,NO,Charlotte,33,27,60,24,31,0,55,115,NO,1,1,NO,109,93,202,109.69,94.43,204.11,-14,204.5
2000,18-Feb,04:30PM,Fri,Boston,30,29,59,13,28,0,41,100,NO,2,0,NO,Golden State,21,30,51,36,35,0,71,122,NO,1,1,YES,110,112,222,110.69,113.43,224.11,2.5,202
2000,18-Feb,07:30PM,Fri,Miami,25,16,41,22,21,0,43,84,NO,0,1,NO,New Jersey,25,25,50,20,21,0,41,91,YES,1,2,YES,91,84,175,91.69,85.43,177.11,3.5,189
2000,18-Feb,07:30PM,Fri,LAL,31,22,53,15,20,19,35,88,NO,1,1,NO,Orlando,22,24,46,20,22,11,42,88,YES,3,1,NO,99,77,176,99.69,78.43,178.11,5.5,200.5
2000,18-Feb,04:30PM,Fri,Seattle,23,21,44,20,21,0,41,85,YES,2,0,YES,Sacramento,29,33,62,20,36,0,56,118,NO,1,0,YES,106,97,203,106.69,98.43,205.11,-3.5,209
2000,18-Feb,06:30PM,Fri,Houston,24,17,41,20,31,0,51,92,YES,2,1,YES,San Antonio,33,24,57,33,26,0,59,116,YES,1,2,YES,98,110,208,98.69,111.43,210.11,-9,188
2000,19-Feb,11:30AM,Sat,Detroit,23,25,48,25,14,0,39,87,NO,1,1,YES,Utah,29,19,48,23,20,0,43,91,NO,1,1,NO,96,82,178,96.69,83.43,180.11,-7.5,200
2000,19-Feb,03:30PM,Sat,Indiana,17,22,39,14,20,0,34,73,NO,1,1,YES,New York,21,25,46,24,17,0,41,87,NO,1,2,NO,85,75,160,85.69,76.43,162.11,-1.5,185
2000,19-Feb,07:00PM,Sat,Boston,28,21,49,22,20,0,42,91,NO,0,1,NO,Seattle,23,21,44,25,25,0,50,94,NO,2,0,YES,93,92,185,93.69,93.43,187.11,-9,199
2000,19-Feb,06:30PM,Sat,LAC,18,20,38,20,14,0,34,72,NO,0,1,NO,Chicago,23,17,40,14,20,0,34,74,NO,2,1,NO,78,68,146,78.69,69.43,148.11,-5.5,180.5
2000,19-Feb,06:30PM,Sat,Vancouver,22,29,51,28,32,0,60,111,NO,0,1,NO,Milwaukee,26,20,46,23,31,0,54,100,YES,2,1,NO,97,114,211,97.69,115.43,213.11,-9,200
2000,20-Feb,09:00AM,Sun,Portland,24,27,51,30,15,12,45,96,YES,1,0,YES,Sacramento,21,22,43,31,22,7,53,96,YES,0,1,NO,94,98,192,94.69,99.43,194.11,2.5,199.5
2000,20-Feb,12:30PM,Sun,Dallas,30,23,53,25,22,0,47,100,YES,2,0,NO,Toronto,30,28,58,16,22,0,38,96,YES,2,1,NO,111,85,196,111.69,86.43,198.11,-6,207.5
2000,20-Feb,01:00PM,Sun,New Jersey,26,20,46,30,15,0,45,91,YES,1,1,YES,Minnesota,24,18,42,23,24,0,47,89,NO,1,1,NO,88,92,180,88.69,93.43,182.11,-6.5,191.5
2000,20-Feb,03:00PM,Sun,Miami,28,16,44,21,20,0,41,85,NO,1,0,NO,Charlotte,20,24,44,21,15,0,36,80,NO,1,1,NO,88,77,165,88.69,78.43,167.11,-4,188
2000,20-Feb,05:30PM,Sun,LAL,18,30,48,20,19,0,39,87,NO,1,1,NO,Philadelphia,18,26,44,22,18,0,40,84,NO,2,1,NO,92,79,171,92.69,80.43,173.11,3.5,187.5
2000,20-Feb,03:00PM,Sun,Washington,23,24,47,32,24,0,56,103,NO,1,1,YES,Golden State,29,32,61,28,23,0,51,112,YES,1,1,NO,108,107,215,108.69,108.43,217.11,-3,204
2000,20-Feb,06:00PM,Sun,San Antonio,29,18,47,29,27,10,56,103,YES,1,0,YES,Houston,25,31,56,25,22,8,47,103,YES,1,1,YES,103,103,206,103.69,104.43,208.11,4.5,190
2000,21-Feb,01:00PM,Mon,LAC,12,21,33,17,26,0,43,76,NO,1,1,NO,New York,23,22,45,23,19,0,42,87,NO,1,1,NO,78,85,163,78.69,86.43,165.11,-13,184
2000,21-Feb,06:00PM,Mon,Dallas,24,27,51,19,23,0,42,93,NO,0,2,YES,Indiana,27,17,44,24,26,0,50,94,YES,1,1,YES,95,92,187,95.69,93.43,189.11,-9,204.5
2000,21-Feb,05:00PM,Mon,Sacramento,31,31,62,21,25,9,46,108,YES,0,1,YES,Denver,26,23,49,28,31,15,59,108,YES,0,2,YES,111,105,216,111.69,106.43,218.11,-3,213
2000,21-Feb,04:00PM,Mon,Boston,23,20,43,24,25,0,49,92,NO,1,2,NO,Portland,26,23,49,29,27,0,56,105,NO,2,0,YES,92,105,197,92.69,106.43,199.11,-9.5,190.5
2000,21-Feb,05:00PM,Mon,Atlanta,24,25,49,25,20,0,45,94,NO,2,1,NO,Utah,23,22,45,28,23,0,51,96,YES,2,1,NO,94,96,190,94.69,97.43,192.11,-8.5,187
2000,21-Feb,07:30PM,Mon,Vancouver,27,26,53,28,21,6,49,102,NO,1,0,NO,Cleveland,31,18,49,24,29,7,53,102,NO,1,2,YES,102,102,204,102.69,103.43,206.11,-5.5,193.5
2000,21-Feb,06:30PM,Mon,Phoenix,24,18,42,23,33,0,56,98,YES,2,0,YES,San Antonio,20,23,43,28,18,0,46,89,YES,2,0,YES,85,102,187,85.69,103.43,189.11,-4.5,182.5
2000,21-Feb,08:00PM,Mon,Miami,27,15,42,22,23,0,45,87,NO,0,1,YES,Detroit,29,18,47,28,20,0,48,95,NO,1,1,YES,89,93,182,89.69,94.43,184.11,-4,191
2000,22-Feb,06:00PM,Tue,Golden State,19,23,42,23,24,0,47,89,YES,1,0,NO,Minnesota,30,27,57,22,33,0,55,112,NO,1,1,NO,99,102,201,99.69,103.43,203.11,-9.5,200
2000,22-Feb,04:00PM,Tue,Denver,16,9,25,12,30,0,42,67,YES,0,1,NO,Phoenix,29,21,50,25,11,0,36,86,YES,1,0,YES,75,78,153,75.69,79.43,155.11,-5.5,201.5
2000,22-Feb,07:00PM,Tue,Orlando,24,11,35,25,31,0,56,91,YES,3,1,NO,Seattle,25,37,62,37,28,0,65,127,NO,2,2,NO,97,121,218,97.69,122.43,220.11,-5.5,201.5
2000,22-Feb,07:00PM,Tue,Milwaukee,23,22,45,28,28,0,56,101,YES,2,0,YES,Washington,32,40,72,31,23,0,54,126,NO,1,1,YES,117,110,227,117.69,111.43,229.11,3.5,205
2000,22-Feb,06:30PM,Tue,Vancouver,28,19,47,21,17,0,38,85,NO,0,1,YES,Chicago,21,23,44,20,17,0,37,81,YES,1,2,NO,91,75,166,91.69,76.43,168.11,-2.5,175.5
2000,22-Feb,07:30PM,Tue,LAL,18,26,44,29,24,0,53,97,NO,1,0,NO,New Jersey,16,17,33,31,25,0,56,89,YES,0,1,YES,77,109,186,77.69,110.43,188.11,5.5,185
2000,22-Feb,08:00PM,Tue,Houston,20,24,44,30,23,0,53,97,YES,1,1,YES,Charlotte,27,26,53,22,27,0,49,102,NO,1,1,NO,97,102,199,97.69,103.43,201.11,-9,200
2000,23-Feb,06:00PM,Wed,Golden State,20,27,47,21,23,0,44,91,NO,0,1,NO,Milwaukee,23,30,53,18,15,0,33,86,NO,1,0,YES,100,77,177,100.69,78.43,179.11,-9.5,210
2000,23-Feb,07:00PM,Wed,LAC,14,17,31,29,18,0,47,78,NO,1,0,NO,Philadelphia,25,22,47,23,24,0,47,94,YES,1,2,NO,78,94,172,78.69,95.43,174.11,-13.5,189
2000,23-Feb,07:30PM,Wed,LAL,25,32,57,24,35,0,59,116,NO,0,1,YES,Cleveland,24,27,51,27,20,0,47,98,YES,1,1,NO,108,106,214,108.69,107.43,216.11,6.5,188
2000,23-Feb,07:30PM,Wed,Indiana,26,29,55,29,34,0,63,118,YES,1,0,YES,Detroit,30,26,56,26,29,0,55,111,NO,1,1,NO,111,118,229,111.69,119.43,231.11,-2.5,201
2000,23-Feb,07:30PM,Wed,New Jersey,29,22,51,20,14,0,34,85,YES,0,2,YES,Miami,27,32,59,24,16,0,40,99,NO,1,1,YES,110,74,184,110.69,75.43,186.11,-8.5,184
2000,23-Feb,07:30PM,Wed,Toronto,26,16,42,29,28,0,57,99,YES,2,1,YES,New York,22,25,47,20,21,0,41,88,NO,1,1,NO,89,98,187,89.69,99.43,189.11,-5.5,183
2000,23-Feb,04:30PM,Wed,Atlanta,39,26,65,21,14,0,35,100,NO,1,1,NO,Sacramento,31,23,54,20,20,0,40,94,YES,2,1,YES,119,75,194,119.69,76.43,196.11,-9,209
2000,24-Feb,07:00PM,Thu,Chicago,30,14,44,21,18,0,39,83,YES,1,0,YES,Indiana,22,23,45,26,29,0,55,100,NO,1,0,YES,89,94,183,89.69,95.43,185.11,-13.5,179.5
2000,24-Feb,06:00PM,Thu,LAC,22,28,50,17,24,0,41,91,NO,0,1,YES,Minnesota,25,44,69,25,22,0,47,116,YES,0,1,NO,119,88,207,119.69,89.43,209.11,-13.5,190
2000,24-Feb,04:00PM,Thu,Orlando,26,15,41,16,35,0,51,92,NO,1,0,NO,Portland,25,26,51,20,40,0,60,111,NO,2,2,NO,92,111,203,92.69,112.43,205.11,-9.5,194
2000,24-Feb,07:00PM,Thu,Phoenix,35,19,54,19,19,0,38,92,YES,1,0,NO,Washington,19,28,47,18,18,0,36,83,NO,1,1,NO,101,74,175,101.69,75.43,177.11,6,196
2000,24-Feb,07:00PM,Thu,Boston,25,27,52,24,25,0,49,101,NO,2,0,NO,Vancouver,11,23,34,20,23,0,43,77,NO,1,1,YES,86,92,178,86.69,93.43,180.11,-1.5,195.5
2000,24-Feb,07:30PM,Thu,San Antonio,10,28,38,18,16,0,34,72,YES,2,0,NO,Charlotte,16,16,32,19,19,0,38,70,YES,1,1,NO,70,72,142,70.69,73.43,144.11,-2.5,185
2000,24-Feb,06:30PM,Thu,Utah,22,18,40,22,30,0,52,92,YES,2,0,YES,Dallas,16,22,38,21,26,0,47,85,NO,1,2,YES,78,99,177,78.69,100.43,179.11,2,194.5
2000,24-Feb,06:30PM,Thu,Denver,34,27,61,24,21,0,45,106,NO,1,1,NO,Houston,21,16,37,27,33,0,60,97,YES,2,1,YES,98,105,203,98.69,106.43,205.11,-5.5,204
2000,25-Feb,06:00PM,Fri,Philadelphia,24,25,49,22,26,0,48,97,YES,1,1,NO,Milwaukee,20,22,42,23,18,0,41,83,NO,1,1,NO,91,89,180,91.69,90.43,182.11,-2,194
2000,25-Feb,07:00PM,Fri,Atlanta,24,21,45,21,29,0,50,95,NO,1,0,NO,Seattle,24,26,50,24,13,0,37,87,YES,2,2,NO,95,87,182,95.69,88.43,184.11,-8,194
2000,25-Feb,05:00PM,Fri,Orlando,28,16,44,19,25,0,44,88,NO,0,1,NO,Utah,31,24,55,14,27,0,41,96,YES,1,0,YES,99,85,184,99.69,86.43,186.11,-7.5,197
2000,25-Feb,07:00PM,Fri,Minnesota,35,24,59,24,24,0,48,107,YES,0,1,YES,Toronto,27,19,46,14,25,0,39,85,NO,1,1,YES,105,87,192,105.69,88.43,194.11,-4.5,194
2000,25-Feb,06:30PM,Fri,San Antonio,22,22,44,19,28,0,47,91,NO,0,1,NO,Chicago,23,15,38,20,20,0,40,78,YES,1,0,YES,82,87,169,82.69,88.43,171.11,9.5,171.5
2000,25-Feb,04:30PM,Fri,Boston,17,24,41,25,30,0,55,96,NO,0,2,YES,LAL,30,23,53,31,25,0,56,109,NO,1,1,YES,94,111,205,94.69,112.43,207.11,-13,195.5
2000,25-Feb,07:30PM,Fri,Cleveland,18,21,39,23,20,0,43,82,YES,1,3,YES,Miami,28,20,48,15,24,0,39,87,YES,0,1,NO,87,82,169,87.69,83.43,171.11,-11,187
2000,25-Feb,08:00PM,Fri,Golden State,24,27,51,30,18,0,48,99,NO,1,0,NO,Detroit,38,28,66,35,30,0,65,131,NO,1,1,NO,117,113,230,117.69,114.43,232.11,-9.5,209
2000,25-Feb,08:00PM,Fri,Phoenix,23,19,42,20,17,0,37,79,NO,0,1,NO,New York,19,20,39,21,24,0,45,84,NO,1,1,NO,81,82,163,81.69,83.43,165.11,-3,179
2000,26-Feb,06:00PM,Sat,Denver,28,18,46,29,21,0,50,96,NO,1,3,YES,Dallas,27,24,51,26,21,0,47,98,YES,1,1,NO,97,97,194,97.69,98.43,196.11,-5,205
2000,26-Feb,07:00PM,Sat,Golden State,23,20,43,21,24,0,45,88,NO,0,1,YES,Indiana,25,27,52,24,28,0,52,104,NO,2,1,NO,95,97,192,95.69,98.43,194.11,-14,204.5
2000,26-Feb,07:00PM,Sat,Miami,22,30,52,23,23,0,46,98,YES,0,1,YES,Washington,23,31,54,20,14,0,34,88,YES,3,1,NO,106,80,186,106.69,81.43,188.11,3.5,188
2000,26-Feb,07:00PM,Sat,Sacramento,29,25,54,21,15,0,36,90,YES,2,2,YES,Vancouver,23,23,46,27,29,0,56,102,YES,2,1,NO,100,92,192,100.69,93.43,194.11,4.5,206
2000,26-Feb,04:30PM,Sat,Atlanta,17,17,34,22,21,0,43,77,NO,0,1,NO,LAC,24,22,46,19,13,0,32,78,NO,1,1,YES,80,75,155,80.69,76.43,157.11,5.5,191
2000,26-Feb,07:30PM,Sat,Charlotte,30,20,50,31,12,0,43,93,YES,1,1,YES,New Jersey,29,27,56,26,22,0,48,104,YES,1,2,YES,106,91,197,106.69,92.43,199.11,,
2000,27-Feb,09:00AM,Sun,Utah,22,20,42,28,22,0,50,92,YES,1,0,YES,Portland,24,28,52,26,23,0,49,101,NO,1,2,NO,94,99,193,94.69,100.43,195.11,-7,177.5
2000,27-Feb,12:30PM,Sun,Phoenix,17,30,47,32,23,0,55,102,NO,1,1,NO,Toronto,23,30,53,23,27,0,50,103,NO,1,1,NO,100,105,205,100.69,106.43,207.11,2,186.5
2000,27-Feb,12:30PM,Sun,Orlando,29,29,58,13,24,0,37,95,NO,1,1,YES,Milwaukee,26,29,55,19,28,0,47,102,YES,3,1,NO,113,84,197,113.69,85.43,199.11,-4,207.5
2000,27-Feb,11:30AM,Sun,Houston,13,16,29,25,31,0,56,85,YES,2,0,NO,LAL,30,18,48,25,28,0,53,101,YES,1,1,NO,77,109,186,77.69,110.43,188.11,-13,196
2000,27-Feb,03:00PM,Sun,Philadelphia,28,23,51,21,16,0,37,88,NO,1,1,YES,New York,21,26,47,23,19,0,42,89,YES,0,1,NO,98,79,177,98.69,80.43,179.11,-2.5,175
2000,27-Feb,03:30PM,Sun,San Antonio,24,27,51,23,24,0,47,98,NO,1,1,YES,Minnesota,36,25,61,22,19,0,41,102,NO,1,1,YES,112,88,200,112.69,89.43,202.11,0,0
2000,27-Feb,08:00PM,Sun,Chicago,27,25,52,20,18,0,38,90,YES,1,1,NO,Detroit,32,21,53,23,17,0,40,93,YES,1,1,NO,105,78,183,105.69,79.43,185.11,-13,187.5
2000,28-Feb,07:00PM,Mon,Dallas,26,21,47,32,29,0,61,108,YES,1,0,NO,Boston,29,34,63,22,15,0,37,100,NO,1,2,YES,110,98,208,110.69,99.43,210.11,-4,203.5
2000,28-Feb,05:00PM,Mon,New Jersey,35,14,49,28,24,0,52,101,YES,1,1,NO,Utah,28,27,55,21,30,0,51,106,YES,1,0,YES,104,103,207,104.69,104.43,209.11,-6,186.5
2000,28-Feb,07:30PM,Mon,Seattle,21,21,42,22,20,0,42,84,YES,2,0,NO,Charlotte,27,20,47,18,16,0,34,81,YES,0,1,YES,89,76,165,89.69,77.43,167.11,,
2000,28-Feb,04:30PM,Mon,Atlanta,22,19,41,20,14,0,34,75,NO,1,1,YES,Golden State,14,19,33,25,22,0,47,80,YES,3,1,YES,74,81,155,74.69,82.43,157.11,3,195
2000,28-Feb,04:30PM,Mon,Houston,22,36,58,16,22,0,38,96,NO,0,2,YES,LAC,15,21,36,26,15,0,41,77,NO,4,1,NO,94,79,173,94.69,80.43,175.11,3,196
2000,28-Feb,08:00PM,Mon,New York,33,10,43,17,16,0,33,76,YES,0,2,YES,Miami,17,20,37,24,24,0,48,85,YES,0,1,YES,80,81,161,80.69,82.43,163.11,-3.5,173.5
2000,Feb-29,07:00PM,Tue,Detroit,15,34,49,31,25,0,56,105,YES,1,0,YES,Indiana,32,25,57,31,27,0,58,115,YES,1,2,NO,106,114,220,,,,-7,205.5
2000,Feb-29,06:00PM,Tue,Charlotte,26,25,51,21,20,0,41,92,YES,0,1,NO,Minnesota,26,18,44,24,19,0,43,87,YES,1,1,NO,95,84,179,,,,-7,190.5
2000,Feb-29,07:00PM,Tue,Dallas,28,14,42,17,28,0,45,87,NO,0,1,YES,Philadelphia,29,24,53,27,26,0,53,106,YES,1,1,YES,95,98,193,,,,0,0
2000,Feb-29,06:00PM,Tue,Miami,12,20,32,20,17,0,37,69,YES,0,1,YES,San Antonio,24,21,45,29,19,0,48,93,NO,1,1,YES,77,85,162,,,,0,0
2000,Feb-29,07:00PM,Tue,Chicago,14,28,42,18,20,0,38,80,NO,1,1,YES,Toronto,16,26,42,21,24,0,45,87,YES,0,1,NO,84,83,167,,,,-11,182
2000,Feb-29,07:30PM,Tue,Phoenix,29,25,54,30,16,0,46,100,NO,1,1,YES,Cleveland,26,22,48,25,20,0,45,93,YES,1,3,YES,102,91,193,,,,6,190
2000,Feb-29,07:30PM,Tue,Seattle,22,23,45,26,23,0,49,94,NO,0,1,NO,Orlando,30,27,57,28,18,0,46,103,NO,1,1,YES,102,95,197,,,,-2.5,203
2000,Feb-29,04:30PM,Tue,LAL,20,24,44,24,22,0,46,90,YES,1,0,YES,Portland,22,15,37,25,25,0,50,87,NO,2,1,NO,81,96,177,,,,-3,181
2000,Feb-29,04:30PM,Tue,Vancouver,29,16,45,26,16,0,42,87,YES,2,0,NO,Sacramento,26,35,61,25,26,0,51,112,YES,1,2,YES,106,93,199,,,,-11,205
2000,1-Mar,07:00PM,Wed,Toronto,24,22,46,19,31,0,50,96,YES,0,1,YES,Boston,22,18,40,26,28,0,54,94,YES,1,1,NO,86,104,190,86.69,105.43,192.11,-2,199
2000,1-Mar,05:00PM,Wed,New Jersey,24,26,50,19,25,0,44,94,NO,1,0,NO,Denver,21,14,35,21,25,0,46,81,NO,1,3,YES,85,90,175,85.69,91.43,177.11,-4.5,199
2000,1-Mar,07:30PM,Wed,Washington,31,20,51,23,28,0,51,102,YES,3,0,YES,Atlanta,23,27,50,13,20,0,33,83,NO,1,1,YES,101,84,185,101.69,85.43,187.11,-6,195.5
2000,1-Mar,07:30PM,Wed,Utah,33,27,60,28,19,0,47,107,YES,1,1,NO,Detroit,32,16,48,20,26,0,46,94,YES,2,0,YES,108,93,201,108.69,94.43,203.11,-2,195.5
2000,1-Mar,04:30PM,Wed,Vancouver,22,25,47,22,22,0,44,91,NO,0,1,NO,LAL,23,25,48,29,26,0,55,103,NO,1,0,YES,95,99,194,95.69,100.43,196.11,-13,187.5
2000,2-Mar,04:00PM,Thu,Indiana,16,29,45,21,21,0,42,87,YES,1,0,NO,Phoenix,27,28,55,29,34,0,63,118,NO,1,1,YES,100,105,205,100.69,106.43,207.11,-5,192
2000,2-Mar,07:00PM,Thu,Philadelphia,17,18,35,24,28,0,52,87,YES,1,1,NO,Washington,21,23,44,19,21,0,40,84,NO,1,0,YES,79,92,171,79.69,93.43,173.11,4,190
2000,2-Mar,06:30PM,Thu,Cleveland,35,20,55,33,15,11,48,103,YES,1,1,NO,Chicago,29,27,56,31,16,7,47,103,NO,1,1,YES,111,95,206,111.69,96.43,208.11,2,177
2000,2-Mar,06:30PM,Thu,New Jersey,24,25,49,30,24,0,54,103,NO,0,1,NO,Dallas,30,24,54,30,18,0,48,102,YES,1,1,YES,103,102,205,103.69,103.43,207.11,-4.5,201
2000,2-Mar,06:30PM,Thu,Sacramento,19,28,47,26,26,0,52,99,YES,1,1,NO,Houston,30,29,59,16,27,0,43,102,NO,1,2,YES,106,95,201,106.69,96.43,203.11,2.5,211
2000,2-Mar,07:30PM,Thu,Seattle,13,28,41,25,17,0,42,83,NO,1,1,NO,Miami,31,20,51,23,27,0,50,101,YES,2,1,YES,92,92,184,92.69,93.43,186.11,0,0
2000,2-Mar,07:30PM,Thu,Milwaukee,29,26,55,17,22,0,39,94,YES,3,1,YES,New York,21,28,49,36,24,0,60,109,YES,0,2,YES,104,99,203,104.69,100.43,205.11,-4.5,187.5
2000,2-Mar,07:30PM,Thu,Charlotte,29,21,50,20,26,0,46,96,NO,1,0,YES,Orlando,24,29,53,25,26,0,51,104,YES,2,1,NO,103,97,200,103.69,98.43,202.11,-2,198
2000,2-Mar,06:30PM,Thu,Minnesota,31,22,53,29,26,0,55,108,YES,1,1,NO,San Antonio,29,27,56,21,25,0,46,102,NO,1,1,NO,109,101,210,109.69,102.43,212.11,0,0
2000,3-Mar,05:00PM,Fri,Golden State,24,22,46,21,21,0,42,88,YES,3,1,YES,Denver,34,20,54,34,34,0,68,122,NO,1,1,NO,100,110,210,100.69,111.43,212.11,-7,202.5
2000,3-Mar,04:00PM,Fri,Vancouver,25,20,45,21,25,0,46,91,NO,1,1,YES,Portland,35,17,52,23,26,0,49,101,NO,2,2,NO,97,95,192,97.69,96.43,194.11,-12.5,187
2000,3-Mar,07:00PM,Fri,Boston,25,25,50,23,31,0,54,104,YES,1,1,YES,Toronto,37,20,57,29,28,0,57,114,YES,1,1,YES,107,111,218,107.69,112.43,220.11,-5,197.5
2000,3-Mar,07:30PM,Fri,New York,19,20,39,20,11,0,31,70,YES,0,1,YES,Atlanta,18,28,46,18,19,0,37,83,NO,0,1,NO,85,68,153,85.69,69.43,155.11,0,179
2000,3-Mar,04:30PM,Fri,Indiana,16,23,39,27,26,0,53,92,NO,0,1,NO,LAL,30,26,56,24,27,0,51,107,NO,1,1,NO,95,104,199,95.69,105.43,201.11,-8.5,193
2000,3-Mar,08:00PM,Fri,Utah,23,22,45,19,25,0,44,89,NO,1,1,NO,Charlotte,29,18,47,13,27,0,40,87,NO,1,0,YES,92,84,176,92.69,85.43,178.11,2,187
2000,4-Mar,09:30AM,Sat,Cleveland,20,32,52,27,30,0,57,109,NO,1,0,NO,LAC,29,28,57,18,24,0,42,99,NO,1,4,NO,109,99,208,109.69,100.43,210.11,3.5,191.5
2000,4-Mar,12:30PM,Sat,New Jersey,18,21,39,26,21,6,47,86,NO,1,1,NO,Houston,27,20,47,17,22,13,39,86,NO,2,1,NO,86,86,172,86.69,87.43,174.11,-3,199
2000,4-Mar,04:00PM,Sat,Philadelphia,24,24,48,26,21,0,47,95,NO,1,3,YES,Chicago,27,21,48,15,21,0,36,84,YES,0,1,NO,96,83,179,96.69,84.43,181.11,7,174
2000,4-Mar,04:00PM,Sat,Sacramento,25,26,51,22,19,16,41,92,NO,1,1,YES,San Antonio,28,17,45,23,24,11,47,92,NO,1,1,NO,96,88,184,96.69,89.43,186.11,-6.5,198.5
2000,4-Mar,04:00PM,Sat,Dallas,20,32,52,22,22,0,44,96,YES,1,1,NO,Phoenix,31,29,60,24,26,0,50,110,NO,1,1,NO,112,94,206,112.69,95.43,208.11,-10.5,198.5
2000,4-Mar,07:00PM,Sat,Detroit,26,16,42,31,21,0,52,94,YES,2,3,YES,Washington,24,20,44,29,27,0,56,100,NO,1,1,NO,86,108,194,86.69,109.43,196.11,1.5,207
2000,4-Mar,07:30PM,Sat,Seattle,18,31,49,21,23,0,44,93,NO,1,0,NO,Atlanta,21,17,38,18,25,0,43,81,YES,1,0,NO,87,87,174,87.69,88.43,176.11,2.5,187
2000,4-Mar,07:00PM,Sat,Minnesota,24,22,46,29,16,0,45,91,NO,1,0,YES,Milwaukee,21,25,46,16,22,0,38,84,NO,1,1,YES,92,83,175,92.69,84.43,177.11,-1,201
2000,5-Mar,12:00PM,Sun,Toronto,20,26,46,24,24,0,48,94,YES,1,0,NO,Vancouver,28,19,47,23,22,0,45,92,YES,1,1,YES,93,93,186,93.69,94.43,188.11,4.5,193
2000,5-Mar,12:30PM,Sun,Utah,21,17,38,24,26,0,50,88,NO,1,1,YES,New York,14,16,30,25,24,0,49,79,NO,1,1,YES,68,99,167,68.69,100.43,169.11,-2.5,176
2000,5-Mar,03:00PM,Sun,Orlando,19,21,40,19,32,0,51,91,YES,2,0,NO,Boston,18,27,45,27,25,0,52,97,NO,2,1,YES,85,103,188,85.69,104.43,190.11,-3.5,205
2000,5-Mar,12:00PM,Sun,Miami,23,17,40,20,20,0,40,80,YES,2,0,NO,LAL,37,20,57,15,21,0,36,93,YES,0,1,NO,97,76,173,97.69,77.43,175.11,-9,182
2000,5-Mar,03:00PM,Sun,Indiana,34,25,59,25,30,0,55,114,NO,1,1,YES,Golden State,31,22,53,17,25,0,42,95,NO,1,1,YES,112,97,209,112.69,98.43,211.11,8.5,203
2000,5-Mar,07:00PM,Sun,Chicago,21,28,49,25,20,0,45,94,YES,0,1,YES,Charlotte,26,24,50,23,27,0,50,100,YES,1,1,NO,99,95,194,99.69,96.43,196.11,-12,176
2000,5-Mar,05:00PM,Sun,Cleveland,27,24,51,24,25,0,49,100,NO,0,1,NO,Denver,22,29,51,26,15,0,41,92,YES,1,1,NO,102,90,192,102.69,91.43,194.11,-7.5,205.5
2000,5-Mar,06:30PM,Sun,Seattle,14,21,35,26,33,6,59,94,NO,0,1,YES,Minnesota,27,25,52,25,17,11,42,94,NO,1,0,YES,87,101,188,87.69,102.43,190.11,-5,188
2000,6-Mar,03:00PM,Mon,Miami,25,15,40,29,23,0,52,92,NO,0,3,YES,Phoenix,35,27,62,14,24,0,38,100,YES,0,1,NO,102,90,192,102.69,91.43,194.11,-8,181.5
2000,6-Mar,06:00PM,Mon,Atlanta,19,17,36,17,25,0,42,78,YES,1,0,NO,Milwaukee,30,28,58,29,24,0,53,111,YES,1,1,NO,94,95,189,94.69,96.43,191.11,-5,190.5
2000,6-Mar,07:00PM,Mon,Orlando,28,24,52,14,21,0,35,87,NO,0,1,YES,Washington,22,27,49,17,19,0,36,85,YES,0,1,NO,101,71,172,101.69,72.43,174.11,-4,201
2000,6-Mar,04:30PM,Mon,LAL,24,32,56,36,31,0,67,123,YES,0,2,NO,LAC,29,26,55,25,23,0,48,103,NO,1,1,NO,111,115,226,111.69,116.43,228.11,15,193.5
2000,6-Mar,04:30PM,Mon,Toronto,18,29,47,34,28,0,62,109,NO,0,1,NO,Portland,24,28,52,18,20,0,38,90,YES,1,2,NO,99,100,199,99.69,101.43,201.11,-9,190
2000,6-Mar,04:30PM,Mon,Dallas,20,29,49,33,27,0,60,109,NO,1,0,NO,Sacramento,38,21,59,33,38,0,71,130,NO,1,1,YES,108,131,239,108.69,132.43,241.11,-7.5,212.5
2000,6-Mar,06:30PM,Mon,New Jersey,27,32,59,22,23,0,45,104,NO,1,1,YES,San Antonio,28,29,57,27,22,0,49,106,YES,2,1,NO,116,94,210,116.69,95.43,212.11,-8.5,186
2000,7-Mar,06:00PM,Tue,Phoenix,32,19,51,29,28,0,57,108,YES,0,2,YES,Houston,25,30,55,25,21,0,46,101,YES,1,2,NO,106,103,209,106.69,104.43,211.11,3,193.5
2000,7-Mar,07:00PM,Tue,Denver,32,17,49,23,17,0,40,89,YES,1,0,NO,Indiana,18,29,47,24,19,0,43,90,NO,1,1,YES,96,83,179,96.69,84.43,181.11,-11,204.5
2000,7-Mar,06:00PM,Tue,Washington,21,20,41,20,29,0,49,90,YES,0,0,YES,Minnesota,22,24,46,23,17,0,40,86,YES,1,1,NO,87,89,176,87.69,90.43,178.11,-9.5,191
2000,7-Mar,07:00PM,Tue,Dallas,18,20,38,26,22,0,48,86,NO,0,1,YES,Seattle,25,32,57,17,27,0,44,101,NO,2,1,YES,95,92,187,95.69,93.43,189.11,-8,202.5
2000,7-Mar,05:00PM,Tue,Cleveland,31,24,55,17,23,0,40,95,NO,1,2,YES,Utah,36,26,62,24,27,0,51,113,NO,1,1,YES,117,91,208,117.69,92.43,210.11,-9.5,190
2000,7-Mar,06:30PM,Tue,Atlanta,22,26,48,19,15,0,34,82,NO,0,1,YES,Chicago,20,30,50,16,23,0,39,89,YES,0,1,YES,98,73,171,98.69,74.43,173.11,3,172.5
2000,7-Mar,04:30PM,Tue,Charlotte,25,28,53,23,26,0,49,102,YES,1,0,NO,Golden State,21,24,45,26,28,0,54,99,NO,1,1,NO,98,103,201,98.69,104.43,203.11,5.5,199.5
2000,7-Mar,07:30PM,Tue,Vancouver,16,21,37,29,20,0,49,86,YES,1,0,NO,New York,26,27,53,32,26,0,58,111,YES,0,1,NO,90,107,197,90.69,108.43,199.11,-9,179
2000,8-Mar,07:00PM,Wed,Milwaukee,25,34,59,25,17,0,42,101,YES,1,1,YES,Boston,26,26,52,31,29,0,60,112,NO,1,2,NO,111,102,213,111.69,103.43,215.11,-3,204.5
2000,8-Mar,07:00PM,Wed,Vancouver,34,22,56,15,19,0,34,90,NO,0,1,NO,Philadelphia,26,27,53,30,24,0,54,107,NO,1,3,YES,109,88,197,109.69,89.43,199.11,-9.5,188
2000,8-Mar,07:00PM,Wed,New York,26,27,53,20,29,11,49,102,YES,0,1,NO,Washington,30,22,52,27,23,16,50,102,NO,1,0,YES,105,99,204,105.69,100.43,206.11,5,178.5
2000,8-Mar,07:30PM,Wed,Denver,38,28,66,17,33,0,50,116,NO,0,1,NO,Detroit,29,34,63,41,26,0,67,130,NO,1,3,YES,129,117,246,129.69,118.43,248.11,-8,206
2000,8-Mar,04:30PM,Wed,Toronto,18,25,43,26,26,0,52,95,NO,1,1,NO,LAC,21,30,51,24,19,0,43,94,NO,1,1,NO,94,95,189,94.69,96.43,191.11,8.5,196
2000,8-Mar,07:30PM,Wed,Portland,25,22,47,23,33,0,56,103,YES,1,0,NO,New Jersey,30,31,61,33,21,0,54,115,YES,1,1,YES,108,110,218,108.69,111.43,220.11,4.5,188.5
2000,8-Mar,07:30PM,Wed,Chicago,16,20,36,11,20,0,31,67,YES,0,1,NO,Orlando,30,23,53,23,27,0,50,103,NO,2,1,YES,89,81,170,89.69,82.43,172.11,-11,185
2000,8-Mar,04:30PM,Wed,Charlotte,25,30,55,21,16,0,37,92,NO,0,1,NO,Sacramento,21,23,44,29,32,0,61,105,NO,1,1,NO,99,98,197,99.69,99.43,199.11,-7,208
2000,9-Mar,07:00PM,Thu,Portland,25,29,54,32,20,13,52,106,NO,0,1,NO,Indiana,33,27,60,29,17,21,46,106,YES,0,1,NO,114,98,212,114.69,99.43,214.11,-1.5,190
2000,9-Mar,05:00PM,Thu,Houston,18,26,44,20,18,0,38,82,YES,1,1,YES,Utah,22,24,46,23,32,0,55,101,YES,0,1,NO,90,93,183,90.69,94.43,185.11,-8,193.5
2000,9-Mar,07:30PM,Thu,San Antonio,30,33,63,23,19,0,42,105,YES,2,0,NO,Atlanta,14,19,33,29,17,0,46,79,NO,1,1,YES,96,88,184,96.69,89.43,186.11,5.5,178
2000,9-Mar,06:30PM,Thu,Minnesota,23,23,46,23,31,0,54,100,YES,1,1,NO,Dallas,21,16,37,21,21,0,42,79,NO,1,1,YES,83,96,179,83.69,97.43,181.11,3,200
2000,9-Mar,04:30PM,Thu,LAL,23,36,59,27,23,0,50,109,NO,2,2,YES,Golden State,25,24,49,24,19,0,43,92,YES,0,1,NO,108,93,201,108.69,94.43,203.11,13,196
2000,10-Mar,07:00PM,Fri,Chicago,20,21,41,16,17,0,33,74,NO,1,2,YES,Boston,31,31,62,23,19,0,42,104,NO,1,1,NO,103,75,178,103.69,76.43,180.11,-10.5,183
2000,10-Mar,06:00PM,Fri,New Jersey,28,31,59,23,26,0,49,108,YES,1,1,YES,Milwaukee,23,18,41,21,18,0,39,80,NO,1,1,YES,100,88,188,100.69,89.43,190.11,-3,203
2000,10-Mar,07:00PM,Fri,New York,21,15,36,24,22,0,46,82,NO,1,1,YES,Philadelphia,11,32,43,17,17,0,34,77,YES,1,1,NO,79,80,159,79.69,81.43,161.11,-5,176
2000,10-Mar,04:00PM,Fri,Utah,28,16,44,22,33,0,55,99,YES,0,2,NO,Phoenix,21,19,40,27,29,0,56,96,YES,0,2,YES,84,111,195,84.69,112.43,197.11,-6.5,187
2000,10-Mar,07:00PM,Fri,Golden State,30,13,43,20,22,0,42,85,YES,0,1,YES,Seattle,21,24,45,23,31,0,54,99,NO,1,2,NO,88,96,184,88.69,97.43,186.11,-11.5,199
2000,10-Mar,07:00PM,Fri,San Antonio,23,29,52,15,28,11,43,95,NO,0,1,NO,Washington,25,21,46,25,24,4,49,95,NO,1,1,NO,98,92,190,98.69,93.43,192.11,6,184
2000,10-Mar,07:30PM,Fri,Indiana,25,21,46,26,23,0,49,95,YES,0,1,YES,Cleveland,33,18,51,19,22,0,41,92,YES,1,2,YES,97,90,187,97.69,91.43,189.11,2,201
2000,10-Mar,04:30PM,Fri,Charlotte,26,23,49,37,32,0,69,118,NO,1,4,YES,LAC,32,26,58,25,18,0,43,101,YES,1,1,NO,107,112,219,107.69,113.43,221.11,7,192
2000,10-Mar,07:30PM,Fri,Denver,27,19,46,24,18,0,42,88,NO,1,0,NO,Miami,32,23,55,20,21,0,41,96,YES,1,3,YES,101,83,184,101.69,84.43,186.11,-9.5,188
2000,10-Mar,04:30PM,Fri,Toronto,26,22,48,20,20,0,40,88,NO,1,1,NO,Sacramento,31,27,58,27,18,0,45,103,YES,1,1,NO,106,85,191,106.69,86.43,193.11,-5.5,208
2000,10-Mar,08:00PM,Fri,Vancouver,24,20,44,20,33,0,53,97,NO,1,0,NO,Detroit,31,29,60,16,35,0,51,111,NO,0,1,NO,104,104,208,104.69,105.43,210.11,-9.5,207
2000,11-Mar,06:00PM,Sat,Phoenix,25,26,51,26,22,0,48,99,YES,0,2,YES,Dallas,24,26,50,23,31,0,54,104,NO,2,1,NO,101,102,203,101.69,103.43,205.11,5,200
2000,11-Mar,07:30PM,Sat,Vancouver,16,23,39,31,16,0,47,86,NO,0,1,YES,Atlanta,22,28,50,23,18,0,41,91,YES,2,1,NO,89,88,177,89.69,89.43,179.11,-5.5,185.5
2000,11-Mar,07:30PM,Sat,Portland,21,23,44,20,35,0,55,99,NO,1,0,NO,Detroit,17,26,43,25,26,0,51,94,NO,1,0,NO,87,106,193,87.69,107.43,195.11,4.5,202.5
2000,11-Mar,06:30PM,Sat,Minnesota,25,28,53,25,22,0,47,100,NO,1,2,NO,Houston,17,28,45,20,21,0,41,86,YES,2,1,YES,98,88,186,98.69,89.43,188.11,3,192
2000,11-Mar,07:30PM,Sat,Denver,22,30,52,30,25,0,55,107,NO,0,1,YES,Orlando,34,29,63,25,22,0,47,110,YES,0,2,NO,115,102,217,115.69,103.43,219.11,-8.5,204
2000,12-Mar,12:30PM,Sun,Philadelphia,21,17,38,19,20,0,39,77,YES,1,1,NO,Boston,31,21,52,21,20,0,41,93,YES,0,1,NO,90,80,170,90.69,81.43,172.11,-1,191
2000,12-Mar,12:30PM,Sun,Miami,25,28,53,26,26,0,52,105,YES,1,1,YES,Indiana,28,21,49,18,29,0,47,96,YES,1,1,YES,102,99,201,102.69,100.43,203.11,-5,186
2000,12-Mar,01:30PM,Sun,Cleveland,19,9,28,24,20,0,44,72,YES,1,1,YES,Milwaukee,27,23,50,22,31,0,53,103,YES,1,1,NO,78,97,175,78.69,98.43,177.11,-6.5,200.5
2000,12-Mar,03:00PM,Sun,Toronto,31,19,50,28,21,0,49,99,NO,1,1,YES,Seattle,17,30,47,25,25,0,50,97,YES,0,1,NO,97,99,196,97.69,100.43,198.11,-4.5,192
2000,12-Mar,03:00PM,Sun,LAC,24,24,48,28,36,0,64,112,YES,1,1,YES,Golden State,24,25,49,29,25,0,54,103,YES,1,1,YES,97,118,215,97.69,119.43,217.11,-7,198.5
2000,12-Mar,06:00PM,Sun,Orlando,30,19,49,23,19,0,42,91,YES,0,1,YES,New Jersey,28,33,61,31,37,0,68,129,NO,5,1,YES,110,110,220,110.69,111.43,222.11,-6,202
2000,12-Mar,06:00PM,Sun,San Antonio,22,25,47,20,13,0,33,80,NO,1,1,YES,New York,34,20,54,25,14,0,39,93,NO,1,1,YES,101,72,173,101.69,73.43,175.11,-1.5,175
2000,12-Mar,06:00PM,Sun,Portland,27,28,55,17,30,0,47,102,NO,0,1,YES,Washington,17,26,43,22,21,0,43,86,YES,1,1,NO,98,90,188,98.69,91.43,190.11,5.5,191
2000,12-Mar,03:30PM,Sun,Sacramento,31,28,59,27,20,0,47,106,YES,1,1,NO,LAL,22,30,52,22,35,0,57,109,YES,0,2,YES,111,104,215,111.69,105.43,217.11,-11,205.5
2000,13-Mar,06:00PM,Mon,Utah,26,15,41,23,23,0,46,87,NO,2,2,NO,Chicago,26,22,48,11,20,0,31,79,YES,1,2,YES,89,77,166,89.69,78.43,168.11,10,174.5
2000,13-Mar,05:00PM,Mon,LAL,25,34,59,29,30,0,59,118,YES,0,2,NO,Denver,23,27,50,32,26,0,58,108,YES,0,1,YES,109,117,226,109.69,118.43,228.11,8,197
2000,13-Mar,07:00PM,Mon,Seattle,29,31,60,32,21,0,53,113,YES,0,2,YES,Vancouver,28,30,58,22,23,0,45,103,YES,2,1,YES,118,98,216,118.69,99.43,218.11,,
2000,13-Mar,08:00PM,Mon,Boston,23,24,47,34,34,0,68,115,YES,0,1,YES,Detroit,32,40,72,22,30,0,52,124,NO,1,1,NO,119,120,239,119.69,121.43,241.11,-7,207.5
2000,14-Mar,04:00PM,Tue,Minnesota,25,26,51,19,30,0,49,100,NO,2,1,NO,Phoenix,23,24,47,28,32,0,60,107,YES,2,2,YES,98,109,207,98.69,110.43,209.11,-5.5,190
2000,14-Mar,07:00PM,Tue,Golden State,24,21,45,16,17,0,33,78,YES,1,0,NO,Toronto,26,13,39,17,29,0,46,85,NO,2,1,YES,84,79,163,84.69,80.43,165.11,-11,199
2000,14-Mar,07:30PM,Tue,Philadelphia,24,23,47,15,27,9,42,89,NO,1,1,NO,Cleveland,28,22,50,16,23,8,39,89,NO,1,1,YES,97,81,178,97.69,82.43,180.11,3,188
2000,14-Mar,06:30PM,Tue,Indiana,18,28,46,15,29,0,44,90,YES,1,0,NO,Dallas,36,24,60,26,25,0,51,111,YES,1,2,NO,106,95,201,106.69,96.43,203.11,0,0
2000,14-Mar,04:30PM,Tue,Denver,24,31,55,31,20,0,51,106,YES,0,2,YES,LAC,27,28,55,21,34,0,55,110,YES,0,1,YES,110,106,216,110.69,107.43,218.11,2.5,203
2000,14-Mar,07:30PM,Tue,Milwaukee,32,35,67,12,25,0,37,104,YES,1,1,YES,Miami,23,31,54,26,28,0,54,108,NO,1,1,YES,121,91,212,121.69,92.43,214.11,-8.5,190.5
2000,14-Mar,07:30PM,Tue,Washington,27,28,55,11,32,0,43,98,YES,1,1,YES,Orlando,30,32,62,21,24,0,45,107,YES,0,1,YES,117,88,205,117.69,89.43,207.11,-6.5,201.5
2000,14-Mar,04:30PM,Tue,Sacramento,23,26,49,19,23,0,42,91,NO,1,0,YES,Portland,28,25,53,21,22,0,43,96,NO,1,1,YES,102,85,187,102.69,86.43,189.11,-8,201.5
2000,14-Mar,06:30PM,Tue,Atlanta,22,25,47,19,13,0,32,79,YES,2,0,YES,San Antonio,25,19,44,20,30,0,50,94,NO,1,1,YES,91,82,173,91.69,83.43,175.11,-11.5,181
2000,14-Mar,08:00PM,Tue,Houston,15,19,34,25,26,0,51,85,YES,2,1,NO,New York,21,24,45,17,29,0,46,91,YES,2,1,NO,79,97,176,79.69,98.43,178.11,-8,182.5
2000,15-Mar,07:00PM,Wed,Golden State,27,22,49,24,31,0,55,104,NO,0,1,NO,Boston,25,26,51,41,29,0,70,121,YES,1,1,YES,100,125,225,100.69,126.43,227.11,-11,203
2000,15-Mar,07:30PM,Wed,Indiana,26,29,55,25,33,0,58,113,NO,0,1,YES,Atlanta,30,25,55,16,36,0,52,107,NO,1,0,YES,110,110,220,110.69,111.43,222.11,4.5,0
2000,15-Mar,07:30PM,Wed,Chicago,17,23,40,15,19,0,34,74,YES,1,1,YES,Charlotte,26,18,44,19,14,0,33,77,NO,1,4,YES,84,67,151,84.69,68.43,153.11,-12.5,178
2000,15-Mar,07:30PM,Wed,Orlando,29,22,51,18,22,0,40,91,YES,0,1,NO,Detroit,32,27,59,22,32,0,54,113,NO,1,1,NO,110,94,204,110.69,95.43,206.11,-8.5,214
2000,15-Mar,04:30PM,Wed,LAC,19,14,33,21,24,0,45,78,YES,0,1,NO,Sacramento,27,28,55,19,24,0,43,98,YES,2,0,YES,88,88,176,88.69,89.43,178.11,-13.5,210
2000,16-Mar,06:00PM,Thu,Houston,22,26,48,20,28,0,48,96,NO,1,0,NO,Milwaukee,22,18,40,31,35,0,66,106,YES,1,1,YES,88,114,202,88.69,115.43,204.11,-6,199
2000,16-Mar,04:00PM,Thu,Minnesota,16,25,41,30,25,0,55,96,NO,1,2,YES,Portland,25,24,49,19,24,0,43,92,YES,1,1,NO,90,98,188,90.69,99.43,190.11,-7.5,186
2000,16-Mar,07:00PM,Thu,Vancouver,26,31,57,17,29,0,46,103,YES,2,0,YES,Seattle,40,24,64,24,29,0,53,117,NO,1,2,YES,121,99,220,121.69,100.43,222.11,,
2000,16-Mar,07:00PM,Thu,LAL,20,25,45,28,29,0,57,102,NO,2,0,NO,Washington,36,28,64,18,27,0,45,109,NO,1,1,YES,109,102,211,109.69,103.43,213.11,10,195.5
2000,16-Mar,07:30PM,Thu,Utah,24,17,41,36,30,0,66,107,NO,2,0,NO,Cleveland,18,27,45,12,29,0,41,86,NO,1,1,NO,86,107,193,86.69,108.43,195.11,5.5,190.5
2000,16-Mar,07:30PM,Thu,Philadelphia,21,22,43,16,18,0,34,77,NO,1,0,YES,Miami,29,21,50,21,21,0,42,92,YES,1,1,NO,93,76,169,93.69,77.43,171.11,0,0
2000,16-Mar,06:30PM,Thu,Dallas,34,25,59,33,18,0,51,110,YES,1,1,YES,San Antonio,22,23,45,24,19,0,43,88,NO,1,1,NO,104,94,198,104.69,95.43,200.11,-9,192
2000,17-Mar,05:00PM,Fri,LAC,21,29,50,23,14,0,37,87,NO,1,0,YES,Denver,30,24,54,33,27,0,60,114,YES,0,2,YES,104,97,201,104.69,98.43,203.11,-11,204
2000,17-Mar,07:00PM,Fri,Houston,21,24,45,31,26,0,57,102,NO,0,1,NO,Indiana,35,31,66,24,21,0,45,111,NO,0,1,YES,111,102,213,111.69,103.43,215.11,-10.5,199
2000,17-Mar,07:00PM,Fri,Utah,24,23,47,23,27,0,50,97,NO,0,1,NO,Philadelphia,22,23,45,25,29,0,54,99,NO,1,0,YES,92,104,196,92.69,105.43,198.11,-1,179
2000,17-Mar,07:00PM,Fri,Orlando,24,23,47,23,21,0,44,91,NO,1,1,NO,Toronto,25,22,47,20,28,0,48,95,NO,1,2,NO,94,92,186,94.69,93.43,188.11,-7,202.5
2000,17-Mar,07:00PM,Fri,Phoenix,24,18,42,31,28,0,59,101,YES,2,1,NO,Vancouver,16,20,36,23,27,0,50,86,NO,1,0,YES,78,109,187,78.69,110.43,189.11,6.5,194
2000,17-Mar,07:30PM,Fri,Boston,33,21,54,29,31,0,60,114,YES,1,0,NO,Atlanta,25,18,43,24,23,0,47,90,NO,1,1,NO,97,107,204,97.69,108.43,206.11,-1,192
2000,17-Mar,07:30PM,Fri,New York,30,26,56,34,28,0,62,118,YES,2,1,YES,Charlotte,22,23,45,24,30,0,54,99,YES,0,1,NO,101,116,217,101.69,117.43,219.11,-3,177
2000,17-Mar,06:30PM,Fri,Golden State,17,21,38,24,13,20,37,75,NO,1,1,YES,Chicago,22,16,38,16,21,17,37,75,YES,0,1,YES,76,74,150,76.69,75.43,152.11,-2.5,178
2000,17-Mar,08:00PM,Fri,LAL,22,32,54,26,30,0,56,110,NO,0,1,NO,Detroit,19,23,42,19,21,0,40,82,YES,1,1,NO,96,96,192,96.69,97.43,194.11,5.5,205
2000,18-Mar,01:00PM,Sat,Milwaukee,22,19,41,16,27,6,43,84,YES,1,0,NO,New Jersey,16,23,39,20,25,8,45,84,NO,0,5,NO,80,88,168,80.69,89.43,170.11,-4.5,203
2000,18-Mar,06:00PM,Sat,Boston,25,24,49,31,24,0,55,104,NO,0,1,NO,Dallas,24,23,47,25,27,0,52,99,YES,0,1,YES,96,107,203,96.69,108.43,205.11,-5,207
2000,18-Mar,07:00PM,Sat,Charlotte,23,28,51,26,22,0,48,99,YES,0,1,YES,Indiana,35,31,66,30,17,0,47,113,NO,2,0,NO,117,95,212,117.69,96.43,214.11,-6.5,198
2000,18-Mar,07:00PM,Sat,Portland,26,28,54,23,20,0,43,97,YES,1,3,YES,Seattle,19,39,58,17,21,0,38,96,NO,2,1,NO,112,81,193,112.69,82.43,195.11,2.5,186.5
2000,18-Mar,07:00PM,Sat,Chicago,21,22,43,22,23,0,45,88,YES,0,1,YES,Washington,25,21,46,25,30,0,55,101,YES,1,1,NO,89,100,189,89.69,101.43,191.11,-12,178
2000,18-Mar,07:30PM,Sat,Miami,32,15,47,12,21,12,33,80,YES,1,1,YES,Cleveland,26,18,44,17,19,10,36,80,NO,1,1,NO,91,69,160,91.69,70.43,162.11,5.5,186.5
2000,18-Mar,04:30PM,Sat,Sacramento,8,33,41,27,36,0,63,104,YES,2,2,YES,LAC,24,21,45,23,15,0,38,83,NO,1,0,YES,86,101,187,86.69,102.43,189.11,9.5,209
2000,18-Mar,06:30PM,Sat,Denver,14,25,39,20,23,0,43,82,YES,0,2,NO,San Antonio,24,23,47,26,29,0,55,102,YES,2,1,NO,86,98,184,86.69,99.43,186.11,-11,193
2000,19-Mar,12:00PM,Sun,LAL,23,20,43,26,23,0,49,92,NO,1,0,NO,New York,24,20,44,14,27,0,41,85,YES,1,1,YES,87,90,177,87.69,91.43,179.11,4,182
2000,19-Mar,12:30PM,Sun,Detroit,23,30,53,26,22,0,48,101,YES,1,1,NO,Vancouver,36,21,57,19,23,0,42,99,NO,1,1,NO,110,90,200,110.69,91.43,202.11,4,204
2000,19-Mar,01:00PM,Sun,Utah,22,23,45,24,23,0,47,92,NO,1,1,YES,New Jersey,20,25,45,21,22,0,43,88,YES,1,0,NO,90,90,180,90.69,91.43,182.11,3.5,191
2000,19-Mar,03:00PM,Sun,Houston,27,13,40,36,22,0,58,98,NO,1,0,NO,Toronto,28,24,52,20,28,0,48,100,NO,1,1,NO,92,106,198,92.69,107.43,200.11,-7.5,196
2000,19-Mar,06:00PM,Sun,Dallas,30,23,53,21,15,0,36,89,YES,0,1,YES,Atlanta,24,23,47,22,16,0,38,85,NO,1,1,NO,100,74,174,100.69,75.43,176.11,-1,198.5
2000,19-Mar,03:00PM,Sun,Phoenix,32,22,54,22,23,0,45,99,NO,1,0,YES,Golden State,21,26,47,19,16,0,35,82,YES,1,1,YES,101,80,181,101.69,81.43,183.11,8.5,198.5
2000,19-Mar,06:00PM,Sun,Milwaukee,22,24,46,12,24,0,36,82,NO,0,3,NO,Minnesota,28,24,52,41,16,0,57,109,NO,1,2,YES,98,93,191,98.69,94.43,193.11,-8,197
2000,19-Mar,07:30PM,Sun,Orlando,22,19,41,31,13,0,44,85,NO,1,0,NO,Philadelphia,21,31,52,17,20,0,37,89,YES,0,1,NO,93,81,174,93.69,82.43,176.11,-6.5,193
2000,20-Mar,07:30PM,Mon,Philadelphia,27,34,61,18,23,0,41,102,YES,0,1,YES,Charlotte,26,24,50,22,24,0,46,96,NO,1,1,YES,111,87,198,111.69,88.43,200.11,-4,184
2000,20-Mar,06:30PM,Mon,Orlando,21,19,40,24,17,7,41,81,NO,0,1,YES,Chicago,11,19,30,33,18,5,51,81,YES,1,1,YES,70,92,162,70.69,93.43,164.11,6,181.5
2000,20-Mar,07:30PM,Mon,Houston,17,22,39,23,23,0,46,85,NO,0,2,YES,Cleveland,18,21,39,30,29,0,59,98,YES,0,1,NO,78,105,183,78.69,106.43,185.11,0,0
2000,20-Mar,04:30PM,Mon,Washington,24,31,55,23,27,0,50,105,YES,1,0,NO,LAC,25,14,39,31,23,0,54,93,YES,1,1,NO,94,104,198,94.69,105.43,200.11,5,196
2000,20-Mar,08:00PM,Mon,LAL,21,21,42,33,25,0,58,100,NO,0,1,YES,Miami,23,32,55,14,20,0,34,89,YES,0,1,YES,97,92,189,97.69,93.43,191.11,4,182
2000,20-Mar,05:30PM,Mon,Boston,30,22,52,31,23,0,54,106,NO,1,1,YES,Phoenix,28,34,62,22,26,0,48,110,NO,1,0,YES,114,102,216,114.69,103.43,218.11,-8,199.5
2000,21-Mar,06:00PM,Tue,Cleveland,24,32,56,24,19,8,43,99,YES,0,1,NO,Minnesota,26,24,50,25,24,12,49,99,YES,0,1,NO,106,92,198,106.69,93.43,200.11,-10,192
2000,21-Mar,05:00PM,Tue,Denver,21,26,47,25,11,0,36,83,NO,2,1,YES,Utah,28,21,49,18,29,0,47,96,YES,2,1,YES,96,83,179,96.69,84.43,181.11,-10.5,194
2000,21-Mar,07:00PM,Tue,New Jersey,30,16,46,28,26,0,54,100,YES,1,0,NO,Toronto,22,28,50,23,20,0,43,93,YES,0,1,NO,96,97,193,96.69,98.43,195.11,-4.5,192.5
2000,21-Mar,07:00PM,Tue,Golden State,24,13,37,20,25,0,45,82,YES,1,0,NO,Vancouver,34,25,59,27,12,0,39,98,NO,3,1,NO,96,84,180,96.69,85.43,182.11,-5,195
2000,21-Mar,07:30PM,Tue,Miami,21,21,42,16,19,0,35,77,YES,0,2,NO,Atlanta,16,19,35,24,23,0,47,82,YES,0,1,NO,77,82,159,77.69,83.43,161.11,6,178.5
2000,21-Mar,06:30PM,Tue,San Antonio,25,35,60,10,26,0,36,96,YES,2,0,YES,Dallas,21,22,43,22,32,0,54,97,NO,1,1,YES,103,90,193,103.69,91.43,195.11,6,193
2000,21-Mar,04:30PM,Tue,Washington,32,20,52,23,11,0,34,86,NO,0,1,NO,Sacramento,23,32,55,17,26,0,43,98,YES,0,2,YES,107,77,184,107.69,78.43,186.11,-9,207
2000,21-Mar,07:30PM,Tue,Detroit,23,28,51,20,29,0,49,100,NO,1,0,NO,Seattle,28,23,51,18,21,0,39,90,NO,2,2,NO,102,88,190,102.69,89.43,192.11,-6,205.5
2000,21-Mar,08:00PM,Tue,New York,25,26,51,26,14,0,40,91,YES,1,0,YES,Indiana,22,29,51,20,24,0,44,95,NO,1,2,NO,102,84,186,102.69,85.43,188.11,-5.5,187
2000,22-Mar,07:00PM,Wed,Minnesota,25,30,55,25,29,0,54,109,YES,0,1,NO,Boston,26,30,56,29,21,0,50,106,YES,1,1,YES,111,104,215,111.69,105.43,217.11,-3,202
2000,22-Mar,07:00PM,Wed,Toronto,20,16,36,34,23,0,57,93,YES,0,1,YES,Philadelphia,18,25,43,35,28,0,63,106,NO,1,1,YES,79,120,199,79.69,121.43,201.11,-4.5,185
2000,22-Mar,04:00PM,Wed,Sacramento,25,27,52,22,19,0,41,93,YES,0,1,YES,Phoenix,34,16,50,38,26,0,64,114,YES,1,1,NO,102,105,207,102.69,106.43,209.11,-6.5,206.5
2000,22-Mar,04:00PM,Wed,Detroit,24,24,48,28,28,0,56,104,NO,0,1,NO,Portland,33,28,61,20,14,0,34,95,YES,1,3,YES,109,90,199,109.69,91.43,201.11,-8.5,197
2000,22-Mar,07:30PM,Wed,New Jersey,27,29,56,23,24,0,47,103,NO,0,1,YES,Charlotte,37,28,65,31,23,0,54,119,YES,1,1,NO,121,101,222,121.69,102.43,224.11,,
2000,22-Mar,04:30PM,Wed,Golden State,19,26,45,27,24,0,51,96,NO,0,1,YES,LAL,37,28,65,31,23,0,54,119,NO,1,1,YES,110,105,215,110.69,106.43,217.11,-17.5,196
2000,22-Mar,07:30PM,Wed,Chicago,15,26,41,14,12,0,26,67,YES,1,1,YES,New York,25,22,47,14,17,0,31,78,NO,1,0,YES,88,57,145,88.69,58.43,147.11,-12.5,171
2000,22-Mar,07:30PM,Wed,Atlanta,22,33,55,15,20,0,35,90,YES,0,1,NO,Orlando,32,23,55,25,23,0,48,103,NO,1,1,YES,110,83,193,110.69,84.43,195.11,-9.5,190.5
2000,22-Mar,06:30PM,Wed,LAC,21,21,42,23,13,0,36,78,YES,1,0,NO,San Antonio,23,30,53,25,25,0,50,103,NO,2,0,YES,95,86,181,95.69,87.43,183.11,-16,188
2000,23-Mar,05:00PM,Thu,Washington,26,30,56,23,21,0,44,100,NO,1,1,NO,Denver,21,21,42,19,25,0,44,86,YES,0,1,YES,98,88,186,98.69,89.43,188.11,-5.5,202
2000,23-Mar,07:00PM,Thu,Milwaukee,33,29,62,23,20,0,43,105,NO,3,0,YES,Indiana,19,21,40,28,16,0,44,84,NO,2,1,NO,102,87,189,102.69,88.43,191.11,-8.5,204
2000,23-Mar,06:30PM,Thu,Cleveland,22,34,56,18,30,0,48,104,NO,1,1,NO,Dallas,14,19,33,30,35,0,65,98,NO,1,1,NO,89,113,202,89.69,114.43,204.11,-6.5,203
2000,23-Mar,06:30PM,Thu,LAC,22,18,40,30,25,0,55,95,NO,0,1,YES,Houston,23,23,46,35,29,0,64,110,YES,0,2,YES,86,119,205,86.69,120.43,207.11,-11,195
2000,24-Mar,06:00PM,Fri,Miami,23,22,45,26,28,0,54,99,NO,2,1,NO,Milwaukee,20,18,38,30,19,0,49,87,NO,1,0,YES,83,103,186,83.69,104.43,188.11,1.5,188
2000,24-Mar,07:00PM,Fri,Boston,18,23,41,29,27,18,56,97,YES,1,1,NO,Philadelphia,22,17,39,34,24,20,58,97,YES,1,1,NO,80,114,194,80.69,115.43,196.11,-6,194
2000,24-Mar,07:00PM,Fri,Utah,26,16,42,23,33,0,56,98,YES,2,0,NO,Seattle,20,25,45,28,22,0,50,95,NO,2,2,NO,87,106,193,87.69,107.43,195.11,1,187.5
2000,24-Mar,07:00PM,Fri,Charlotte,18,30,48,34,20,0,54,102,YES,1,0,NO,Toronto,17,26,43,23,18,0,41,84,YES,1,1,YES,91,95,186,91.69,96.43,188.11,-5,196.5
2000,24-Mar,06:30PM,Fri,Denver,19,16,35,17,16,0,33,68,YES,0,1,NO,Chicago,19,16,35,17,18,0,35,70,YES,1,1,YES,70,68,138,70.69,69.43,140.11,2,176.5
2000,24-Mar,04:30PM,Fri,Portland,30,24,54,23,19,0,42,96,YES,1,1,YES,Golden State,19,25,44,18,21,0,39,83,YES,1,1,YES,98,81,179,98.69,82.43,181.11,10.5,193
2000,24-Mar,04:30PM,Fri,Phoenix,23,22,45,26,30,0,56,101,YES,1,1,YES,LAL,29,22,51,28,30,0,58,109,YES,1,1,NO,96,114,210,96.69,115.43,212.11,-12,191.5
2000,24-Mar,07:30PM,Fri,Minnesota,30,26,56,29,23,8,52,108,NO,1,1,YES,New Jersey,21,27,48,30,30,7,60,108,NO,1,1,YES,104,112,216,104.69,113.43,218.11,0,193
2000,24-Mar,07:30PM,Fri,Atlanta,23,26,49,17,17,0,34,83,NO,1,0,YES,New York,22,30,52,26,17,0,43,95,YES,1,1,NO,101,77,178,101.69,78.43,180.11,-10.5,173
2000,24-Mar,07:30PM,Fri,Houston,20,24,44,20,32,0,52,96,YES,0,1,YES,Orlando,27,31,58,23,31,0,54,112,NO,1,1,NO,102,106,208,102.69,107.43,210.11,-9,202
2000,24-Mar,04:30PM,Fri,Detroit,24,28,52,27,24,0,51,103,NO,1,0,NO,Sacramento,28,26,54,30,29,0,59,113,NO,1,1,YES,106,110,216,106.69,111.43,218.11,-4.5,213
2000,25-Mar,06:00PM,Sat,Washington,23,24,47,20,26,0,46,93,NO,1,3,YES,Dallas,21,18,39,23,24,0,47,86,YES,1,1,NO,86,93,179,86.69,94.43,181.11,-4.5,200.5
2000,25-Mar,07:00PM,Sat,Utah,17,17,34,23,27,0,50,84,NO,0,1,YES,Vancouver,15,19,34,24,17,0,41,75,NO,3,3,NO,68,91,159,68.69,92.43,161.11,7,186.5
2000,25-Mar,07:30PM,Sat,Charlotte,20,18,38,24,24,0,48,86,NO,0,3,NO,Atlanta,22,13,35,19,16,0,35,70,NO,2,0,YES,73,83,156,73.69,84.43,158.11,4.5,185.5
2000,25-Mar,04:30PM,Sat,Detroit,35,33,68,30,28,0,58,126,NO,0,3,YES,LAC,25,27,52,31,24,0,55,107,NO,2,1,YES,120,113,233,120.69,114.43,235.11,0,0
2000,25-Mar,06:30PM,Sat,Cleveland,29,20,49,12,15,0,27,76,NO,1,2,YES,San Antonio,21,27,48,23,25,0,48,96,YES,1,2,NO,97,75,172,97.69,76.43,174.11,-10.5,187
2000,26-Mar,12:30PM,Sun,Philadelphia,36,26,62,27,22,0,49,111,YES,1,1,NO,Indiana,23,22,45,19,37,0,56,101,YES,1,2,NO,107,105,212,107.69,106.43,214.11,-7,193.5
2000,26-Mar,12:30PM,Sun,Miami,27,23,50,12,7,0,19,69,NO,1,1,YES,Orlando,22,27,49,23,22,0,45,94,NO,1,1,NO,99,64,163,99.69,65.43,165.11,1.5,191
2000,26-Mar,01:30PM,Sun,Chicago,13,21,34,19,25,0,44,78,YES,1,2,YES,Houston,27,33,60,42,21,0,63,123,NO,1,1,YES,94,107,201,94.69,108.43,203.11,-8.5,176.5
2000,26-Mar,02:00PM,Sun,Boston,19,21,40,23,21,0,44,84,NO,1,1,NO,Milwaukee,25,28,53,21,25,0,46,99,YES,3,1,NO,93,90,183,93.69,91.43,185.11,-4.5,205
2000,26-Mar,03:00PM,Sun,Denver,37,23,60,17,35,0,52,112,NO,1,1,NO,New Jersey,27,29,56,30,24,0,54,110,NO,1,1,NO,116,106,222,116.69,107.43,224.11,-8.5,198
2000,26-Mar,12:30PM,Sun,LAL,18,29,47,21,22,0,43,90,YES,1,2,NO,Sacramento,25,25,50,23,16,0,39,89,NO,1,1,NO,97,82,179,97.69,83.43,181.11,7,206
2000,26-Mar,04:30PM,Sun,Toronto,16,20,36,23,28,14,51,87,YES,1,1,NO,Minnesota,23,21,44,20,23,19,43,87,NO,1,1,YES,80,94,174,80.69,95.43,176.11,-5.5,195.5
2000,26-Mar,03:00PM,Sun,New York,25,31,56,12,25,0,37,93,YES,1,1,NO,Portland,26,17,43,17,29,0,46,89,NO,1,1,YES,99,83,182,99.69,84.43,184.11,-6,178
2000,26-Mar,04:00PM,Sun,Golden State,23,17,40,20,22,0,42,82,YES,1,1,NO,Phoenix,30,33,63,12,15,0,27,90,YES,1,1,YES,103,69,172,103.69,70.43,174.11,-13.5,197.5
2000,27-Mar,05:00PM,Mon,San Antonio,18,24,42,19,29,0,48,90,YES,1,0,NO,Seattle,22,22,44,22,16,0,38,82,NO,1,2,NO,86,86,172,86.69,87.43,174.11,1,185.5
2000,27-Mar,05:00PM,Mon,Dallas,25,30,55,33,25,0,58,113,YES,1,0,NO,Utah,22,26,48,28,29,0,57,105,NO,1,1,YES,103,115,218,103.69,116.43,220.11,-10,193
2000,28-Mar,02:00PM,Tue,New York,34,22,56,20,19,0,39,95,NO,1,0,NO,Sacramento,30,27,57,25,21,0,46,103,YES,2,1,NO,113,85,198,113.69,86.43,200.11,-4,192
2000,28-Mar,06:00PM,Tue,Philadelphia,30,29,59,23,20,0,43,102,NO,1,0,NO,Minnesota,24,25,49,23,28,0,51,100,NO,1,1,NO,108,94,202,108.69,95.43,204.11,-4,189
2000,28-Mar,07:30PM,Tue,Denver,33,23,56,32,23,0,55,111,NO,1,0,NO,Atlanta,33,32,65,26,25,0,51,116,NO,1,2,NO,121,106,227,121.69,107.43,229.11,-2.5,185.5
2000,28-Mar,07:30PM,Tue,Toronto,22,18,40,26,33,0,59,99,NO,1,1,NO,Cleveland,24,27,51,28,17,0,45,96,YES,0,2,YES,91,104,195,91.69,105.43,197.11,2.5,195.5
2000,28-Mar,06:30PM,Tue,Golden State,19,20,39,27,20,0,47,86,NO,1,1,NO,Houston,32,32,64,27,30,0,57,121,YES,1,1,NO,103,104,207,103.69,105.43,209.11,-9.5,200.5
2000,28-Mar,04:30PM,Tue,Dallas,32,19,51,31,30,0,61,112,NO,0,1,NO,LAC,25,30,55,23,24,0,47,102,NO,1,2,NO,106,108,214,106.69,109.43,216.11,0,0
2000,28-Mar,07:30PM,Tue,Phoenix,12,16,28,22,28,0,50,78,YES,1,1,NO,Miami,30,24,54,13,14,0,27,81,NO,1,1,YES,82,77,159,82.69,78.43,161.11,-6.5,183
2000,28-Mar,07:30PM,Tue,Indiana,21,22,43,27,36,0,63,106,YES,1,2,YES,New Jersey,27,21,48,37,26,0,63,111,NO,1,1,NO,91,126,217,91.69,127.43,219.11,2,204
2000,28-Mar,07:30PM,Tue,Boston,32,20,52,11,24,0,35,87,NO,1,2,YES,Orlando,24,26,50,40,32,0,72,122,NO,2,1,NO,102,107,209,102.69,108.43,211.11,-6.5,206
2000,28-Mar,04:30PM,Tue,San Antonio,20,23,43,18,28,0,46,89,NO,0,1,YES,Portland,15,25,40,26,19,0,45,85,NO,1,1,NO,83,91,174,83.69,92.43,176.11,-4.5,179
2000,29-Mar,07:00PM,Wed,New York,30,29,59,25,26,0,51,110,NO,0,1,NO,Seattle,30,19,49,22,24,0,46,95,NO,1,1,NO,108,97,205,108.69,98.43,207.11,-2.5,181
2000,29-Mar,05:00PM,Wed,Philadelphia,15,26,41,21,22,0,43,84,NO,0,1,NO,Utah,27,18,45,23,30,0,53,98,NO,1,1,NO,86,96,182,86.69,97.43,184.11,-7,184
2000,29-Mar,07:00PM,Wed,Denver,23,15,38,35,28,0,63,101,NO,0,2,YES,Washington,27,20,47,17,29,0,46,93,YES,1,3,YES,85,109,194,85.69,110.43,196.11,-6.5,199.5
2000,29-Mar,07:00PM,Wed,LAL,31,29,60,26,22,0,48,108,NO,2,1,YES,Vancouver,30,16,46,26,27,0,53,99,NO,1,3,NO,106,101,207,106.69,102.43,209.11,11,191
2000,29-Mar,06:30PM,Wed,Cleveland,22,22,44,16,26,0,42,86,YES,0,2,YES,Chicago,24,13,37,18,26,0,44,81,YES,0,2,YES,81,86,167,81.69,87.43,169.11,2,175.5
2000,29-Mar,07:30PM,Wed,Charlotte,19,24,43,26,29,0,55,98,NO,3,1,YES,Detroit,25,22,47,24,20,0,44,91,NO,1,3,YES,90,99,189,90.69,100.43,191.11,-5.5,207
2000,30-Mar,06:00PM,Thu,Houston,28,21,49,22,19,0,41,90,YES,1,1,YES,Minnesota,35,30,65,24,33,0,57,122,YES,0,1,NO,114,98,212,114.69,99.43,214.11,-8.5,200.5
2000,30-Mar,04:00PM,Thu,Dallas,19,26,45,24,16,0,40,85,NO,1,2,NO,Portland,25,29,54,23,19,0,42,96,NO,1,1,NO,99,82,181,99.69,83.43,183.11,-9.5,196
2000,30-Mar,07:30PM,Thu,Phoenix,26,36,62,29,27,0,56,118,NO,1,0,NO,Atlanta,22,14,36,17,21,0,38,74,YES,1,1,NO,98,94,192,98.69,95.43,194.11,5,184.5
2000,30-Mar,04:30PM,Thu,Milwaukee,21,26,47,33,24,0,57,104,YES,3,1,NO,LAC,18,24,42,20,23,0,43,85,NO,4,1,NO,89,100,189,89.69,101.43,191.11,10,203.5
2000,30-Mar,07:30PM,Thu,Chicago,19,20,39,22,19,0,41,80,YES,0,1,YES,Miami,29,24,53,23,29,0,52,105,NO,2,1,NO,92,93,185,92.69,94.43,187.11,-15,170
2000,30-Mar,07:30PM,Thu,Toronto,24,15,39,34,30,0,64,103,NO,1,0,NO,New Jersey,28,30,58,19,30,0,49,107,YES,0,1,NO,97,113,210,97.69,114.43,212.11,-1.5,201
2000,30-Mar,06:30PM,Thu,Golden State,31,21,52,13,25,0,38,90,NO,1,0,NO,San Antonio,26,27,53,23,26,0,49,102,YES,2,1,YES,105,87,192,105.69,88.43,194.11,-15,188
2000,31-Mar,07:00PM,Fri,Washington,21,36,57,25,22,0,47,104,YES,1,3,YES,Boston,34,28,62,21,19,0,40,102,YES,0,2,YES,119,87,206,119.69,88.43,208.11,-6,201.5
2000,31-Mar,07:00PM,Fri,Minnesota,25,26,51,12,22,0,34,85,YES,0,1,YES,Indiana,23,34,57,20,32,0,52,109,YES,1,2,YES,108,86,194,108.69,87.43,196.11,-5.5,202
2000,31-Mar,07:00PM,Fri,Sacramento,22,27,49,30,29,0,59,108,YES,2,1,YES,Seattle,36,33,69,26,28,0,54,123,YES,1,1,NO,118,113,231,118.69,114.43,233.11,-3,203
2000,31-Mar,05:00PM,Fri,Golden State,24,27,51,27,19,0,46,97,NO,0,1,YES,Utah,35,28,63,30,21,0,51,114,YES,0,1,NO,114,97,211,114.69,98.43,213.11,0,0
2000,31-Mar,07:00PM,Fri,New York,12,26,38,27,24,0,51,89,NO,1,1,NO,Vancouver,20,19,39,19,25,0,44,83,NO,1,1,NO,77,95,172,77.69,96.43,174.11,7,183
2000,31-Mar,04:30PM,Fri,Philadelphia,21,25,46,23,19,0,42,88,NO,1,1,NO,LAL,25,26,51,27,22,0,49,100,NO,1,1,YES,97,91,188,97.69,92.43,190.11,-9.5,191.5
2000,31-Mar,07:30PM,Fri,New Jersey,23,27,50,23,24,0,47,97,YES,0,1,YES,Orlando,27,33,60,17,26,0,43,103,NO,3,2,NO,110,90,200,110.69,91.43,202.11,-6.5,204.5
2000,31-Mar,08:00PM,Fri,Toronto,23,34,57,18,19,7,37,94,NO,0,1,YES,Charlotte,27,30,57,21,16,16,37,94,YES,0,1,YES,114,74,188,114.69,75.43,190.11,-4,192.5
2000,31-Mar,08:00PM,Fri,Phoenix,24,27,51,21,26,0,47,98,NO,0,1,NO,Detroit,21,23,44,22,31,0,53,97,YES,1,1,NO,95,100,195,95.69,101.43,197.11,-5,202.5
2000,1-Apr,05:00PM,Sat,Utah,21,18,39,23,30,0,53,92,YES,0,2,NO,Denver,27,20,47,34,31,0,65,112,YES,2,2,YES,86,118,204,86.69,119.43,206.11,4.5,192
2000,1-Apr,04:00PM,Sat,Milwaukee,18,20,38,16,25,0,41,79,NO,1,0,NO,Portland,31,34,65,21,27,0,48,113,NO,0,1,NO,103,89,192,103.69,90.43,194.11,-8.5,190.5
2000,1-Apr,06:30PM,Sat,Charlotte,21,18,39,32,19,0,51,90,YES,0,2,YES,Chicago,20,23,43,17,27,0,44,87,YES,0,1,YES,82,95,177,82.69,96.43,179.11,6,174.5
2000,1-Apr,07:30PM,Sat,Boston,22,28,50,26,27,0,53,103,YES,0,2,NO,Cleveland,24,23,47,26,36,0,62,109,NO,0,2,YES,97,115,212,97.69,116.43,214.11,-5,200.5
2000,1-Apr,06:30PM,Sat,Atlanta,29,18,47,23,23,0,46,93,YES,1,2,NO,Houston,31,34,65,21,29,0,50,115,YES,2,1,YES,112,96,208,112.69,97.43,210.11,-9.5,196.5
2000,2-Apr,01:00PM,Sun,Detroit,27,33,60,29,24,0,53,113,YES,1,1,NO,New Jersey,24,24,48,23,21,0,44,92,YES,1,1,YES,108,97,205,108.69,98.43,207.11,-3,208.5
2000,2-Apr,10:00AM,Sun,Philadelphia,27,24,51,22,22,0,44,95,NO,1,2,YES,Sacramento,25,31,56,34,27,0,61,117,YES,1,1,YES,107,105,212,107.69,106.43,214.11,-5,199
2000,2-Apr,01:30PM,Sun,Phoenix,17,20,37,20,30,0,50,87,NO,1,1,YES,Minnesota,30,16,46,22,18,0,40,86,NO,1,1,YES,83,90,173,83.69,91.43,175.11,-6.5,192.5
2000,2-Apr,12:30PM,Sun,New York,21,19,40,20,22,0,42,82,NO,1,3,YES,LAL,28,30,58,17,31,0,48,106,YES,1,1,NO,98,90,188,98.69,91.43,190.11,-9,184.5
2000,2-Apr,04:00PM,Sun,Indiana,26,28,54,23,27,0,50,104,YES,1,2,YES,Toronto,20,19,39,22,22,0,44,83,NO,1,1,YES,93,94,187,93.69,95.43,189.11,-1.5,199
2000,2-Apr,03:00PM,Sun,Milwaukee,33,30,63,27,27,0,54,117,NO,0,1,YES,Golden State,26,28,54,28,31,0,59,113,NO,2,1,YES,117,113,230,117.69,114.43,232.11,6.5,197.5
2000,2-Apr,03:00PM,Sun,Seattle,18,25,43,18,21,0,39,82,YES,1,1,YES,Portland,19,26,45,22,28,0,50,95,NO,2,0,NO,88,89,177,88.69,90.43,179.11,-7,187
2000,2-Apr,06:00PM,Sun,Dallas,18,24,42,32,26,0,58,100,NO,2,1,YES,Vancouver,22,11,33,25,28,0,53,86,NO,1,1,NO,75,111,186,75.69,112.43,188.11,2.5,197
2000,2-Apr,06:30PM,Sun,San Antonio,21,23,44,26,14,0,40,84,YES,2,1,NO,Miami,30,23,53,19,16,0,35,88,NO,1,2,NO,97,75,172,97.69,76.43,174.11,-3,173.5
2000,2-Apr,07:30PM,Sun,Chicago,20,23,43,16,24,0,40,83,YES,0,1,NO,Cleveland,16,24,40,22,12,0,34,74,YES,1,0,NO,83,74,157,83.69,75.43,159.11,-10.5,175.5
2000,4-Apr,06:00PM,Tue,Chicago,18,15,33,17,23,0,40,73,NO,1,1,YES,Milwaukee,24,27,51,27,14,0,41,92,YES,1,1,YES,84,81,165,84.69,82.43,167.11,-11,179
2000,4-Apr,06:00PM,Tue,Atlanta,18,25,43,15,15,3,30,73,NO,2,0,NO,Minnesota,17,23,40,17,16,13,33,73,YES,1,1,NO,83,63,146,83.69,64.43,148.11,-13,194
2000,4-Apr,07:00PM,Tue,Denver,24,27,51,25,17,0,42,93,YES,2,1,YES,Seattle,31,29,60,25,21,0,46,106,NO,2,1,YES,111,88,199,111.69,89.43,201.11,-7.5,198.5
2000,4-Apr,07:00PM,Tue,New Jersey,31,23,54,18,21,0,39,93,YES,1,0,NO,Washington,21,27,48,29,25,0,54,102,YES,1,3,YES,102,93,195,102.69,94.43,197.11,-3,200
2000,4-Apr,07:30PM,Tue,Boston,23,30,53,33,19,0,52,105,NO,2,0,NO,Charlotte,27,27,54,28,30,0,58,112,YES,1,2,YES,107,110,217,107.69,111.43,219.11,-8,203
2000,4-Apr,06:30PM,Tue,Sacramento,25,21,46,29,27,0,56,102,YES,1,0,NO,Dallas,29,29,58,22,25,0,47,105,YES,1,1,YES,104,103,207,104.69,104.43,209.11,2.5,213.5
2000,4-Apr,04:30PM,Tue,Utah,29,22,51,25,27,0,52,103,NO,2,1,YES,LAC,20,30,50,32,11,0,43,93,NO,1,4,NO,101,95,196,101.69,96.43,198.11,12,192.5
2000,4-Apr,07:30PM,Tue,Cleveland,33,15,48,17,20,0,37,85,YES,1,2,NO,Miami,25,31,56,32,23,0,55,111,NO,1,1,NO,104,92,196,104.69,93.43,198.11,-10,183
2000,4-Apr,07:30PM,Tue,San Antonio,18,35,53,17,27,0,44,97,NO,1,0,YES,Orlando,29,22,51,27,29,0,56,107,NO,2,3,NO,104,100,204,104.69,101.43,206.11,2.5,190.5
2000,4-Apr,04:30PM,Tue,LAL,17,23,40,27,17,0,44,84,YES,1,0,NO,Phoenix,23,16,39,27,17,0,44,83,YES,1,1,YES,79,88,167,79.69,89.43,169.11,4,187.5
2000,4-Apr,07:30PM,Tue,Houston,28,26,54,23,23,0,46,100,YES,2,0,NO,Vancouver,20,26,46,22,34,0,56,102,NO,1,1,NO,100,102,202,100.69,103.43,204.11,1,198.5
2000,4-Apr,08:00PM,Tue,Detroit,28,30,58,22,24,0,46,104,NO,1,0,YES,Toronto,29,21,50,20,18,0,38,88,YES,2,1,NO,108,84,192,108.69,85.43,194.11,-3,200
2000,5-Apr,07:00PM,Wed,New Jersey,20,23,43,22,36,0,58,101,NO,0,1,YES,Indiana,25,24,49,30,26,0,56,105,NO,1,2,YES,92,114,206,92.69,115.43,208.11,-12.5,204
2000,5-Apr,07:00PM,Wed,Atlanta,22,31,53,13,20,0,33,86,NO,0,1,YES,Philadelphia,32,24,56,25,26,0,51,107,YES,1,2,YES,109,84,193,109.69,85.43,195.11,-13.5,187.5
2000,5-Apr,04:00PM,Wed,Houston,22,28,50,35,33,0,68,118,NO,0,1,NO,Portland,25,28,53,27,25,0,52,105,YES,0,2,NO,103,120,223,103.69,121.43,225.11,-11.5,195
2000,5-Apr,07:30PM,Wed,Boston,12,38,50,21,35,0,56,106,NO,0,1,YES,Detroit,23,23,46,34,31,0,65,111,YES,1,0,YES,96,121,217,96.69,122.43,219.11,-8,212
2000,5-Apr,04:30PM,Wed,LAL,21,26,47,30,34,0,64,111,NO,0,2,YES,Golden State,24,27,51,24,29,0,53,104,NO,1,2,NO,98,117,215,98.69,118.43,217.11,13.5,198
2000,5-Apr,06:30PM,Wed,Sacramento,26,21,47,29,32,0,61,108,NO,0,1,YES,San Antonio,16,42,58,18,22,0,40,98,YES,2,0,YES,105,101,206,105.69,102.43,208.11,-10,193
2000,6-Apr,05:00PM,Thu,Dallas,35,23,58,21,27,10,48,106,YES,1,1,YES,Denver,20,33,53,24,29,9,53,106,NO,1,1,YES,111,101,212,111.69,102.43,214.11,-3.5,207.5
2000,6-Apr,05:00PM,Thu,Phoenix,19,26,45,12,28,0,40,85,YES,1,2,NO,Utah,24,26,50,27,28,0,55,105,YES,0,1,YES,95,95,190,95.69,96.43,192.11,-6,185.5
2000,6-Apr,07:00PM,Thu,Portland,18,23,41,28,18,0,46,87,YES,0,1,YES,Vancouver,32,24,56,19,14,0,33,89,YES,1,1,NO,97,79,176,97.69,80.43,178.11,8,186
2000,6-Apr,06:30PM,Thu,Milwaukee,23,19,42,22,24,0,46,88,YES,1,1,YES,Chicago,27,19,46,24,20,0,44,90,NO,1,1,YES,88,90,178,88.69,91.43,180.11,7,177
2000,6-Apr,04:30PM,Thu,Minnesota,34,27,61,25,26,0,51,112,YES,1,0,NO,LAC,24,23,47,14,29,0,43,90,YES,1,1,NO,108,94,202,108.69,95.43,204.11,9.5,197
2000,6-Apr,07:30PM,Thu,Charlotte,17,17,34,15,21,0,36,70,YES,1,0,YES,Miami,20,21,41,13,22,0,35,76,YES,0,1,NO,75,71,146,75.69,72.43,148.11,-6,184
2000,6-Apr,07:30PM,Thu,Washington,22,17,39,24,29,0,53,92,YES,1,1,YES,New York,23,33,56,22,23,0,45,101,YES,0,3,YES,95,98,193,95.69,99.43,195.11,-8,183.5
2000,7-Apr,07:00PM,Fri,Philadelphia,23,32,55,23,24,0,47,102,YES,1,1,NO,Boston,34,26,60,20,17,0,37,97,NO,2,1,YES,115,84,199,115.69,85.43,201.11,2,198
2000,7-Apr,07:00PM,Fri,Cleveland,28,18,46,23,25,0,48,94,NO,2,0,YES,Indiana,24,34,58,21,16,0,37,95,YES,1,1,NO,104,85,189,104.69,86.43,191.11,-11,203.5
2000,7-Apr,07:00PM,Fri,Houston,32,22,54,37,28,0,65,119,NO,1,1,YES,Seattle,32,28,60,30,26,0,56,116,YES,0,2,NO,114,121,235,114.69,122.43,237.11,-8,206.5
2000,7-Apr,07:30PM,Fri,Toronto,28,17,45,33,26,0,59,104,YES,2,0,NO,Atlanta,25,22,47,22,15,0,37,84,YES,0,1,YES,92,96,188,92.69,97.43,190.11,5,189.5
2000,7-Apr,07:30PM,Fri,Detroit,28,28,56,26,15,0,41,97,YES,1,0,NO,Charlotte,22,16,38,25,19,0,44,82,NO,1,0,YES,94,85,179,94.69,86.43,181.11,-3.5,204.5
2000,7-Apr,04:30PM,Fri,Utah,25,30,55,29,21,0,50,105,YES,0,1,NO,Golden State,16,21,37,24,23,0,47,84,NO,1,1,NO,92,97,189,92.69,98.43,191.11,9.5,195
2000,7-Apr,07:30PM,Fri,Miami,33,26,59,29,15,0,44,103,YES,0,1,YES,New Jersey,19,20,39,20,26,0,46,85,YES,0,1,YES,98,90,188,98.69,91.43,190.11,5,184.5
2000,7-Apr,04:30PM,Fri,Minnesota,25,13,38,33,24,0,57,95,NO,0,2,YES,Sacramento,21,26,47,20,25,0,45,92,NO,1,1,YES,85,102,187,85.69,103.43,189.11,-4.5,206
2000,7-Apr,08:00PM,Fri,New York,19,28,47,19,30,0,49,96,YES,0,1,NO,Orlando,12,27,39,24,26,0,50,89,NO,1,2,NO,86,99,185,86.69,100.43,187.11,-4,191.5
2000,8-Apr,09:00AM,Sat,Vancouver,26,28,54,9,22,0,31,85,YES,1,0,YES,Portland,25,22,47,29,22,0,51,98,YES,1,1,YES,101,82,183,101.69,83.43,185.11,-13.5,187.5
2000,8-Apr,01:00PM,Sat,LAC,19,21,40,23,33,0,56,96,YES,1,2,YES,Dallas,25,22,47,25,26,0,51,98,NO,2,1,YES,87,107,194,87.69,108.43,196.11,-13,206
2000,8-Apr,02:30PM,Sat,San Antonio,25,29,54,30,14,0,44,98,YES,2,0,NO,LAL,25,16,41,26,13,0,39,80,NO,1,2,YES,95,83,178,95.69,84.43,180.11,-4.5,185.5
2000,8-Apr,05:00PM,Sat,Seattle,30,18,48,26,23,0,49,97,YES,0,1,NO,Denver,18,27,45,32,28,0,60,105,YES,0,1,NO,93,109,202,93.69,110.43,204.11,-1,200.5
2000,8-Apr,07:00PM,Sat,Atlanta,16,26,42,21,35,0,56,98,YES,0,1,NO,Washington,32,30,62,19,27,0,46,108,NO,1,1,YES,104,102,206,104.69,103.43,208.11,-9,189.5
2000,8-Apr,06:30PM,Sat,Toronto,29,26,55,25,18,0,43,98,NO,0,1,YES,Chicago,20,13,33,28,18,0,46,79,NO,2,1,NO,88,89,177,88.69,90.43,179.11,6,176
2000,8-Apr,07:30PM,Sat,Detroit,34,19,53,21,24,0,45,98,NO,0,1,NO,Cleveland,34,21,55,31,31,0,62,117,YES,1,0,YES,108,107,215,108.69,108.43,217.11,3.5,203.5
2000,8-Apr,06:30PM,Sat,New Jersey,21,29,50,20,31,0,51,101,YES,0,2,NO,Milwaukee,32,29,61,28,20,0,48,109,NO,1,1,YES,111,99,210,111.69,100.43,212.11,-9.5,200
2000,9-Apr,12:30PM,Sun,Indiana,18,22,40,27,13,0,40,80,YES,1,0,NO,Charlotte,27,30,57,20,19,0,39,96,YES,0,1,NO,97,79,176,97.69,80.43,178.11,-2,197.5
2000,9-Apr,12:30PM,Sun,Philadelphia,14,25,39,19,22,0,41,80,NO,1,0,YES,Orlando,24,24,48,23,21,0,44,92,YES,0,1,NO,87,85,172,87.69,86.43,174.11,-3.5,196
2000,9-Apr,01:00PM,Sun,Utah,18,17,35,32,23,0,55,90,NO,1,0,YES,Houston,23,22,45,31,23,0,54,99,YES,1,1,YES,80,109,189,80.69,110.43,191.11,4,201
2000,9-Apr,11:30AM,Sun,Phoenix,27,25,52,26,24,0,50,102,NO,2,1,NO,Sacramento,31,15,46,21,30,0,51,97,NO,1,1,NO,98,101,199,98.69,102.43,201.11,0,0
2000,9-Apr,05:30PM,Sun,New York,28,21,49,23,16,6,39,88,NO,1,0,YES,Miami,21,25,46,18,24,7,42,88,YES,0,1,YES,95,81,176,95.69,82.43,178.11,-5,173.5
2000,9-Apr,03:00PM,Sun,Denver,18,29,47,30,26,0,56,103,YES,0,1,YES,Golden State,41,25,66,22,29,0,51,117,NO,1,1,NO,113,107,220,113.69,108.43,222.11,3.5,203.5
2000,9-Apr,06:00PM,Sun,San Antonio,24,33,57,30,20,0,50,107,NO,0,1,NO,Vancouver,29,26,55,16,28,0,44,99,YES,1,0,YES,112,94,206,112.69,95.43,208.11,8,184
2000,10-Apr,07:00PM,Mon,Atlanta,25,24,49,19,26,0,45,94,NO,1,1,NO,Boston,18,26,44,28,27,0,55,99,NO,1,2,NO,93,100,193,93.69,101.43,195.11,-9.5,198
2000,10-Apr,06:00PM,Mon,Orlando,27,13,40,23,24,0,47,87,YES,0,1,NO,Milwaukee,33,23,56,26,22,0,48,104,YES,1,1,NO,96,95,191,96.69,96.43,193.11,-5,200
2000,10-Apr,06:00PM,Mon,Detroit,23,26,49,25,26,0,51,100,NO,1,1,YES,Minnesota,31,21,52,17,33,0,50,102,YES,1,2,YES,101,101,202,101.69,102.43,204.11,-5.5,205
2000,10-Apr,07:00PM,Mon,Miami,22,15,37,21,22,0,43,80,YES,0,1,NO,Philadelphia,18,27,45,30,21,0,51,96,NO,1,0,YES,82,94,176,82.69,95.43,178.11,-3.5,178
2000,10-Apr,07:00PM,Mon,Charlotte,30,25,55,24,28,0,52,107,YES,0,1,YES,Washington,25,24,49,26,30,0,56,105,YES,1,1,NO,104,108,212,104.69,109.43,214.11,1.5,195
2000,10-Apr,07:00PM,Mon,Cleveland,28,19,47,26,30,0,56,103,YES,1,1,YES,Toronto,32,29,61,29,22,0,51,112,YES,1,1,YES,108,107,215,108.69,108.43,217.11,-7,195
2000,10-Apr,04:30PM,Mon,Seattle,22,18,40,20,34,9,54,94,NO,1,1,YES,LAL,23,16,39,34,21,12,55,94,NO,3,1,NO,79,109,188,79.69,110.43,190.11,0,0
2000,10-Apr,08:00PM,Mon,Indiana,21,19,40,24,17,0,41,81,NO,0,1,YES,New York,24,20,44,19,20,0,39,83,NO,1,0,YES,84,80,164,84.69,81.43,166.11,-2.5,185.5
2000,10-Apr,06:30PM,Mon,Portland,20,25,45,21,24,0,45,90,YES,1,0,NO,Utah,18,18,36,22,28,0,50,86,NO,1,0,YES,81,95,176,81.69,96.43,178.11,-3.5,183
2000,11-Apr,02:00PM,Tue,San Antonio,22,27,49,24,11,14,35,84,NO,1,1,YES,Sacramento,30,18,48,23,13,8,36,84,NO,1,1,NO,97,71,168,97.69,72.43,170.11,1,197
2000,11-Apr,05:00PM,Tue,Houston,22,29,51,23,29,0,52,103,YES,1,1,YES,Denver,16,29,45,33,15,0,48,93,NO,2,1,YES,96,100,196,96.69,101.43,198.11,-3,211
2000,11-Apr,06:30PM,Tue,New Jersey,22,23,45,22,26,0,48,93,NO,2,0,NO,Chicago,24,30,54,27,19,0,46,100,NO,1,2,NO,99,94,193,99.69,95.43,195.11,1,176.5
2000,11-Apr,06:30PM,Tue,Portland,22,17,39,15,27,0,42,81,NO,0,1,NO,Dallas,27,16,43,21,28,0,49,92,YES,1,2,NO,82,91,173,82.69,92.43,175.11,2,195
2000,11-Apr,04:30PM,Tue,Vancouver,34,20,54,23,20,0,43,97,YES,1,0,NO,Golden State,30,23,53,25,31,0,56,109,YES,1,1,NO,107,99,206,107.69,100.43,208.11,-1.5,200
2000,11-Apr,04:30PM,Tue,Phoenix,15,28,43,22,30,0,52,95,NO,1,0,YES,LAC,22,18,40,25,23,0,48,88,YES,0,2,YES,83,100,183,83.69,101.43,185.11,10.5,194
2000,12-Apr,07:00PM,Wed,Orlando,29,24,53,23,15,0,38,91,NO,1,1,NO,Boston,26,23,49,24,22,0,46,95,NO,1,1,NO,102,84,186,102.69,85.43,188.11,1,205.5
2000,12-Apr,07:00PM,Wed,Toronto,16,27,43,14,16,0,30,73,YES,1,1,YES,Indiana,19,21,40,14,23,0,37,77,YES,1,1,YES,83,67,150,83.69,68.43,152.11,-7,198
2000,12-Apr,07:00PM,Wed,Washington,15,28,43,19,22,0,41,84,YES,1,0,NO,Philadelphia,21,26,47,24,22,0,46,93,YES,1,1,NO,90,87,177,90.69,88.43,179.11,-8,191.5
2000,12-Apr,04:00PM,Wed,Vancouver,32,28,60,26,23,7,49,109,NO,0,1,YES,Phoenix,39,29,68,20,21,13,41,109,NO,1,0,YES,128,90,218,128.69,91.43,220.11,-11.5,192
2000,12-Apr,07:00PM,Wed,Minnesota,16,23,39,24,20,0,44,83,YES,1,1,NO,Seattle,27,27,54,20,36,0,56,110,YES,1,1,YES,93,100,193,93.69,101.43,195.11,-2,195.5
2000,12-Apr,05:00PM,Wed,LAC,23,10,33,32,28,0,60,93,YES,0,1,NO,Utah,33,17,50,28,24,0,52,102,YES,2,1,NO,83,112,195,83.69,113.43,197.11,-16,193.5
2000,12-Apr,07:30PM,Wed,Atlanta,21,24,45,16,26,0,42,87,NO,1,1,YES,Charlotte,20,29,49,27,43,0,70,119,YES,1,1,YES,94,112,206,94.69,113.43,208.11,-12.5,191
2000,12-Apr,07:30PM,Wed,Milwaukee,27,26,53,29,19,0,48,101,YES,1,1,YES,Cleveland,31,31,62,18,20,0,38,100,NO,2,1,YES,115,86,201,115.69,87.43,203.11,2,199
2000,12-Apr,07:30PM,Wed,Miami,15,23,38,22,13,0,35,73,NO,1,1,YES,Detroit,26,27,53,24,13,0,37,90,YES,2,1,YES,91,72,163,91.69,73.43,165.11,-1.5,190
2000,12-Apr,07:30PM,Wed,New Jersey,29,23,52,15,14,8,29,81,NO,0,1,YES,New York,22,18,40,22,19,10,41,81,YES,1,1,NO,92,70,162,92.69,71.43,164.11,-12,184.5
2000,13-Apr,06:30PM,Thu,Washington,24,34,58,30,21,0,51,109,NO,0,1,YES,Chicago,19,33,52,28,23,0,51,103,YES,0,1,NO,110,102,212,110.69,103.43,214.11,3.5,178
2000,13-Apr,06:30PM,Thu,Dallas,22,20,42,33,27,0,60,102,YES,1,0,YES,Houston,23,29,52,25,34,0,59,111,NO,2,1,YES,94,119,213,94.69,120.43,215.11,-3.5,209
2000,13-Apr,04:30PM,Thu,Golden State,26,22,48,22,37,0,59,107,YES,1,0,NO,Sacramento,32,33,65,26,39,0,65,130,YES,0,1,NO,113,124,237,113.69,125.43,239.11,-13,210
2000,13-Apr,06:30PM,Thu,Portland,25,30,55,22,16,0,38,93,NO,1,2,YES,San Antonio,20,19,39,20,18,0,38,77,NO,1,1,YES,94,76,170,94.69,77.43,172.11,0,0
2000,14-Apr,07:00PM,Fri,Chicago,15,27,42,25,24,0,49,91,YES,0,1,NO,Boston,27,24,51,35,20,0,55,106,NO,1,1,NO,93,104,197,93.69,105.43,199.11,-10,184.5
2000,14-Apr,05:00PM,Fri,Golden State,24,31,55,21,21,0,42,97,NO,0,2,YES,Denver,23,28,51,23,31,0,54,105,YES,0,2,NO,106,96,202,106.69,97.43,204.11,-10.5,207
2000,14-Apr,06:00PM,Fri,Charlotte,20,26,46,31,16,16,47,93,YES,1,1,NO,Milwaukee,36,20,56,11,26,13,37,93,YES,0,1,YES,102,84,186,102.69,85.43,188.11,-3.5,197
2000,14-Apr,04:00PM,Fri,LAC,23,17,40,24,24,0,48,88,NO,1,0,YES,Phoenix,29,23,52,28,32,0,60,112,NO,1,1,NO,92,108,200,92.69,109.43,202.11,-14.5,195
2000,14-Apr,07:00PM,Fri,Minnesota,27,25,52,16,12,24,28,80,NO,1,1,NO,Vancouver,21,21,42,22,16,14,38,80,YES,1,1,YES,94,66,160,94.69,67.43,162.11,6,193
2000,14-Apr,07:30PM,Fri,Philadelphia,25,28,53,24,27,0,51,104,YES,1,0,YES,Atlanta,25,20,45,19,28,0,47,92,NO,1,1,YES,98,98,196,98.69,99.43,198.11,6,185.5
2000,14-Apr,06:30PM,Fri,Seattle,23,27,50,23,30,0,53,103,YES,1,1,NO,Dallas,35,38,73,32,12,0,44,117,NO,1,0,YES,123,97,220,123.69,98.43,222.11,-1,201
2000,14-Apr,04:30PM,Fri,Sacramento,39,26,65,21,28,0,49,114,YES,0,1,NO,LAL,28,29,57,37,27,0,64,121,NO,1,3,NO,122,113,235,122.69,114.43,237.11,-8.5,206
2000,14-Apr,07:30PM,Fri,Orlando,24,21,45,25,26,0,51,96,NO,1,1,NO,New Jersey,20,19,39,28,21,0,49,88,NO,199,1,YES,84,100,184,84.69,101.43,186.11,4.5,199
2000,14-Apr,08:00PM,Fri,Indiana,28,30,58,23,24,0,47,105,YES,1,1,NO,Miami,33,22,55,20,26,0,46,101,NO,1,1,YES,113,93,206,113.69,94.43,208.11,-3.5,181
2000,14-Apr,08:00PM,Fri,New York,11,16,27,20,24,0,44,71,YES,1,0,NO,Toronto,28,19,47,22,17,0,39,86,NO,1,1,YES,74,83,157,74.69,84.43,159.11,-1.5,183
2000,15-Apr,07:00PM,Sat,Milwaukee,31,27,58,27,25,10,52,110,YES,0,1,NO,Washington,37,28,65,24,21,6,45,110,NO,2,1,YES,123,97,220,123.69,98.43,222.11,1,199.5
2000,15-Apr,07:30PM,Sat,New York,22,23,45,25,26,0,51,96,NO,0,2,YES,Cleveland,31,28,59,26,21,0,47,106,YES,0,2,NO,104,98,202,104.69,99.43,204.11,3.5,183
2000,15-Apr,06:30PM,Sat,Utah,23,17,40,19,24,0,43,83,YES,2,0,NO,San Antonio,23,28,51,24,31,0,55,106,NO,1,1,NO,91,98,189,91.69,99.43,191.11,1.5,177
2000,15-Apr,05:00PM,Sat,Denver,29,21,50,28,20,17,48,98,YES,0,2,YES,LAC,27,28,55,24,19,16,43,98,NO,2,0,YES,105,91,196,105.69,92.43,198.11,5,204
2000,15-Apr,08:30PM,Sat,Detroit,24,23,47,19,28,0,47,94,YES,2,0,YES,Philadelphia,24,26,50,27,23,0,50,100,NO,1,0,YES,97,97,194,97.69,98.43,196.11,-4.5,195
2000,16-Apr,09:00AM,Sun,Sacramento,20,30,50,27,18,0,45,95,NO,1,1,YES,Portland,32,16,48,29,25,0,54,102,YES,1,2,YES,98,99,197,98.69,100.43,199.11,-6.5,200
2000,16-Apr,12:30PM,Sun,Charlotte,24,31,55,28,22,0,50,105,NO,1,197,NO,Boston,22,24,46,27,29,0,56,102,YES,1,1,NO,101,106,207,101.69,107.43,209.11,1.5,203
2000,16-Apr,12:30PM,Sun,Orlando,19,28,47,20,17,0,37,84,NO,1,0,YES,Miami,24,22,46,25,24,0,49,95,NO,1,1,NO,93,86,179,93.69,87.43,181.11,-6.5,187
2000,16-Apr,11:30AM,Sun,Minnesota,25,18,43,30,22,0,52,95,NO,1,0,NO,LAL,23,26,49,25,27,0,52,101,YES,1,1,NO,92,104,196,92.69,105.43,198.11,-8.5,197
2000,16-Apr,03:00PM,Sun,Chicago,25,26,51,16,17,0,33,84,NO,1,1,YES,Toronto,14,27,41,20,24,0,44,85,YES,1,1,NO,92,77,169,92.69,78.43,171.11,-12,184
2000,16-Apr,06:00PM,Sun,Cleveland,30,19,49,18,34,0,52,101,YES,0,1,YES,Atlanta,25,22,47,34,23,0,57,104,NO,1,1,NO,96,109,205,96.69,110.43,207.11,-1,192
2000,16-Apr,03:00PM,Sun,Utah,19,21,40,28,28,0,56,96,NO,0,1,NO,Phoenix,21,19,40,14,28,0,42,82,NO,1,1,NO,80,98,178,80.69,99.43,180.11,-3,187
2000,16-Apr,06:00PM,Sun,Vancouver,23,25,48,26,32,0,58,106,YES,1,0,NO,Dallas,20,32,52,26,36,0,62,114,NO,1,1,NO,100,120,220,100.69,121.43,222.11,-9,205.5
2000,16-Apr,06:30PM,Sun,Seattle,38,22,60,28,33,0,61,121,NO,1,2,YES,Houston,19,35,54,21,37,0,58,112,YES,1,2,NO,114,119,233,114.69,120.43,235.11,-1.5,207
2000,16-Apr,08:00PM,Sun,Indiana,33,28,61,26,25,0,51,112,NO,1,0,NO,Detroit,22,28,50,28,23,0,51,101,YES,1,0,YES,111,102,213,111.69,103.43,215.11,0,0
2000,17-Apr,04:30PM,Mon,Minnesota,17,25,42,36,23,0,59,101,NO,0,1,YES,Golden State,28,19,47,22,27,0,49,96,NO,1,2,YES,89,108,197,89.69,109.43,199.11,6.5,202
2000,17-Apr,07:30PM,Mon,Milwaukee,24,19,43,25,17,0,42,85,NO,1,1,YES,Orlando,9,27,36,28,19,0,47,83,NO,1,0,YES,79,89,168,79.69,90.43,170.11,-3.5,195.5
2000,17-Apr,06:30PM,Mon,Vancouver,25,28,53,25,15,0,40,93,NO,0,196,YES,San Antonio,28,22,50,22,28,0,50,100,NO,1,1,NO,103,90,193,103.69,91.43,195.11,-10,188.5
2000,17-Apr,08:00PM,Mon,Indiana,33,19,52,16,24,0,40,92,NO,0,1,YES,Philadelphia,19,27,46,32,12,0,44,90,YES,0,1,NO,98,84,182,98.69,85.43,184.11,-6,197
2000,18-Apr,,Tue,Portland,36,21,57,31,28,0,59,116,YES,1,0,YES,LAC,20,25,45,25,30,0,55,100,YES,0,2,NO,102,114,216,102.69,115.43,218.11,,
2000,18-Apr,,Tue,Boston,28,27,55,28,31,0,59,114,YES,1,0,YES,Washington,19,21,40,21,20,0,41,81,YES,0,2,NO,95,100,195,95.69,101.43,197.11,-4,207
2000,18-Apr,,Tue,Brooklyn,21,30,51,21,27,10,48,99,NO,2550,0,YES,Atlanta,21,22,43,34,22,12,56,99,YES,0,1,NO,94,104,198,94.69,105.43,200.11,-3.5,196.5
2000,18-Apr,,Tue,Detroit,24,23,47,15,26,0,41,88,YES,1,0,YES,New York,23,24,47,28,25,0,53,100,YES,0,2,YES,94,94,188,94.69,95.43,190.11,-6.5,186
2000,18-Apr,,Tue,Philadelphia,19,25,44,32,17,0,49,93,YES,0,195,NO,Chicago,24,18,42,13,34,0,47,89,YES,0,1,YES,86,96,182,86.69,97.43,184.11,4.5,175.5
2000,18-Apr,,Tue,Toronto,12,29,41,18,14,0,32,73,YES,1,0,NO,Miami,17,28,45,26,26,0,52,97,YES,0,1,NO,86,84,170,86.69,85.43,172.11,-4.5,183.5
2000,18-Apr,,Tue,New Orleans,26,24,50,34,19,0,53,103,NO,2551,0,YES,Cleveland,22,27,49,17,22,0,39,88,YES,0,1,YES,99,92,191,99.69,93.43,193.11,4,200
2000,18-Apr,,Tue,Utah,22,32,54,20,22,8,42,96,NO,1,0,YES,Denver,26,25,51,26,19,9,45,96,YES,0,2,YES,105,87,192,105.69,88.43,194.11,1,195
2000,18-Apr,,Tue,Oklahoma City,33,23,56,25,26,12,51,107,NO,2550,,,Sacramento,25,32,57,18,32,5,50,107,YES,0,1,YES,113,101,214,113.69,102.43,216.11,-5.5,205.5
2000,18-Apr,,Tue,LAL,29,30,59,16,27,0,43,102,YES,1,0,NO,Dallas,27,30,57,23,32,0,55,112,YES,0,1,NO,116,98,214,116.69,99.43,216.11,5,205
2000,18-Apr,,Tue,Houston,26,25,51,23,33,0,56,107,YES,1,0,YES,Phoenix,18,20,38,33,27,0,60,98,YES,0,1,NO,89,116,205,89.69,117.43,207.11,-7.5,202.5
2000,19-Apr,,Wed,LAC,34,20,54,28,32,0,60,114,YES,0,194,NO,Seattle,36,26,62,19,25,0,44,106,YES,194,2,YES,116,104,220,116.69,105.43,222.11,-9,202
2000,19-Apr,,Wed,New York,23,33,56,11,18,0,29,85,YES,0,194,YES,Boston,29,26,55,29,28,0,57,112,NO,195,0,YES,111,86,197,111.69,87.43,199.11,-4,192
2000,19-Apr,,Wed,Cleveland,30,33,63,19,29,0,48,111,YES,0,194,NO,Brooklyn,34,27,61,22,25,0,47,108,,,0,YES,124,95,219,124.69,96.43,221.11,-1,200
2000,19-Apr,,Wed,Toronto,28,18,46,26,28,0,54,100,NO,0,194,YES,Orlando,30,22,52,30,24,0,54,106,NO,194,1,NO,98,108,206,98.69,109.43,208.11,0,0
2000,19-Apr,,Wed,Chicago,25,22,47,26,18,0,44,91,YES,0,194,YES,Detroit,24,33,57,30,25,0,55,112,YES,194,0,YES,104,99,203,104.69,100.43,205.11,0,0
2000,19-Apr,,Wed,Atlanta,24,22,46,22,24,0,46,92,YES,0,194,YES,Indiana,28,23,51,30,30,0,60,111,YES,194,1,YES,97,106,203,97.69,107.43,205.11,0,0
2000,19-Apr,,Wed,Washington,19,32,51,29,25,0,54,105,YES,0,194,NO,Milwaukee,36,23,59,22,29,0,51,110,YES,194,1,YES,110,105,215,110.69,106.43,217.11,-4,203
2000,19-Apr,,Wed,Miami,15,16,31,22,20,0,42,73,YES,0,195,YES,New Orleans,18,26,44,15,24,0,39,83,YES,902,0,YES,75,81,156,75.69,82.43,158.11,-8,184.5
2000,19-Apr,,Wed,Denver,31,24,55,20,21,0,41,96,YES,0,195,NO,Portland,27,32,59,18,18,0,36,95,NO,194,0,YES,114,77,191,114.69,78.43,193.11,-9.5,195
2000,19-Apr,,Wed,Dallas,31,31,62,20,31,0,51,113,YES,0,194,YES,Minnesota,29,30,59,28,20,0,48,107,YES,194,1,YES,121,99,220,121.69,100.43,222.11,0,0
2000,19-Apr,,Wed,Sacramento,27,22,49,26,11,0,37,86,YES,0,194,NO,Utah,29,18,47,27,21,0,48,95,NO,194,0,YES,96,85,181,96.69,86.43,183.11,-5.5,201.5
2000,19-Apr,,Wed,Phoenix,17,28,45,27,27,0,54,99,YES,0,194,NO,Golden State,23,23,46,23,19,0,42,88,NO,194,1,NO,91,96,187,91.69,97.43,189.11,7.5,200
2000,19-Apr,,Wed,LAL,22,26,48,26,15,9,41,89,NO,0,194,NO,San Antonio,21,19,40,21,28,14,49,89,NO,194,1,NO,88,90,178,88.69,91.43,180.11,0,186
2000,19-Apr,,Wed,Memphis,24,26,50,26,20,0,46,96,,,537,YES,Houston,22,24,46,20,26,0,46,92,NO,194,0,YES,96,92,188,96.69,93.43,190.11,-7.5,209
2000,31-Oct,06:00PM,Tue,Milwaukee,21,25,46,27,20,0,47,93,YES,195,1,NO,Dallas,30,23,53,28,16,0,44,97,NO,1,195,YES,99,91,190,103.82,96.6,200.42,-2,205.5
2000,31-Oct,05:00PM,Tue,LAC,19,27,46,21,27,0,48,94,NO,194,1,YES,Utah,22,28,50,34,23,0,57,107,YES,0,195,NO,96,105,201,100.82,110.6,211.42,-12.5,189
2000,31-Oct,07:30PM,Tue,Charlotte,28,22,50,23,33,0,56,106,NO,197,0,YES,Atlanta,13,34,47,15,20,0,35,82,YES,1,195,YES,97,91,188,101.82,96.6,198.42,6.5,186
2000,31-Oct,06:30PM,Tue,Sacramento,25,21,46,23,31,0,54,100,NO,195,0,NO,Chicago,19,23,42,22,17,0,39,81,NO,2,195,YES,88,93,181,92.82,98.6,191.42,5,194.5
2000,31-Oct,04:30PM,Tue,Phoenix,23,33,56,23,15,0,38,94,NO,195,1,YES,Golden State,34,15,49,24,23,0,47,96,YES,1,195,NO,105,85,190,109.82,90.6,200.42,3.5,194.5
2000,31-Oct,06:30PM,Tue,Minnesota,35,30,65,19,22,0,41,106,YES,195,1,NO,Houston,25,19,44,23,31,0,54,98,NO,1,195,NO,109,95,204,113.82,100.6,214.42,-1,194
2000,31-Oct,07:30PM,Tue,Cleveland,18,26,44,18,24,0,42,86,NO,195,0,YES,New Jersey,25,19,44,18,20,0,38,82,YES,2,199,NO,88,80,168,92.82,85.6,178.42,-3,187
2000,31-Oct,07:30PM,Tue,Washington,22,27,49,19,18,0,37,86,NO,195,0,NO,Orlando,31,23,54,17,26,0,43,97,YES,0,195,NO,103,80,183,107.82,85.6,193.42,-9,200
2000,31-Oct,04:30PM,Tue,LAL,27,26,53,14,29,0,43,96,NO,195,0,YES,Portland,22,22,44,23,19,0,42,86,YES,1,195,NO,97,85,182,101.82,90.6,192.42,-3.5,185
2000,31-Oct,06:30PM,Tue,Indiana,12,29,41,19,25,0,44,85,YES,195,1,NO,San Antonio,24,27,51,23,24,0,47,98,NO,1,195,NO,92,91,183,96.82,96.6,193.42,-9,181
2000,31-Oct,07:30PM,Tue,Seattle,18,18,36,28,24,0,52,88,YES,194,0,YES,Vancouver,34,22,56,9,29,0,38,94,YES,1,196,YES,92,90,182,96.82,95.6,192.42,,
2000,31-Oct,08:00PM,Tue,Philadelphia,26,25,51,29,21,0,50,101,NO,196,0,YES,New York,23,18,41,13,18,0,31,72,NO,1,195,YES,92,81,173,96.82,86.6,183.42,-3.5,181
2000,31-Oct,08:00PM,Tue,Detroit,27,29,56,29,19,0,48,104,YES,195,0,NO,Toronto,24,22,46,24,25,0,49,95,YES,0,195,YES,102,97,199,106.82,102.6,209.42,-8,194
2000,1-Nov,07:00PM,Wed,Detroit,19,21,40,22,21,0,43,83,NO,0,1,YES,Boston,29,27,56,18,29,0,47,103,NO,1,196,NO,96,90,186,100.82,95.6,196.42,-6.5,202
2000,1-Nov,07:00PM,Wed,Toronto,31,22,53,20,25,0,45,98,YES,0,1,NO,Philadelphia,25,34,59,16,29,0,45,104,YES,1,0,YES,112,90,202,116.82,95.6,212.42,-6,186.5
2000,1-Nov,07:00PM,Wed,Denver,32,18,50,29,20,0,49,99,NO,196,0,YES,Seattle,42,26,68,22,22,0,44,112,NO,2,0,YES,118,93,211,122.82,98.6,221.42,-6.5,195
2000,1-Nov,07:30PM,Wed,Washington,32,19,51,17,27,0,44,95,NO,0,1,YES,Charlotte,21,21,42,14,21,0,35,77,NO,1,0,YES,93,79,172,97.82,84.6,182.42,-7,189.5
2000,1-Nov,07:30PM,Wed,Sacramento,23,23,46,16,26,12,42,88,NO,0,1,NO,Cleveland,27,23,50,19,19,14,38,88,NO,2,0,YES,96,80,176,100.82,85.6,186.42,4,199
2000,1-Nov,04:30PM,Wed,Utah,24,20,44,21,32,0,53,97,YES,0,2,NO,LAL,16,15,31,25,36,0,61,92,YES,2,0,YES,75,114,189,79.82,119.6,199.42,-8,185
2000,1-Nov,08:00PM,Wed,Orlando,14,21,35,18,26,0,44,79,YES,0,1,YES,Miami,37,22,59,25,21,0,46,105,YES,1,196,YES,94,90,184,98.82,95.6,194.42,-4,186
2000,2-Nov,06:00PM,Thu,Indiana,19,24,43,20,25,0,45,88,NO,1,1,YES,Dallas,32,15,47,21,26,0,47,94,NO,1,1,NO,90,92,182,94.82,97.6,192.42,-4.5,193.5
2000,2-Nov,05:00PM,Thu,Golden State,20,33,53,21,23,0,44,97,YES,1,1,YES,Denver,24,23,47,29,25,0,54,101,NO,1,0,YES,100,98,198,104.82,103.6,208.42,-5.5,200.5
2000,2-Nov,04:00PM,Thu,Portland,25,20,45,18,19,0,37,82,YES,1,1,NO,Phoenix,29,35,64,19,25,0,44,108,YES,1,1,YES,109,81,190,113.82,86.6,200.42,3.5,183
2000,2-Nov,06:00PM,Thu,Minnesota,24,31,55,19,17,0,36,91,NO,1,1,YES,San Antonio,23,22,45,29,29,0,58,103,YES,1,1,NO,100,94,194,104.82,99.6,204.42,-6.5,183
2000,2-Nov,06:30PM,Thu,Milwaukee,26,23,49,25,19,0,44,93,NO,1,1,YES,Houston,37,33,70,15,30,0,45,115,YES,1,1,NO,119,89,208,123.82,94.6,218.42,-1.5,200
2000,2-Nov,04:30PM,Thu,Vancouver,28,26,54,23,22,0,45,99,YES,1,1,YES,LAC,21,20,41,22,28,0,50,91,NO,1,1,YES,95,95,190,99.82,100.6,200.42,1.5,190.5
2000,2-Nov,07:30PM,Thu,Atlanta,24,17,41,15,13,0,28,69,YES,1,1,YES,New York,31,20,51,16,27,0,43,94,YES,0,1,NO,92,71,163,96.82,76.6,173.42,-12.5,179.5
2000,3-Nov,07:00PM,Fri,New York,21,17,38,21,21,0,42,80,YES,0,3,NO,Washington,20,13,33,22,21,0,43,76,YES,0,1,YES,71,85,156,75.82,90.6,166.42,-2,179
2000,3-Nov,07:30PM,Fri,Toronto,33,16,49,17,25,0,42,91,NO,1,0,YES,Boston,13,29,42,26,25,0,51,93,YES,0,1,NO,91,93,184,95.82,98.6,194.42,-3.5,195
2000,3-Nov,07:30PM,Fri,Miami,16,20,36,21,22,0,43,79,YES,1,0,YES,Charlotte,19,23,42,20,21,0,41,83,YES,0,1,NO,78,84,162,82.82,89.6,172.42,-1,181.5
2000,3-Nov,06:30PM,Fri,New Jersey,29,18,47,22,23,0,45,92,YES,2,0,YES,Chicago,16,17,33,23,26,0,49,82,YES,0,2,NO,80,94,174,84.82,99.6,184.42,-1,177
2000,3-Nov,07:30PM,Fri,Philadelphia,24,25,49,18,20,0,38,87,YES,1,0,NO,Orlando,20,24,44,22,14,0,36,80,YES,0,1,YES,93,74,167,97.82,79.6,177.42,-1,188
2000,3-Nov,08:00PM,Fri,Sacramento,25,31,56,22,22,0,44,100,NO,1,0,NO,Detroit,22,27,49,22,22,0,44,93,YES,0,1,YES,105,88,193,109.82,93.6,203.42,3.5,202.5
2000,4-Nov,12:30PM,Sat,LAL,23,24,47,30,21,0,51,98,YES,2,0,YES,Vancouver,18,22,40,20,29,0,49,89,NO,1,1,YES,87,100,187,91.82,105.6,197.42,9,187
2000,4-Nov,06:00PM,Sat,Utah,30,19,49,33,30,0,63,112,NO,2,1,YES,Dallas,24,22,46,30,30,0,60,106,YES,1,1,NO,95,123,218,99.82,128.6,228.42,2.5,189.5
2000,4-Nov,05:00PM,Sat,Phoenix,27,23,50,15,37,0,52,102,YES,1,0,YES,Denver,19,26,45,25,29,0,54,99,NO,1,1,NO,95,106,201,99.82,111.6,211.42,2.5,193
2000,4-Nov,07:00PM,Sat,Chicago,25,14,39,23,19,0,42,81,YES,0,2,YES,Indiana,24,26,50,21,23,0,44,94,NO,3,1,YES,89,86,175,93.82,91.6,185.42,-9.5,178
2000,4-Nov,06:00PM,Sat,Sacramento,23,21,44,26,21,0,47,91,NO,0,1,YES,Minnesota,32,31,63,16,20,0,36,99,YES,1,1,YES,107,83,190,111.82,88.6,200.42,-6,198
2000,4-Nov,07:00PM,Sat,Portland,27,25,52,25,20,0,45,97,NO,1,1,NO,Seattle,22,20,42,20,28,0,48,90,YES,1,2,NO,94,93,187,98.82,98.6,197.42,2.5,185
2000,4-Nov,07:00PM,Sat,Washington,25,21,46,23,27,0,50,96,YES,0,2,NO,Toronto,27,26,53,23,27,0,50,103,NO,2,0,YES,99,100,199,103.82,105.6,209.42,-6.5,187
2000,4-Nov,07:30PM,Sat,Orlando,33,30,63,18,26,0,44,107,YES,0,1,YES,Atlanta,22,29,51,27,26,0,53,104,YES,1,1,YES,114,97,211,118.82,102.6,221.42,6.5,181
2000,4-Nov,07:30PM,Sat,Boston,25,15,40,29,20,0,49,89,YES,0,2,NO,Cleveland,23,29,52,25,14,0,39,91,YES,3,2,NO,92,88,180,96.82,93.6,190.42,-2.5,188
2000,4-Nov,04:30PM,Sat,San Antonio,24,35,59,34,24,0,58,117,YES,1,2,NO,Golden State,21,25,46,27,32,0,59,105,YES,3,1,YES,105,117,222,109.82,122.6,232.42,7,189
2000,4-Nov,04:30PM,Sat,Houston,22,18,40,19,15,0,34,74,YES,1,0,NO,LAC,21,18,39,16,22,0,38,77,YES,0,1,NO,79,72,151,83.82,77.6,161.42,3.5,196
2000,4-Nov,07:30PM,Sat,Philadelphia,21,20,41,27,16,0,43,84,NO,0,3,YES,Miami,24,25,49,15,18,0,33,82,NO,3,0,YES,90,76,166,94.82,81.6,176.42,-4,179
2000,4-Nov,06:30PM,Sat,Detroit,19,22,41,18,29,0,47,88,YES,0,3,NO,Milwaukee,24,27,51,29,17,0,46,97,NO,2,1,YES,92,93,185,96.82,98.6,195.42,-9.5,200
2000,4-Nov,08:00PM,Sat,Charlotte,24,29,53,19,26,0,45,98,YES,0,3,NO,New Jersey,32,19,51,19,17,0,36,87,YES,3,0,YES,104,81,185,108.82,86.6,195.42,,
2000,5-Nov,03:00PM,Sun,Houston,22,21,43,21,35,0,56,99,NO,0,1,YES,Phoenix,26,25,51,24,29,0,53,104,NO,1,0,YES,94,109,203,98.82,114.6,213.42,-6.5,194
2000,5-Nov,03:30PM,Sun,LAC,14,31,45,23,35,0,58,103,YES,0,2,YES,LAL,23,25,48,17,43,0,60,108,YES,1,0,YES,93,118,211,97.82,123.6,221.42,-16,190
2000,6-Nov,05:00PM,Mon,Dallas,28,29,57,18,33,0,51,108,YES,1,1,YES,Denver,25,21,46,23,27,0,50,96,NO,1,1,NO,103,101,204,107.82,106.6,214.42,-1,0
2000,6-Nov,05:00PM,Mon,Minnesota,29,22,51,27,14,0,41,92,YES,1,1,NO,Utah,20,29,49,20,29,0,49,98,YES,1,1,YES,100,90,190,104.82,95.6,200.42,-6.5,188.5
2000,6-Nov,07:00PM,Mon,Atlanta,19,17,36,19,32,0,51,87,YES,1,0,NO,Vancouver,20,30,50,21,26,0,47,97,YES,1,1,NO,86,98,184,90.82,103.6,194.42,-8.5,183.5
2000,6-Nov,07:30PM,Mon,Seattle,24,21,45,22,32,0,54,99,YES,1,1,NO,Orlando,24,16,40,33,37,0,70,110,NO,1,1,YES,85,124,209,89.82,129.6,219.42,-3,189.5
2000,6-Nov,04:30PM,Mon,Portland,18,18,36,18,21,0,39,75,NO,1,0,YES,Sacramento,19,19,38,25,16,0,41,79,NO,1,1,YES,74,80,154,78.82,85.6,164.42,2,191.5
2000,7-Nov,06:00PM,Tue,New York,32,24,56,24,23,0,47,103,NO,3,0,YES,Milwaukee,20,23,43,20,26,0,46,89,YES,0,2,NO,99,93,192,103.82,98.6,202.42,-4.5,183
2000,7-Nov,04:00PM,Tue,San Antonio,21,17,38,23,20,0,43,81,NO,2,0,YES,Phoenix,25,28,53,25,22,0,47,100,NO,1,1,NO,91,90,181,95.82,95.6,191.42,3,191.5
2000,7-Nov,04:00PM,Tue,Atlanta,15,30,45,17,26,0,43,88,NO,0,1,NO,Portland,25,26,51,27,19,0,46,97,NO,1,0,YES,96,89,185,100.82,94.6,195.42,-16,186
2000,7-Nov,07:00PM,Tue,Boston,23,17,40,18,17,0,35,75,NO,2,2,YES,Toronto,30,18,48,41,16,0,57,105,NO,2,2,NO,88,92,180,92.82,97.6,190.42,-6,191
2000,7-Nov,06:30PM,Tue,Washington,14,26,40,22,26,0,48,88,NO,2,0,YES,Chicago,22,19,41,15,27,0,42,83,NO,1,2,YES,81,90,171,85.82,95.6,181.42,3.5,174
2000,7-Nov,06:30PM,Tue,LAL,20,17,37,15,22,0,37,74,YES,1,0,NO,Houston,22,21,43,15,26,0,41,84,NO,1,1,YES,80,78,158,84.82,83.6,168.42,6,192.5
2000,8-Nov,06:00PM,Wed,Vancouver,29,25,54,27,20,0,47,101,YES,1,0,NO,Dallas,23,15,38,10,26,0,36,74,NO,1,1,YES,92,83,175,96.82,88.6,185.42,-7,194
2000,8-Nov,05:00PM,Wed,Minnesota,29,22,51,29,18,9,47,98,NO,1,0,YES,Denver,21,35,56,26,16,11,42,98,YES,0,1,NO,107,89,196,111.82,94.6,206.42,3,197
2000,8-Nov,07:00PM,Wed,Milwaukee,21,27,48,26,23,0,49,97,YES,0,2,YES,Indiana,27,23,50,32,26,0,58,108,YES,1,3,NO,98,107,205,102.82,112.6,215.42,-3.5,191
2000,8-Nov,07:00PM,Wed,Detroit,13,18,31,31,32,0,63,94,NO,3,0,NO,Philadelphia,24,31,55,22,26,0,48,103,YES,0,3,YES,86,111,197,90.82,116.6,207.42,-9.5,187.5
2000,8-Nov,06:00PM,Wed,LAL,26,15,41,19,21,0,40,81,NO,0,3,YES,San Antonio,22,28,50,18,23,0,41,91,YES,1,0,YES,91,81,172,95.82,86.6,182.42,-2.5,185.5
2000,8-Nov,07:00PM,Wed,New Jersey,30,22,52,24,26,0,50,102,YES,3,0,YES,Washington,13,26,39,26,21,0,47,86,NO,1,0,YES,91,97,188,95.82,102.6,198.42,-3.5,180.5
2000,8-Nov,04:30PM,Wed,Utah,25,16,41,17,18,17,35,76,YES,1,1,YES,LAC,20,14,34,25,17,11,42,76,NO,1,2,YES,75,77,152,79.82,82.6,162.42,7.5,189
2000,8-Nov,07:30PM,Wed,Seattle,19,19,38,22,21,0,43,81,NO,1,0,NO,Miami,23,21,44,24,19,0,43,87,YES,1,3,NO,82,86,168,86.82,91.6,178.42,-5,182
2000,8-Nov,07:30PM,Wed,Cleveland,21,33,54,20,25,0,45,99,YES,3,1,NO,New York,27,28,55,22,20,0,42,97,YES,1,0,YES,109,87,196,113.82,92.6,206.42,-4.5,174
2000,8-Nov,07:30PM,Wed,Charlotte,23,27,50,26,20,0,46,96,NO,3,0,YES,Orlando,27,17,44,17,29,0,46,90,YES,0,1,NO,94,92,186,98.82,97.6,196.42,-3.5,193.5
2000,8-Nov,04:30PM,Wed,Golden State,14,24,38,28,18,0,46,84,YES,3,1,YES,Sacramento,31,34,65,27,23,0,50,115,YES,1,1,NO,103,96,199,107.82,101.6,209.42,-10,202.5
2000,9-Nov,06:00PM,Thu,Philadelphia,16,14,30,24,30,0,54,84,YES,0,1,YES,Minnesota,17,19,36,17,29,0,46,82,YES,1,0,YES,66,100,166,70.82,105.6,176.42,0,0
2000,9-Nov,04:00PM,Thu,Atlanta,16,24,40,18,21,0,39,79,NO,1,0,NO,Phoenix,25,19,44,24,20,0,44,88,NO,1,1,NO,84,83,167,88.82,88.6,177.42,-12.5,190
2000,9-Nov,04:00PM,Thu,Denver,16,25,41,31,19,0,50,91,YES,0,2,YES,Portland,22,28,50,31,26,0,57,107,NO,1,1,NO,91,107,198,95.82,112.6,208.42,-12.5,191
2000,9-Nov,07:30PM,Thu,Seattle,24,34,58,23,21,0,44,102,NO,0,1,NO,Charlotte,27,23,50,18,26,0,44,94,YES,1,0,YES,108,88,196,112.82,93.6,206.42,,
2000,9-Nov,06:30PM,Thu,Orlando,14,28,42,20,28,0,48,90,YES,0,2,NO,Chicago,24,24,48,26,21,0,47,95,NO,1,1,NO,90,95,185,94.82,100.6,195.42,5.5,181.5
2000,9-Nov,06:30PM,Thu,Vancouver,24,16,40,23,15,0,38,78,NO,0,1,NO,Houston,21,14,35,28,22,0,50,85,YES,1,1,NO,75,88,163,79.82,93.6,173.42,-6,189.5
2000,9-Nov,07:30PM,Thu,Detroit,26,22,48,36,24,0,60,108,NO,0,1,NO,New Jersey,17,23,40,30,24,0,54,94,NO,1,0,YES,88,114,202,92.82,119.6,212.42,-4,191.5
2000,10-Nov,06:00PM,Fri,San Antonio,19,16,35,23,19,0,42,77,YES,1,0,YES,Dallas,24,16,40,21,18,0,39,79,YES,1,1,NO,75,81,156,79.82,86.6,166.42,5,189.5
2000,10-Nov,05:00PM,Fri,Miami,23,23,46,28,13,0,41,87,YES,1,0,NO,Utah,23,11,34,24,22,0,46,80,YES,3,1,YES,80,87,167,84.82,92.6,177.42,-5.5,176
2000,10-Nov,07:00PM,Fri,Indiana,20,21,41,27,18,0,45,86,YES,1,0,YES,Washington,19,22,41,21,12,0,33,74,YES,0,1,NO,82,78,160,86.82,83.6,170.42,1,185
2000,10-Nov,07:00PM,Fri,Cleveland,21,17,38,25,25,0,50,88,NO,1,0,YES,Toronto,27,28,55,38,22,0,60,115,YES,0,2,NO,93,110,203,97.82,115.6,213.42,-6,189
2000,10-Nov,07:30PM,Fri,New York,23,27,50,18,24,11,42,92,YES,1,0,YES,Boston,26,24,50,15,27,9,42,92,YES,0,2,YES,100,84,184,104.82,89.6,194.42,-2.5,179
2000,10-Nov,04:30PM,Fri,Sacramento,37,15,52,19,26,17,45,97,YES,1,1,YES,Golden State,25,25,50,22,25,10,47,97,NO,1,1,YES,102,92,194,106.82,97.6,204.42,3.5,201.5
2000,10-Nov,04:30PM,Fri,Atlanta,26,32,58,18,30,0,48,106,NO,0,3,YES,LAC,27,23,50,32,33,0,65,115,YES,1,1,NO,108,113,221,112.82,118.6,231.42,-4,179
2000,11-Nov,01:00PM,Sat,Seattle,35,20,55,20,16,0,36,91,NO,1,0,NO,New Jersey,32,35,67,38,21,0,59,126,NO,1,1,NO,122,95,217,126.82,100.6,227.42,,
2000,11-Nov,07:00PM,Sat,Detroit,25,22,47,22,15,0,37,84,NO,1,0,YES,Indiana,26,21,47,21,26,0,47,94,YES,3,0,YES,94,84,178,98.82,89.6,188.42,-6,192
2000,11-Nov,04:00PM,Sat,Miami,15,19,34,31,17,0,48,82,NO,0,2,YES,Phoenix,26,19,45,16,23,0,39,84,NO,3,1,NO,79,87,166,83.82,92.6,176.42,-5,176
2000,11-Nov,04:00PM,Sat,Houston,22,20,42,22,24,0,46,88,YES,1,0,NO,Portland,30,25,55,30,26,0,56,111,YES,1,1,NO,97,102,199,101.82,107.6,209.42,-8.5,185
2000,11-Nov,06:30PM,Sat,Toronto,21,19,40,24,34,0,58,98,YES,0,4,YES,Chicago,15,22,37,19,19,0,38,75,YES,2,1,NO,77,96,173,81.82,101.6,183.42,5.5,183
2000,11-Nov,07:30PM,Sat,Washington,20,17,37,23,13,0,36,73,YES,0,3,NO,Cleveland,28,22,50,6,30,0,36,86,NO,2,0,YES,87,72,159,91.82,77.6,169.42,-5,182
2000,11-Nov,06:30PM,Sat,Minnesota,22,25,47,27,29,0,56,103,YES,1,3,YES,Milwaukee,20,30,50,21,21,0,42,92,NO,3,2,YES,97,98,195,101.82,103.6,205.42,-4,192
2000,11-Nov,07:30PM,Sat,Charlotte,17,31,48,7,12,0,19,67,YES,1,2,NO,New York,31,18,49,19,13,0,32,81,YES,2,0,YES,97,51,148,101.82,56.6,158.42,-2,178
2000,11-Nov,06:30PM,Sat,Vancouver,16,39,55,9,14,0,23,78,NO,1,4,YES,San Antonio,19,23,42,20,29,0,49,91,NO,2,0,YES,97,72,169,101.82,77.6,179.42,-10,180.5
2000,11-Nov,08:00PM,Sat,Boston,19,21,40,16,27,0,43,83,YES,0,3,YES,Philadelphia,12,23,35,21,29,0,50,85,NO,3,1,YES,75,93,168,79.82,98.6,178.42,-8,183
2000,12-Nov,06:00PM,Sun,Seattle,16,27,43,21,28,0,49,92,NO,0,1,YES,Detroit,17,37,54,23,24,0,47,101,NO,2,0,YES,97,96,193,101.82,101.6,203.42,2,197
2000,12-Nov,03:00PM,Sun,Orlando,25,24,49,23,19,14,42,91,NO,2,1,NO,Golden State,17,24,41,31,19,8,50,91,YES,1,1,NO,90,92,182,94.82,97.6,192.42,2.5,197
2000,12-Nov,03:00PM,Sun,Dallas,24,17,41,18,25,0,43,84,YES,1,0,NO,Sacramento,29,25,54,28,27,0,55,109,NO,1,1,YES,95,98,193,99.82,103.6,203.42,-6.5,199
2000,12-Nov,03:30PM,Sun,Houston,27,17,44,28,27,0,55,99,NO,0,1,YES,LAL,25,29,54,28,23,0,51,105,NO,1,3,YES,98,106,204,102.82,111.6,214.42,-13,188.5
2000,12-Nov,05:00PM,Sun,LAC,29,14,43,20,16,0,36,79,YES,1,0,YES,Denver,23,27,50,21,24,0,45,95,YES,1,2,YES,93,81,174,97.82,86.6,184.42,-7,196
2000,13-Nov,04:30PM,Mon,Dallas,28,22,50,24,16,0,40,90,NO,0,1,NO,LAC,21,17,38,20,18,0,38,76,NO,1,0,YES,88,78,166,92.82,83.6,176.42,4.5,190
2000,13-Nov,07:30PM,Mon,Portland,31,21,52,25,17,0,42,94,YES,1,0,NO,New Jersey,14,34,48,20,14,0,34,82,NO,1,1,NO,100,76,176,104.82,81.6,186.42,6,187.5
2000,14-Nov,02:00PM,Tue,Orlando,33,18,51,17,14,0,31,82,NO,1,1,NO,Sacramento,27,27,54,21,21,0,42,96,NO,1,1,NO,105,73,178,109.82,78.6,188.42,-5,196
2000,14-Nov,07:30PM,Tue,Portland,26,31,57,14,26,0,40,97,NO,0,1,NO,Atlanta,19,30,49,26,24,0,50,99,YES,0,3,YES,106,90,196,110.82,95.6,206.42,8.5,178.5
2000,14-Nov,07:30PM,Tue,Golden State,22,16,38,27,21,0,48,86,YES,1,0,NO,Cleveland,25,18,43,20,33,0,53,96,YES,0,2,NO,81,101,182,85.82,106.6,192.42,-7,186
2000,14-Nov,06:30PM,Tue,Chicago,22,26,48,16,19,0,35,83,YES,2,1,NO,Houston,33,26,59,22,29,0,51,110,NO,1,1,YES,107,86,193,111.82,91.6,203.42,-9,182.5
2000,14-Nov,04:30PM,Tue,Denver,29,28,57,18,28,0,46,103,YES,1,1,YES,LAL,32,28,60,31,28,0,59,119,YES,1,1,NO,117,105,222,121.82,110.6,232.42,-12.5,195.5
2000,14-Nov,07:30PM,Tue,Charlotte,26,15,41,20,21,4,41,82,NO,2,1,NO,Miami,24,30,54,12,16,7,28,82,YES,0,2,YES,95,69,164,99.82,74.6,174.42,-6,174
2000,14-Nov,06:30PM,Tue,Utah,17,23,40,16,23,0,39,79,YES,3,1,YES,San Antonio,25,21,46,23,17,0,40,86,YES,1,2,NO,86,79,165,90.82,84.6,175.42,-5.5,178.5
2000,14-Nov,07:30PM,Tue,New York,23,20,43,20,12,0,32,75,YES,2,0,NO,Seattle,28,20,48,24,24,0,48,96,NO,2,1,YES,91,80,171,95.82,85.6,181.42,-3.5,182.5
2000,15-Nov,07:00PM,Wed,Washington,22,34,56,26,27,0,53,109,NO,3,0,YES,Boston,37,28,65,27,24,0,51,116,NO,1,3,YES,121,104,225,125.82,109.6,235.42,-5.5,181
2000,15-Nov,06:00PM,Wed,Atlanta,18,30,48,10,16,0,26,74,YES,0,1,NO,Milwaukee,21,26,47,25,12,0,37,84,NO,1,3,NO,95,63,158,99.82,68.6,168.42,-9.5,191
2000,15-Nov,06:00PM,Wed,Golden State,22,30,52,12,26,0,38,90,NO,0,1,NO,Minnesota,26,24,50,23,19,0,42,92,NO,1,3,YES,102,80,182,106.82,85.6,192.42,-10.5,190
2000,15-Nov,07:00PM,Wed,Cleveland,31,22,53,18,27,0,45,98,YES,0,1,NO,Philadelphia,24,28,52,29,26,0,55,107,NO,1,3,NO,105,100,205,109.82,105.6,215.42,-8.5,178
2000,15-Nov,04:00PM,Wed,Dallas,22,18,40,18,20,0,38,78,NO,1,1,NO,Phoenix,22,20,42,28,29,0,57,99,NO,1,3,NO,82,95,177,86.82,100.6,187.42,-6.5,188
2000,15-Nov,07:30PM,Wed,Indiana,25,21,46,28,18,0,46,92,YES,3,1,YES,Detroit,19,36,55,21,12,0,33,88,YES,1,2,NO,101,79,180,105.82,84.6,190.42,1,186
2000,15-Nov,04:30PM,Wed,New York,23,19,42,16,16,0,32,74,NO,0,1,NO,LAC,13,22,35,21,22,0,43,78,YES,0,1,NO,77,75,152,81.82,80.6,162.42,5.5,176
2000,15-Nov,08:00PM,Wed,Miami,17,22,39,23,29,0,52,91,YES,0,1,NO,New Jersey,27,18,45,21,27,0,48,93,NO,2,1,NO,84,100,184,88.82,105.6,194.42,2,174.5
2000,16-Nov,02:00PM,Thu,LAL,30,23,53,19,30,10,49,102,YES,1,1,NO,Sacramento,30,27,57,25,20,8,45,102,NO,5,1,NO,110,94,204,114.82,99.6,214.42,2,194
2000,16-Nov,05:00PM,Thu,Chicago,15,20,35,29,21,0,50,85,NO,1,2,NO,Denver,30,22,52,13,24,0,37,89,NO,1,1,YES,87,87,174,91.82,92.6,184.42,-9.5,188
2000,16-Nov,05:00PM,Thu,Orlando,28,23,51,16,17,0,33,84,NO,1,2,YES,Utah,27,28,55,18,26,0,44,99,NO,3,1,YES,106,77,183,110.82,82.6,193.42,-7.5,187
2000,16-Nov,07:00PM,Thu,San Antonio,27,28,55,18,26,0,44,99,YES,1,0,NO,Washington,31,26,57,18,20,0,38,95,NO,1,0,YES,112,82,194,116.82,87.6,204.42,7.5,177
2000,16-Nov,07:00PM,Thu,Portland,21,23,44,18,24,0,42,86,NO,1,1,NO,Toronto,21,14,35,23,22,0,45,80,NO,1,4,YES,79,87,166,83.82,92.6,176.42,2.5,186
2000,16-Nov,07:00PM,Thu,LAC,22,25,47,12,17,0,29,76,YES,0,1,YES,Vancouver,22,16,38,21,13,0,34,72,NO,1,4,YES,85,63,148,89.82,68.6,158.42,-10,182
2000,16-Nov,06:30PM,Thu,Charlotte,21,20,41,24,15,0,39,80,NO,1,0,YES,Houston,19,28,47,17,20,0,37,84,NO,1,1,NO,88,76,164,92.82,81.6,174.42,-3.5,185
2000,17-Nov,07:00PM,Fri,Golden State,22,24,46,25,21,0,46,92,NO,1,1,NO,Indiana,22,20,42,19,29,0,48,90,YES,0,1,YES,88,94,182,92.82,99.6,192.42,-8.5,185
2000,17-Nov,06:00PM,Fri,San Antonio,16,27,43,19,22,10,41,84,NO,0,4,YES,Minnesota,22,21,43,30,11,15,41,84,YES,0,1,NO,86,82,168,90.82,87.6,178.42,2,181
2000,17-Nov,07:00PM,Fri,Miami,24,23,47,14,12,0,26,73,NO,1,0,YES,Philadelphia,19,24,43,29,22,0,51,94,YES,2,1,NO,90,77,167,94.82,82.6,177.42,-5.5,172
2000,17-Nov,04:00PM,Fri,New York,15,25,40,20,30,0,50,90,NO,1,1,YES,Phoenix,12,15,27,26,32,0,58,85,YES,0,1,NO,67,108,175,71.82,113.6,185.42,-4.5,176
2000,17-Nov,07:00PM,Fri,Dallas,29,16,45,27,27,0,54,99,NO,1,0,NO,Seattle,28,30,58,21,16,0,37,95,YES,0,2,NO,103,91,194,107.82,96.6,204.42,-5.5,190
2000,17-Nov,07:30PM,Fri,Atlanta,27,22,49,22,28,0,50,99,NO,1,0,YES,Boston,19,23,42,32,32,0,64,106,YES,0,1,NO,91,114,205,95.82,119.6,215.42,-7.5,187
2000,17-Nov,07:30PM,Fri,Detroit,19,19,38,26,32,0,58,96,YES,1,1,YES,Charlotte,26,22,48,17,24,0,41,89,YES,1,0,YES,86,99,185,90.82,104.6,195.42,-5.5,186
2000,17-Nov,06:30PM,Fri,Cleveland,18,21,39,26,11,0,37,76,NO,1,3,YES,Milwaukee,20,20,40,27,22,0,49,89,YES,0,1,NO,79,86,165,83.82,91.6,175.42,-5,192.5
2000,18-Nov,05:00PM,Sat,LAL,18,33,51,20,15,0,35,86,NO,1,0,YES,Denver,29,18,47,15,25,0,40,87,YES,1,1,NO,98,75,173,102.82,80.6,183.42,7.5,198
2000,18-Nov,07:00PM,Sat,Boston,21,25,46,21,22,0,43,89,YES,0,1,YES,Washington,33,26,59,34,16,0,50,109,NO,2,1,NO,105,93,198,109.82,98.6,208.42,-3.5,187
2000,18-Nov,07:00PM,Sat,Milwaukee,26,32,58,24,20,0,44,102,YES,0,3,YES,Toronto,28,23,51,27,33,0,60,111,NO,1,1,NO,109,104,213,113.82,109.6,223.42,-6,192
2000,18-Nov,07:00PM,Sat,Dallas,23,24,47,15,29,0,44,91,NO,0,1,NO,Vancouver,25,24,49,19,20,0,39,88,NO,1,1,NO,96,83,179,100.82,88.6,189.42,3,178.5
2000,18-Nov,07:30PM,Sat,Minnesota,32,12,44,29,21,0,50,94,YES,0,3,YES,Atlanta,22,23,45,20,19,0,39,84,NO,3,0,YES,89,89,178,93.82,94.6,188.42,3.5,183
2000,18-Nov,06:30PM,Sat,Phoenix,20,20,40,21,28,0,49,89,YES,0,3,YES,Houston,24,23,47,19,28,0,47,94,YES,2,1,NO,87,96,183,91.82,101.6,193.42,-2,190
2000,18-Nov,04:30PM,Sat,Seattle,22,22,44,19,23,0,42,86,YES,0,2,NO,LAC,17,23,40,16,27,0,43,83,NO,1,1,YES,84,85,169,88.82,90.6,179.42,3.5,183.5
2000,18-Nov,07:30PM,Sat,Portland,27,19,46,16,18,0,34,80,NO,1,0,NO,Miami,21,22,43,15,28,0,43,86,NO,3,0,YES,89,77,166,93.82,82.6,176.42,5,0
2000,18-Nov,08:00PM,Sat,Indiana,32,16,48,28,16,0,44,92,YES,0,2,YES,New Jersey,30,33,63,19,15,0,34,97,YES,1,2,NO,111,78,189,115.82,83.6,199.42,-3.5,184.5
2000,19-Nov,06:00PM,Sun,Portland,29,27,56,14,28,12,42,98,NO,0,1,NO,Orlando,25,25,50,22,26,4,48,98,NO,1,2,YES,106,90,196,110.82,95.6,206.42,2.5,184
2000,19-Nov,03:30PM,Sun,Chicago,24,28,52,23,21,0,44,96,NO,2,1,NO,LAL,28,26,54,29,21,0,50,104,NO,2,0,YES,106,94,200,110.82,99.6,210.42,-14,181
2000,19-Nov,07:00PM,Sun,Charlotte,25,27,52,28,25,0,53,105,YES,1,0,NO,Detroit,20,25,45,20,31,0,51,96,YES,1,1,YES,97,104,201,101.82,109.6,211.42,2.5,185.5
2000,19-Nov,08:00PM,Sun,Golden State,16,24,40,18,13,0,31,71,NO,1,1,YES,New York,25,23,48,19,21,0,40,88,YES,1,1,YES,88,71,159,92.82,76.6,169.42,-7.5,179
2000,20-Nov,07:00PM,Mon,Philadelphia,27,32,59,27,28,0,55,114,YES,2,1,NO,Boston,21,23,44,24,22,0,46,90,NO,1,1,YES,103,101,204,107.82,106.6,214.42,2.5,184.5
2000,20-Nov,05:00PM,Mon,Dallas,22,34,56,30,21,0,51,107,NO,1,0,YES,Utah,22,26,48,25,25,0,50,98,NO,1,3,NO,104,101,205,108.82,106.6,215.42,-7.5,184
2000,20-Nov,07:00PM,Mon,Charlotte,24,28,52,18,30,0,48,100,NO,0,1,YES,Toronto,18,16,34,14,16,0,30,64,YES,2,1,NO,86,78,164,90.82,83.6,174.42,-6,186.5
2000,20-Nov,07:00PM,Mon,Denver,32,23,55,20,20,0,40,95,YES,1,1,NO,Vancouver,30,24,54,11,27,0,38,92,YES,1,1,NO,109,78,187,113.82,83.6,197.42,-4.5,186
2000,20-Nov,04:30PM,Mon,New Jersey,22,19,41,23,22,0,45,86,YES,1,1,NO,LAC,24,15,39,17,29,0,46,85,YES,3,1,NO,80,91,171,84.82,96.6,181.42,2,180
2000,21-Nov,06:00PM,Tue,Seattle,25,39,64,30,22,0,52,116,NO,2,0,NO,Dallas,28,22,50,40,20,0,60,110,NO,3,0,YES,114,112,226,118.82,117.6,236.42,2.5,191.5
2000,21-Nov,07:00PM,Tue,Houston,21,16,37,35,29,0,64,101,YES,2,0,NO,Indiana,22,22,44,25,20,0,45,89,NO,1,2,YES,81,109,190,85.82,114.6,200.42,-4,186
2000,21-Nov,07:00PM,Tue,Portland,26,36,62,22,20,0,42,104,NO,1,0,NO,Washington,26,29,55,24,15,0,39,94,YES,2,2,NO,117,81,198,121.82,86.6,208.42,6,183
2000,21-Nov,07:30PM,Tue,Detroit,21,30,51,27,20,0,47,98,YES,1,2,YES,Cleveland,25,25,50,33,34,0,67,117,YES,0,3,YES,101,114,215,105.82,119.6,225.42,-5,187.5
2000,21-Nov,04:30PM,Tue,Chicago,29,21,50,13,14,0,27,77,NO,1,0,NO,Golden State,17,27,44,26,19,0,45,89,YES,0,1,YES,94,72,166,98.82,77.6,176.42,-6,179
2000,21-Nov,08:00PM,Tue,New York,18,27,45,22,18,0,40,85,YES,1,0,NO,Orlando,29,24,53,20,11,0,31,84,YES,2,1,NO,98,71,169,102.82,76.6,179.42,-2.5,178
2000,22-Nov,07:00PM,Wed,Houston,17,11,28,23,30,0,53,81,NO,0,2,NO,Boston,30,14,44,30,22,0,52,96,NO,1,1,NO,72,105,177,76.82,110.6,187.42,-4,197
2000,22-Nov,06:00PM,Wed,Portland,26,28,54,23,16,0,39,93,NO,0,2,YES,Milwaukee,18,29,47,16,21,0,37,84,NO,1,3,YES,101,76,177,105.82,81.6,187.42,2.5,187
2000,22-Nov,06:00PM,Wed,Vancouver,27,23,50,22,28,0,50,100,YES,1,1,NO,Minnesota,23,24,47,32,22,0,54,101,YES,1,3,YES,97,104,201,101.82,109.6,211.42,-7.5,179
2000,22-Nov,04:00PM,Wed,New Jersey,29,14,43,16,26,0,42,85,NO,1,1,NO,Phoenix,24,24,48,29,20,0,49,97,NO,1,3,YES,91,91,182,95.82,96.6,192.42,-8,186
2000,22-Nov,05:00PM,Wed,Denver,25,17,42,17,19,0,36,78,NO,1,1,YES,Utah,28,31,59,30,27,0,57,116,NO,1,1,NO,101,93,194,105.82,98.6,204.42,-10,191
2000,22-Nov,07:30PM,Wed,New York,17,13,30,17,27,0,44,74,NO,0,2,YES,Atlanta,19,20,39,27,12,0,39,78,NO,1,3,NO,69,83,152,73.82,88.6,162.42,1.5,171.5
2000,22-Nov,07:30PM,Wed,Philadelphia,18,14,32,21,20,0,41,73,NO,1,1,NO,Charlotte,19,23,42,27,19,0,46,88,YES,1,1,YES,74,87,161,78.82,92.6,171.42,1.5,179
2000,22-Nov,04:30PM,Wed,Golden State,19,24,43,24,24,0,48,91,YES,0,1,NO,LAL,35,35,70,26,15,0,41,111,NO,1,2,NO,113,89,202,117.82,94.6,212.42,-14,192
2000,22-Nov,07:30PM,Wed,Cleveland,15,21,36,27,23,0,50,86,YES,0,1,YES,Miami,12,17,29,17,21,0,38,67,YES,1,3,NO,65,88,153,69.82,93.6,163.42,-7,174.5
2000,22-Nov,04:30PM,Wed,Chicago,18,21,39,18,14,0,32,71,NO,0,3,NO,Sacramento,25,20,45,23,32,0,55,100,NO,2,5,NO,84,87,171,88.82,92.6,181.42,-13.5,186
2000,22-Nov,06:30PM,Wed,Seattle,29,11,40,18,27,0,45,85,NO,0,1,YES,San Antonio,25,36,61,27,24,0,51,112,YES,1,4,YES,101,96,197,105.82,101.6,207.42,-8,187
2000,23-Nov,08:00PM,Thu,Toronto,11,35,46,39,26,0,65,111,YES,2,1,NO,Indiana,16,19,35,28,28,0,56,91,NO,0,1,NO,81,121,202,85.82,126.6,212.42,-3.5,187
2000,24-Nov,05:00PM,Fri,San Antonio,25,27,52,21,19,0,40,92,YES,1,0,YES,Denver,21,29,50,36,16,0,52,102,YES,0,1,YES,102,92,194,106.82,97.6,204.42,5.5,187
2000,24-Nov,04:00PM,Fri,Golden State,23,20,43,12,19,0,31,74,NO,1,0,YES,Phoenix,18,14,32,23,25,0,48,80,YES,0,1,NO,75,79,154,79.82,84.6,164.42,-11.5,188
2000,24-Nov,07:00PM,Fri,LAC,26,22,48,17,16,0,33,81,YES,3,0,YES,Seattle,26,26,52,25,21,0,46,98,YES,0,1,YES,100,79,179,104.82,84.6,189.42,-9.5,182
2000,24-Nov,07:30PM,Fri,Philadelphia,25,15,40,22,14,0,36,76,NO,1,0,NO,Atlanta,17,22,39,14,14,0,28,67,YES,0,1,NO,79,64,143,83.82,69.6,153.42,6.5,177
2000,24-Nov,07:30PM,Fri,Orlando,22,24,46,24,19,9,43,89,YES,2,0,YES,Boston,20,29,49,21,19,14,40,89,NO,1,1,NO,95,83,178,99.82,88.6,188.42,-4,192
2000,24-Nov,07:30PM,Fri,Miami,21,20,41,21,18,0,39,80,YES,1,0,YES,Cleveland,21,19,40,24,21,0,45,85,YES,0,1,YES,81,84,165,85.82,89.6,175.42,3,172
2000,24-Nov,04:30PM,Fri,Minnesota,28,27,55,21,32,0,53,108,YES,1,0,NO,LAL,30,24,54,33,28,0,61,115,YES,2,1,NO,109,114,223,113.82,119.6,233.42,-8.5,194
2000,24-Nov,06:30PM,Fri,Charlotte,30,32,62,21,23,0,44,106,YES,1,0,YES,Milwaukee,27,16,43,19,28,0,47,90,YES,0,1,NO,105,91,196,109.82,96.6,206.42,-2.5,186
2000,24-Nov,08:00PM,Fri,Vancouver,19,31,50,20,26,0,46,96,NO,1,1,NO,Detroit,37,33,70,18,30,0,48,118,NO,1,2,YES,120,94,214,124.82,99.6,224.42,-4,188
2000,24-Nov,08:00PM,Fri,Washington,26,18,44,20,23,0,43,87,YES,2,0,YES,Indiana,23,29,52,23,24,0,47,99,YES,3,0,NO,96,90,186,100.82,95.6,196.42,-6,186.5
2000,24-Nov,06:00PM,Fri,New Jersey,24,26,50,17,18,0,35,85,NO,1,0,NO,Utah,31,28,59,17,21,0,38,97,YES,1,1,NO,109,73,182,113.82,78.6,192.42,-10.5,186
2000,25-Nov,01:00PM,Sat,Toronto,23,16,39,22,18,0,40,79,NO,1,0,YES,New York,21,19,40,12,23,0,35,75,NO,1,2,YES,79,75,154,83.82,80.6,164.42,-1,0
2000,25-Nov,06:00PM,Sat,Denver,29,14,43,19,22,0,41,84,YES,0,3,NO,Dallas,31,21,52,28,28,0,56,108,NO,2,3,NO,95,97,192,99.82,102.6,202.42,-8,198
2000,25-Nov,04:00PM,Sat,New Jersey,17,26,43,21,20,0,41,84,NO,0,2,YES,Portland,28,18,46,26,14,0,40,86,NO,2,2,YES,89,81,170,93.82,86.6,180.42,-11.5,184.5
2000,25-Nov,07:30PM,Sat,Cleveland,32,18,50,20,28,0,48,98,YES,0,2,YES,Charlotte,30,30,60,23,26,0,49,109,NO,3,0,YES,110,97,207,114.82,102.6,217.42,-5.5,180
2000,25-Nov,04:30PM,Sat,Minnesota,18,21,39,19,35,0,54,93,NO,0,2,NO,Golden State,32,24,56,26,32,0,58,114,YES,3,0,YES,95,112,207,99.82,117.6,217.42,5,188
2000,25-Nov,04:30PM,Sat,Phoenix,30,15,45,18,19,13,37,82,YES,0,3,NO,LAC,14,24,38,14,30,7,44,82,NO,1,0,YES,83,81,164,87.82,86.6,174.42,6,176
2000,25-Nov,07:30PM,Sat,Houston,21,26,47,21,23,0,44,91,NO,2,2,YES,Miami,16,16,32,30,18,0,48,80,NO,2,0,YES,79,92,171,83.82,97.6,181.42,-4,176
2000,25-Nov,07:30PM,Sat,Atlanta,29,15,44,24,24,0,48,92,YES,0,2,NO,Orlando,39,27,66,29,19,0,48,114,NO,1,0,YES,110,96,206,114.82,101.6,216.42,-10,182.5
2000,25-Nov,04:30PM,Sat,Seattle,18,35,53,24,24,0,48,101,YES,0,2,NO,Sacramento,31,23,54,35,36,0,71,125,YES,2,2,NO,107,119,226,111.82,124.6,236.42,-9.5,199
2000,25-Nov,06:30PM,Sat,Philadelphia,16,21,37,17,22,0,39,76,NO,0,3,YES,San Antonio,29,30,59,17,20,0,37,96,NO,3,0,YES,96,76,172,100.82,81.6,182.42,-5,176
2000,25-Nov,08:00PM,Sat,Milwaukee,20,30,50,32,18,0,50,100,YES,0,1,NO,Washington,21,27,48,27,32,0,59,107,NO,2,0,YES,98,109,207,102.82,114.6,217.42,-3.5,190
2000,26-Nov,12:30PM,Sun,Vancouver,16,37,53,27,18,0,45,98,NO,1,0,NO,Boston,27,28,55,12,20,0,32,87,YES,1,1,NO,108,77,185,112.82,82.6,195.42,-5.5,188.5
2000,26-Nov,03:00PM,Sun,Chicago,27,18,45,20,24,0,44,89,NO,3,1,YES,Toronto,29,24,53,21,27,0,48,101,YES,1,0,YES,98,92,190,102.82,97.6,200.42,-10.5,179
2000,26-Nov,07:00PM,Sun,Utah,28,14,42,21,31,0,52,94,YES,1,1,NO,Detroit,29,13,42,25,12,0,37,79,NO,2,1,NO,84,89,173,88.82,94.6,183.42,3.5,193
2000,27-Nov,04:30PM,Mon,LAL,21,23,44,28,26,0,54,98,YES,2,0,YES,LAC,23,15,38,22,23,0,45,83,NO,1,1,NO,82,99,181,86.82,104.6,191.42,12,187
2000,27-Nov,07:30PM,Mon,Vancouver,19,20,39,13,20,0,33,72,NO,0,1,YES,New York,27,18,45,25,27,0,52,97,NO,1,1,NO,84,85,169,88.82,90.6,179.42,-7.5,172
2000,27-Nov,07:30PM,Mon,Milwaukee,26,30,56,25,23,0,48,104,NO,1,0,NO,Orlando,26,17,43,20,32,0,52,95,NO,1,1,NO,99,100,199,103.82,105.6,209.42,-4,196.5
2000,28-Nov,06:00PM,Tue,Toronto,23,25,48,20,25,0,45,93,YES,1,0,NO,Dallas,20,33,53,20,34,0,54,107,YES,1,2,NO,101,99,200,105.82,104.6,210.42,-7,189
2000,28-Nov,04:00PM,Tue,Seattle,30,34,64,12,29,0,41,105,NO,2,1,YES,Portland,19,27,46,22,25,0,47,93,NO,1,2,NO,110,88,198,114.82,93.6,208.42,-8.5,187
2000,28-Nov,07:00PM,Tue,Atlanta,25,25,50,23,29,0,52,102,NO,2,1,YES,Washington,18,12,30,19,26,0,45,75,YES,0,2,NO,80,97,177,84.82,102.6,187.42,-7,183
2000,28-Nov,06:30PM,Tue,Minnesota,27,25,52,20,24,0,44,96,NO,2,0,YES,Chicago,20,25,45,17,14,0,31,76,YES,1,1,YES,97,75,172,101.82,80.6,182.42,8,182.5
2000,28-Nov,07:30PM,Tue,Boston,20,29,49,16,22,0,38,87,YES,1,1,NO,Cleveland,27,4,31,18,23,0,41,72,YES,2,2,YES,80,79,159,84.82,84.6,169.42,-5,187
2000,28-Nov,06:30PM,Tue,Sacramento,28,24,52,22,14,0,36,88,YES,2,0,NO,Houston,13,22,35,21,25,0,46,81,YES,1,2,YES,87,82,169,91.82,87.6,179.42,-2,194.5
2000,28-Nov,04:30PM,Tue,Indiana,33,24,57,19,31,0,50,107,YES,3,1,NO,LAL,38,31,69,28,27,0,55,124,YES,1,0,YES,126,105,231,130.82,110.6,241.42,-9,194
2000,28-Nov,07:30PM,Tue,Milwaukee,23,19,42,19,41,0,60,102,NO,0,1,YES,Miami,25,26,51,30,20,0,50,101,YES,0,2,NO,93,110,203,97.82,115.6,213.42,-8,180
2000,28-Nov,07:30PM,Tue,Utah,18,30,48,18,32,0,50,98,NO,1,0,NO,New Jersey,24,18,42,24,26,0,50,92,YES,0,2,YES,90,100,190,94.82,105.6,200.42,4,183
2000,29-Nov,06:00PM,Wed,Denver,27,24,51,31,25,0,56,107,NO,3,0,YES,Minnesota,22,25,47,25,28,0,53,100,YES,1,0,YES,98,109,207,102.82,114.6,217.42,-8.5,195.5
2000,29-Nov,07:00PM,Wed,Washington,19,24,43,22,22,0,44,87,YES,0,2,YES,Philadelphia,28,24,52,24,17,0,41,93,NO,1,3,YES,95,85,180,99.82,90.6,190.42,-10,183
2000,29-Nov,07:00PM,Wed,Phoenix,29,21,50,19,18,19,37,87,NO,3,1,NO,Vancouver,19,31,50,17,20,22,37,87,NO,1,1,YES,100,74,174,104.82,79.6,184.42,5.5,180
2000,29-Nov,07:30PM,Wed,Toronto,20,20,40,24,15,0,39,79,NO,0,1,YES,Charlotte,27,31,58,17,28,0,45,103,YES,1,3,NO,98,84,182,102.82,89.6,192.42,-8.5,183.5
2000,29-Nov,07:30PM,Wed,New Jersey,24,17,41,24,11,0,35,76,YES,0,1,NO,Detroit,34,9,43,30,24,0,54,97,NO,1,2,NO,84,89,173,88.82,94.6,183.42,-4.5,193
2000,29-Nov,04:30PM,Wed,Golden State,16,23,39,23,21,0,44,83,YES,3,0,YES,LAC,29,25,54,24,28,0,52,106,YES,1,1,NO,93,96,189,97.82,101.6,199.42,-1.5,177.5
2000,29-Nov,07:30PM,Wed,Utah,29,17,46,16,26,0,42,88,NO,0,1,NO,Orlando,27,20,47,24,15,0,39,86,NO,1,1,NO,93,81,174,97.82,86.6,184.42,2.5,186
2000,29-Nov,06:30PM,Wed,Sacramento,20,17,37,22,20,0,42,79,NO,0,1,YES,San Antonio,19,21,40,24,18,0,42,82,YES,1,3,NO,77,84,161,81.82,89.6,171.42,-7,187
2000,29-Nov,08:00PM,Wed,Miami,26,25,51,16,17,0,33,84,YES,0,1,YES,New York,19,17,36,20,25,0,45,81,YES,1,1,NO,87,78,165,91.82,83.6,175.42,-4.5,165
2000,30-Nov,05:00PM,Thu,Houston,25,25,50,26,22,11,48,98,YES,1,1,YES,Denver,28,23,51,25,22,7,47,98,NO,1,0,YES,101,95,196,105.82,100.6,206.42,-1,194.5
2000,30-Nov,06:00PM,Thu,Boston,19,23,42,28,27,0,55,97,NO,1,0,YES,Milwaukee,36,23,59,21,28,0,49,108,YES,1,1,YES,101,104,205,105.82,109.6,215.42,-4.5,192
2000,30-Nov,04:00PM,Thu,Dallas,19,26,45,23,16,0,39,84,YES,1,1,NO,Portland,27,25,52,27,16,0,43,95,YES,1,1,NO,97,82,179,101.82,87.6,189.42,-8.5,187
2000,30-Nov,07:00PM,Thu,LAL,25,18,43,29,16,0,45,88,YES,1,0,YES,Seattle,34,40,74,22,25,0,47,121,YES,1,1,YES,117,92,209,121.82,97.6,219.42,4,200
2000,30-Nov,07:30PM,Thu,Chicago,26,19,45,20,26,0,46,91,YES,1,0,YES,Atlanta,21,19,40,20,22,0,42,82,NO,1,1,YES,85,88,173,89.82,93.6,183.42,-6,173
2000,30-Nov,04:30PM,Thu,Indiana,23,32,55,13,27,0,40,95,NO,1,0,NO,Golden State,31,24,55,28,16,0,44,99,NO,1,0,YES,110,84,194,114.82,89.6,204.42,5,188
2000,1-Dec,07:00PM,Fri,Charlotte,20,16,36,19,19,0,38,74,YES,1,0,YES,Philadelphia,22,22,44,26,25,0,51,95,YES,0,1,NO,80,89,169,84.82,94.6,179.42,-5.5,177.5
2000,1-Dec,07:00PM,Fri,LAC,23,28,51,21,21,2,42,93,YES,1,1,NO,Toronto,18,23,41,24,28,11,52,93,YES,3,1,YES,92,94,186,96.82,99.6,196.42,-6,179
2000,1-Dec,07:00PM,Fri,Indiana,29,16,45,16,15,10,31,76,NO,0,1,NO,Vancouver,21,13,34,22,20,0,42,76,NO,1,1,NO,79,73,152,83.82,78.6,162.42,0,185
2000,1-Dec,07:30PM,Fri,Minnesota,30,25,55,19,28,0,47,102,YES,1,0,NO,Boston,24,22,46,23,29,0,52,98,NO,1,0,YES,101,99,200,105.82,104.6,210.42,1.5,193
2000,1-Dec,06:30PM,Fri,New York,33,18,51,19,21,0,40,91,YES,1,0,YES,Chicago,22,24,46,23,17,0,40,86,YES,3,0,YES,97,80,177,101.82,85.6,187.42,8,165.5
2000,1-Dec,04:30PM,Fri,San Antonio,21,21,42,36,22,0,58,100,YES,1,1,NO,LAL,30,32,62,20,27,0,47,109,NO,1,0,YES,104,105,209,108.82,110.6,219.42,-5,189
2000,1-Dec,07:30PM,Fri,Utah,20,23,43,23,28,0,51,94,NO,1,0,NO,Miami,19,26,45,33,14,0,47,92,YES,0,1,YES,88,98,186,92.82,103.6,196.42,1,170.5
2000,1-Dec,07:30PM,Fri,New Jersey,13,22,35,25,20,0,45,80,NO,1,0,YES,Orlando,19,20,39,25,19,0,44,83,YES,0,1,NO,74,89,163,78.82,94.6,173.42,-5.5,189
2000,1-Dec,04:30PM,Fri,Phoenix,23,25,48,17,33,0,50,98,NO,1,1,YES,Sacramento,30,27,57,28,20,0,48,105,NO,3,1,YES,105,98,203,109.82,103.6,213.42,-6,190
2000,1-Dec,08:00PM,Fri,Cleveland,24,24,48,27,18,0,45,93,YES,2,0,YES,Detroit,28,29,57,22,24,0,46,103,NO,1,1,NO,105,91,196,109.82,96.6,206.42,-4,193
2000,2-Dec,02:30PM,Sat,Milwaukee,19,34,53,21,20,0,41,94,YES,1,0,YES,Atlanta,28,21,49,27,25,0,52,101,NO,2,1,NO,102,93,195,106.82,98.6,205.42,4,187.5
2000,2-Dec,05:00PM,Sat,Seattle,19,22,41,24,27,0,51,92,YES,1,0,YES,Denver,30,25,55,15,33,0,48,103,NO,1,1,NO,96,99,195,100.82,104.6,205.42,0,205.5
2000,2-Dec,07:30PM,Sat,Utah,20,26,46,20,23,0,43,89,NO,0,2,YES,Charlotte,21,23,44,21,29,0,50,94,YES,2,0,YES,90,93,183,94.82,98.6,193.42,-2.5,179
2000,2-Dec,07:30PM,Sat,Philadelphia,27,31,58,27,27,0,54,112,YES,0,1,NO,Cleveland,20,19,39,15,24,0,39,78,NO,2,0,YES,97,93,190,101.82,98.6,200.42,1,178
2000,2-Dec,04:30PM,Sat,Dallas,30,21,51,23,23,0,46,97,NO,1,0,NO,Golden State,13,20,33,25,20,0,45,78,YES,0,1,NO,84,91,175,88.82,96.6,185.42,3.5,192.5
2000,2-Dec,06:30PM,Sat,Portland,21,25,46,26,24,0,50,96,YES,1,0,NO,Houston,22,22,44,14,27,0,41,85,NO,2,1,YES,90,91,181,94.82,96.6,191.42,2.5,182.5
2000,2-Dec,07:30PM,Sat,Orlando,26,23,49,22,24,0,46,95,YES,0,2,YES,New Jersey,19,22,41,22,11,0,33,74,YES,2,0,YES,90,79,169,94.82,84.6,179.42,-3,186
2000,2-Dec,07:30PM,Sat,Minnesota,18,27,45,20,25,0,45,90,NO,0,2,YES,New York,28,21,49,20,31,0,51,100,NO,1,0,YES,94,96,190,98.82,101.6,200.42,-3.5,177
2000,2-Dec,08:00PM,Sat,Miami,26,16,42,17,34,0,51,93,YES,0,2,NO,Washington,25,14,39,28,23,0,51,90,YES,0,2,YES,81,102,183,85.82,107.6,193.42,1,176
2000,3-Dec,12:30PM,Sun,LAC,18,21,39,20,28,0,48,87,NO,1,0,NO,Boston,25,29,54,17,25,0,42,96,YES,1,1,NO,93,90,183,97.82,95.6,193.42,-7.5,180
2000,3-Dec,12:30PM,Sun,San Antonio,21,14,35,35,27,0,62,97,NO,1,1,NO,Vancouver,14,20,34,23,22,0,45,79,NO,1,1,NO,69,107,176,73.82,112.6,186.42,8,177
2000,3-Dec,01:00PM,Sun,Indiana,25,19,44,17,19,0,36,80,NO,1,1,YES,Milwaukee,23,20,43,26,23,0,49,92,YES,2,0,YES,87,85,172,91.82,90.6,182.42,-2.5,192
2000,3-Dec,03:00PM,Sun,Portland,19,17,36,22,21,0,43,79,NO,0,2,YES,Phoenix,18,13,31,29,24,0,53,84,YES,3,1,YES,67,96,163,71.82,101.6,173.42,1,181
2000,3-Dec,06:00PM,Sun,Golden State,29,27,56,30,16,0,46,102,YES,0,2,YES,Seattle,31,36,67,28,23,0,51,118,NO,2,0,YES,123,97,220,127.82,102.6,230.42,-11,199
2000,3-Dec,03:30PM,Sun,Dallas,19,18,37,26,34,0,60,97,NO,0,1,NO,LAL,23,24,47,24,28,0,52,99,NO,1,1,NO,84,112,196,88.82,117.6,206.42,-9.5,204
2000,3-Dec,07:00PM,Sun,Washington,23,29,52,17,18,0,35,87,YES,0,2,YES,Detroit,25,27,52,18,23,0,41,93,YES,1,1,NO,104,76,180,108.82,81.6,190.42,-8,194
2000,4-Dec,05:00PM,Mon,Philadelphia,31,23,54,24,20,0,44,98,NO,1,0,NO,Denver,25,29,54,31,20,0,51,105,YES,1,1,NO,108,95,203,112.82,100.6,213.42,3,185.5
2000,4-Dec,07:30PM,Mon,LAC,20,18,38,17,23,0,40,78,NO,0,1,NO,New York,28,29,57,26,23,0,49,106,YES,1,1,NO,95,89,184,99.82,94.6,194.42,-10.5,169.5
2000,5-Dec,02:00PM,Tue,San Antonio,22,26,48,14,13,0,27,75,NO,1,1,YES,Sacramento,22,20,42,20,19,0,39,81,NO,2,3,NO,90,66,156,94.82,71.6,166.42,-4,190
2000,5-Dec,07:00PM,Tue,New Jersey,18,17,35,17,12,0,29,64,YES,2,0,YES,Indiana,31,17,48,22,18,0,40,88,YES,0,1,YES,83,69,152,87.82,74.6,162.42,-8,181
2000,5-Dec,06:00PM,Tue,Chicago,26,20,46,23,21,0,44,90,YES,3,0,YES,Minnesota,30,32,62,18,20,0,38,100,NO,1,2,YES,108,82,190,112.82,87.6,200.42,-15,181
2000,5-Dec,05:00PM,Tue,Toronto,11,33,44,21,19,0,40,84,YES,3,0,NO,Utah,24,25,49,21,28,0,49,98,NO,1,2,YES,93,89,182,97.82,94.6,192.42,-11.5,188.5
2000,5-Dec,07:00PM,Tue,Detroit,16,26,42,19,22,0,41,83,YES,1,0,NO,Vancouver,22,20,42,22,27,0,49,91,YES,1,1,NO,84,90,174,88.82,95.6,184.42,-2.5,187
2000,5-Dec,07:30PM,Tue,Miami,16,29,45,22,33,0,55,100,NO,2,0,YES,Atlanta,17,15,32,27,33,0,60,92,YES,2,2,NO,77,115,192,81.82,120.6,202.42,6,172
2000,5-Dec,07:30PM,Tue,Charlotte,18,17,35,10,21,0,31,66,YES,2,0,YES,Cleveland,16,23,39,20,12,0,32,71,YES,0,2,NO,74,63,137,78.82,68.6,147.42,0,182
2000,5-Dec,06:30PM,Tue,Dallas,25,26,51,25,26,0,51,102,NO,1,0,YES,Houston,31,23,54,31,24,0,55,109,YES,2,2,NO,105,106,211,109.82,111.6,221.42,-3,189
2000,5-Dec,04:30PM,Tue,Philadelphia,18,20,38,19,28,0,47,85,NO,0,2,NO,LAL,17,26,43,21,32,0,53,96,YES,0,1,NO,81,100,181,85.82,105.6,191.42,-7,191
2000,5-Dec,07:30PM,Tue,Boston,29,27,56,21,21,0,42,98,YES,1,2,YES,Orlando,28,24,52,25,24,0,49,101,NO,1,2,YES,108,91,199,112.82,96.6,209.42,-5.5,190.5
2000,6-Dec,06:00PM,Wed,Cleveland,21,19,40,29,23,0,52,92,YES,0,2,YES,Chicago,27,15,42,22,24,0,46,88,YES,1,0,YES,82,98,180,86.82,103.6,190.42,6.5,173
2000,6-Dec,06:00PM,Wed,New York,11,24,35,23,27,0,50,85,YES,1,0,NO,Dallas,32,23,55,15,24,0,39,94,NO,1,0,YES,90,89,179,94.82,94.6,189.42,-2,179
2000,6-Dec,04:00PM,Wed,Toronto,19,16,35,25,28,0,53,88,NO,0,1,NO,Portland,19,24,43,25,27,0,52,95,NO,1,2,YES,78,105,183,82.82,110.6,193.42,-14,183.5
2000,6-Dec,07:00PM,Wed,Detroit,27,31,58,24,30,0,54,112,NO,0,2,NO,Seattle,24,33,57,22,20,0,42,99,YES,1,2,NO,115,96,211,119.82,101.6,221.42,-9,204
2000,6-Dec,07:00PM,Wed,LAC,11,19,30,26,37,0,63,93,NO,1,1,NO,Washington,24,23,47,25,16,0,41,88,YES,0,2,YES,77,104,181,81.82,109.6,191.42,-5.5,180
2000,6-Dec,07:30PM,Wed,Indiana,23,27,50,25,13,0,38,88,YES,0,1,NO,Charlotte,22,24,46,20,25,0,45,91,NO,1,0,YES,96,83,179,100.82,88.6,189.42,-6.5,181
2000,6-Dec,04:30PM,Wed,LAL,27,30,57,35,15,15,50,107,YES,0,1,YES,Golden State,31,32,63,19,25,18,44,107,NO,1,2,YES,120,94,214,124.82,99.6,224.42,-8,198
2000,6-Dec,07:30PM,Wed,Denver,25,10,35,18,25,0,43,78,YES,1,0,NO,Miami,20,33,53,18,24,0,42,95,NO,1,0,YES,88,85,173,92.82,90.6,183.42,-6.5,185
2000,6-Dec,07:30PM,Wed,Milwaukee,37,25,62,21,26,0,47,109,YES,2,0,YES,New Jersey,21,24,45,24,18,0,42,87,NO,1,0,YES,107,89,196,111.82,94.6,206.42,5,182.5
2000,7-Dec,06:00PM,Thu,Phoenix,23,25,48,28,28,0,56,104,YES,3,0,NO,Milwaukee,26,31,57,26,13,0,39,96,NO,1,0,YES,105,95,200,109.82,100.6,210.42,2.5,191
2000,7-Dec,06:00PM,Thu,Washington,23,26,49,17,22,0,39,88,YES,0,1,NO,Minnesota,34,20,54,26,25,0,51,105,NO,1,1,NO,103,90,193,107.82,95.6,203.42,-10.5,194
2000,7-Dec,06:00PM,Thu,New York,17,24,41,25,20,0,45,86,NO,0,1,YES,San Antonio,25,26,51,18,14,0,32,83,NO,1,1,YES,92,77,169,96.82,82.6,179.42,-8.5,170.5
2000,7-Dec,05:00PM,Thu,Vancouver,20,21,41,19,27,0,46,87,YES,1,1,YES,Utah,16,28,44,24,30,0,54,98,NO,1,1,NO,85,100,185,89.82,105.6,195.42,-10,181
2000,7-Dec,07:30PM,Thu,Denver,26,29,55,24,14,0,38,93,NO,0,1,NO,Orlando,23,23,46,30,27,0,57,103,YES,3,1,NO,101,95,196,105.82,100.6,206.42,-8,195.5
2000,8-Dec,06:00PM,Fri,Chicago,23,17,40,18,28,0,46,86,YES,1,0,NO,Dallas,26,27,53,31,21,0,52,105,YES,1,1,NO,93,98,191,97.82,103.6,201.42,-13,183.5
2000,8-Dec,04:00PM,Fri,Philadelphia,32,33,65,20,22,0,42,107,NO,2,0,NO,Portland,30,28,58,15,21,0,36,94,NO,0,1,NO,123,78,201,127.82,83.6,211.42,-6.5,177
2000,8-Dec,07:30PM,Fri,Indiana,30,27,57,21,26,0,47,104,NO,1,0,YES,Boston,24,18,42,30,19,0,49,91,NO,1,2,YES,99,96,195,103.82,101.6,205.42,-3,187
2000,8-Dec,07:30PM,Fri,LAC,17,28,45,18,24,0,42,87,NO,1,0,NO,Charlotte,17,24,41,25,26,0,51,92,YES,0,1,NO,86,93,179,90.82,98.6,189.42,-11,178
2000,8-Dec,04:30PM,Fri,Toronto,27,30,57,24,27,0,51,108,NO,1,1,YES,Golden State,15,31,46,22,24,0,46,92,YES,0,1,NO,103,97,200,107.82,102.6,210.42,3.5,194
2000,8-Dec,04:30PM,Fri,Seattle,30,27,57,25,21,0,46,103,YES,1,0,YES,LAL,26,31,57,19,19,0,38,95,NO,1,1,YES,114,84,198,118.82,89.6,208.42,-10.5,208
2000,8-Dec,07:30PM,Fri,Atlanta,16,13,29,22,25,0,47,76,YES,2,0,NO,Miami,18,27,45,12,23,0,35,80,YES,1,1,NO,74,82,156,78.82,87.6,166.42,-10,174.5
2000,8-Dec,07:30PM,Fri,Phoenix,17,21,38,23,23,0,46,84,NO,0,1,NO,New Jersey,18,25,43,25,18,0,43,86,NO,1,1,NO,81,89,170,85.82,94.6,180.42,7.5,176
2000,8-Dec,04:30PM,Fri,Houston,28,23,51,21,26,0,47,98,YES,2,0,NO,Sacramento,25,29,54,33,24,0,57,111,NO,1,2,NO,105,104,209,109.82,109.6,219.42,-7.5,193.5
2000,9-Dec,07:00PM,Sat,Charlotte,26,17,43,21,22,10,43,86,YES,0,3,YES,Indiana,23,22,45,23,18,13,41,86,YES,2,0,YES,88,84,172,92.82,89.6,182.42,-3.5,177.5
2000,9-Dec,06:00PM,Sat,LAC,12,19,31,15,27,0,42,73,NO,0,1,YES,Minnesota,20,24,44,20,21,0,41,85,YES,1,1,NO,75,83,158,79.82,88.6,168.42,-12.5,187.5
2000,9-Dec,04:00PM,Sat,Detroit,17,18,35,20,28,0,48,83,NO,2,0,NO,Portland,30,25,55,32,27,0,59,114,YES,2,0,NO,90,107,197,94.82,112.6,207.42,-11,190.5
2000,9-Dec,07:00PM,Sat,Houston,22,43,65,23,23,0,46,111,NO,0,1,NO,Seattle,26,32,58,27,19,0,46,104,NO,2,0,YES,123,92,215,127.82,97.6,225.42,-5.5,201.5
2000,9-Dec,05:00PM,Sat,Golden State,36,29,65,26,23,0,49,114,YES,0,2,YES,Utah,31,36,67,24,34,0,58,125,NO,1,1,NO,132,107,239,136.82,112.6,249.42,-13.5,195.5
2000,9-Dec,07:00PM,Sat,Philadelphia,20,26,46,17,20,0,37,83,NO,0,1,YES,Vancouver,13,30,43,27,9,0,36,79,NO,1,1,YES,89,73,162,93.82,78.6,172.42,3.5,177
2000,9-Dec,07:30PM,Sat,Atlanta,31,20,51,20,19,0,39,90,NO,0,2,YES,Cleveland,27,28,55,17,25,0,42,97,NO,2,2,YES,106,81,187,110.82,86.6,197.42,-8.5,178.5
2000,9-Dec,06:30PM,Sat,Washington,25,16,41,21,29,0,50,91,NO,1,3,YES,Milwaukee,30,29,59,23,17,0,40,99,YES,2,1,NO,100,90,190,104.82,95.6,200.42,-7.5,198
2000,9-Dec,07:30PM,Sat,Denver,31,16,47,18,23,0,41,88,NO,1,0,NO,New York,22,24,46,28,22,0,50,96,YES,4,1,YES,93,91,184,97.82,96.6,194.42,-7.5,183
2000,9-Dec,06:30PM,Sat,Chicago,19,17,36,28,17,0,45,81,NO,0,1,YES,San Antonio,32,28,60,28,17,0,45,105,YES,1,1,NO,96,90,186,100.82,95.6,196.42,-18,175.5
2000,10-Dec,03:30PM,Sun,Phoenix,26,19,45,26,24,0,50,95,NO,1,0,NO,Toronto,14,27,41,25,21,0,46,87,NO,1,1,YES,86,96,182,90.82,101.6,192.42,-1,187
2000,10-Dec,06:00PM,Sun,Denver,21,29,50,24,17,11,41,91,NO,0,1,YES,Boston,27,29,56,18,17,13,35,91,NO,2,1,NO,106,76,182,110.82,81.6,192.42,-6.5,199
2000,10-Dec,03:00PM,Sun,Miami,40,19,59,16,22,0,38,97,YES,1,1,NO,Sacramento,17,33,50,30,21,0,51,101,YES,1,1,NO,109,89,198,113.82,94.6,208.42,-7.5,183
2000,10-Dec,03:30PM,Sun,Detroit,25,19,44,23,21,0,44,88,NO,0,2,YES,LAL,33,23,56,29,27,0,56,112,NO,1,1,NO,100,100,200,104.82,105.6,210.42,-12.5,206
2000,10-Dec,07:30PM,Sun,Dallas,30,21,51,27,21,0,48,99,YES,1,1,NO,New Jersey,22,21,43,19,11,0,30,73,NO,1,1,NO,94,78,172,98.82,83.6,182.42,6.5,182
2000,11-Dec,07:00PM,Mon,Minnesota,22,23,45,24,15,12,39,84,YES,1,0,NO,Philadelphia,32,17,49,19,16,7,35,84,YES,1,1,YES,94,74,168,98.82,79.6,178.42,-2.5,188
2000,11-Dec,05:00PM,Mon,San Antonio,18,23,41,24,26,0,50,91,YES,1,1,NO,Utah,18,23,41,20,22,0,42,83,NO,1,1,NO,82,92,174,86.82,97.6,184.42,-4,178
2000,11-Dec,07:00PM,Mon,Houston,15,24,39,15,28,0,43,82,NO,1,2,NO,Vancouver,20,14,34,18,23,0,41,75,NO,1,1,NO,73,84,157,77.82,89.6,167.42,-1,184
2000,11-Dec,06:30PM,Mon,Phoenix,19,25,44,20,22,0,42,86,NO,0,1,YES,Chicago,25,19,44,13,23,0,36,80,YES,1,1,YES,88,78,166,92.82,83.6,176.42,8,177.5
2000,11-Dec,04:30PM,Mon,Orlando,25,21,46,13,21,0,34,80,YES,3,0,NO,LAC,26,19,45,25,22,0,47,92,NO,1,1,YES,91,81,172,95.82,86.6,182.42,4,183
2000,12-Dec,05:00PM,Tue,Miami,17,21,38,31,27,0,58,96,NO,1,0,NO,Denver,23,15,38,19,28,0,47,85,YES,1,1,YES,76,105,181,80.82,110.6,191.42,1.5,185
2000,12-Dec,07:00PM,Tue,Orlando,24,34,58,17,17,0,34,92,NO,0,2,NO,Seattle,21,32,53,23,21,0,44,97,YES,0,2,NO,111,78,189,115.82,83.6,199.42,-6,203.5
2000,12-Dec,07:00PM,Tue,Indiana,21,17,38,37,15,0,52,90,YES,2,0,YES,Toronto,21,35,56,22,26,0,48,104,NO,1,1,NO,94,100,194,98.82,105.6,204.42,-3.5,186.5
2000,12-Dec,07:30PM,Tue,Dallas,24,25,49,14,24,0,38,87,NO,1,0,NO,Cleveland,23,23,46,19,27,0,46,92,YES,2,2,NO,95,84,179,99.82,89.6,189.42,1,186.5
2000,12-Dec,04:30PM,Tue,Portland,21,27,48,27,26,0,53,101,YES,2,0,YES,Golden State,23,20,43,24,26,0,50,93,NO,1,2,YES,91,103,194,95.82,108.6,204.42,8.5,193
2000,12-Dec,04:30PM,Tue,Milwaukee,25,23,48,30,31,0,61,109,YES,2,0,NO,LAL,26,27,53,30,22,0,52,105,YES,0,1,NO,101,113,214,105.82,118.6,224.42,-10,207
2000,12-Dec,07:30PM,Tue,Minnesota,24,22,46,24,24,0,48,94,NO,0,2,NO,New Jersey,36,22,58,28,30,0,58,116,YES,3,1,NO,104,106,210,108.82,111.6,220.42,3,186
2000,12-Dec,08:00PM,Tue,Sacramento,21,25,46,34,19,0,53,99,YES,1,0,NO,Atlanta,21,29,50,27,30,0,57,107,YES,0,2,YES,96,110,206,100.82,115.6,216.42,7.5,189
2000,13-Dec,03:00PM,Wed,San Antonio,18,26,44,27,22,0,49,93,NO,1,0,YES,Phoenix,28,32,60,23,20,0,43,103,NO,1,1,YES,104,92,196,108.82,97.6,206.42,-2.5,175.5
2000,13-Dec,07:00PM,Wed,Chicago,27,24,51,34,19,0,53,104,YES,1,1,YES,Boston,24,20,44,28,14,0,42,86,NO,1,2,NO,95,95,190,99.82,100.6,200.42,-9.5,186.5
2000,13-Dec,07:00PM,Wed,Dallas,30,15,45,24,23,0,47,92,NO,0,1,NO,Indiana,24,19,43,29,25,0,54,97,NO,1,0,YES,88,101,189,92.82,106.6,199.42,-3,189
2000,13-Dec,05:00PM,Wed,Milwaukee,23,26,49,30,32,0,62,111,NO,0,1,YES,Utah,20,21,41,33,28,0,61,102,YES,1,1,NO,90,123,213,94.82,128.6,223.42,-10,196
2000,13-Dec,07:00PM,Wed,Philadelphia,27,22,49,28,25,0,53,102,YES,1,1,YES,Washington,25,13,38,24,20,0,44,82,NO,1,3,YES,87,97,184,91.82,102.6,194.42,6,180
2000,13-Dec,07:00PM,Wed,Seattle,25,31,56,23,15,0,38,94,YES,0,1,YES,Vancouver,17,33,50,24,19,0,43,93,YES,1,1,NO,106,81,187,110.82,86.6,197.42,,
2000,13-Dec,07:30PM,Wed,Sacramento,21,22,43,21,26,0,47,90,NO,0,1,NO,Charlotte,29,25,54,29,18,0,47,101,YES,1,3,YES,97,94,191,101.82,99.6,201.42,-2.5,187
2000,13-Dec,07:30PM,Wed,Atlanta,14,17,31,24,14,0,38,69,YES,0,1,NO,Detroit,30,22,52,22,18,0,40,92,NO,1,2,YES,83,78,161,87.82,83.6,171.42,-8,192
2000,13-Dec,04:30PM,Wed,Miami,24,16,40,28,15,11,43,83,NO,0,1,NO,LAC,20,23,43,14,26,5,40,83,YES,1,1,NO,83,83,166,87.82,88.6,176.42,4,171.5
2000,13-Dec,04:30PM,Wed,LAL,20,24,44,20,22,0,42,86,YES,0,1,YES,Portland,30,14,44,20,32,0,52,96,NO,1,0,YES,88,94,182,92.82,99.6,192.42,-4,189
2000,14-Dec,04:30PM,Thu,Houston,26,31,57,24,17,0,41,98,NO,2,1,YES,Golden State,29,18,47,21,27,0,48,95,NO,1,1,NO,104,89,193,108.82,94.6,203.42,4,199.5
2000,14-Dec,06:30PM,Thu,Denver,21,30,51,25,26,0,51,102,YES,1,1,NO,San Antonio,24,31,55,23,18,0,41,96,NO,1,0,YES,106,92,198,110.82,97.6,208.42,-10.5,187.5
2000,14-Dec,08:00PM,Thu,New York,19,18,37,15,16,0,31,68,YES,4,0,YES,Toronto,20,19,39,19,12,0,31,70,YES,0,1,NO,76,62,138,80.82,67.6,148.42,-3,179
2000,15-Dec,07:00PM,Fri,Cleveland,29,25,54,21,28,0,49,103,YES,2,0,YES,Indiana,28,29,57,24,14,0,38,95,YES,0,1,NO,111,87,198,115.82,92.6,208.42,-6,183
2000,15-Dec,07:00PM,Fri,Dallas,27,35,62,30,20,0,50,112,NO,1,1,NO,Philadelphia,30,27,57,23,14,0,37,94,YES,0,1,YES,119,87,206,123.82,92.6,216.42,-5,186
2000,15-Dec,04:00PM,Fri,LAC,24,24,48,24,26,0,50,98,YES,1,1,YES,Phoenix,19,22,41,15,32,0,47,88,YES,0,1,NO,89,97,186,93.82,102.6,196.42,-11,178.5
2000,15-Dec,04:00PM,Fri,Orlando,22,19,41,29,26,0,55,96,NO,2,1,NO,Portland,28,29,57,28,21,0,49,106,YES,4,1,NO,98,104,202,102.82,109.6,212.42,-10,185.5
2000,15-Dec,07:00PM,Fri,Miami,23,21,44,15,22,0,37,81,NO,1,0,NO,Seattle,21,23,44,31,24,0,55,99,NO,4,1,YES,88,92,180,92.82,97.6,190.42,-4,187
2000,15-Dec,07:00PM,Fri,Charlotte,30,25,55,26,22,0,48,103,YES,1,0,YES,Washington,24,21,45,17,27,0,44,89,YES,1,1,NO,100,92,192,104.82,97.6,202.42,6,182.5
2000,15-Dec,07:30PM,Fri,Sacramento,23,28,51,28,25,0,53,104,NO,1,1,NO,Boston,21,22,43,18,20,0,38,81,YES,0,1,NO,94,91,185,98.82,96.6,195.42,3.5,198.5
2000,15-Dec,06:30PM,Fri,Atlanta,23,17,40,20,25,0,45,85,NO,1,0,YES,Chicago,20,13,33,23,18,0,41,74,NO,0,1,YES,73,86,159,77.82,91.6,169.42,-2,174
2000,15-Dec,04:30PM,Fri,Vancouver,16,21,37,18,21,0,39,76,YES,1,1,YES,LAL,22,26,48,26,24,0,50,98,YES,1,1,YES,85,89,174,89.82,94.6,184.42,-7.5,189
2000,15-Dec,06:30PM,Fri,Toronto,30,16,46,18,33,0,51,97,YES,0,1,YES,Milwaukee,23,24,47,25,32,0,57,104,YES,1,1,YES,93,108,201,97.82,113.6,211.42,-5,197
2000,15-Dec,07:30PM,Fri,Utah,24,16,40,31,18,0,49,89,YES,1,0,NO,New York,13,12,25,23,10,0,33,58,NO,1,0,YES,65,82,147,69.82,87.6,157.42,3.5,174.5
2000,15-Dec,08:00PM,Fri,Minnesota,24,19,43,28,28,0,56,99,NO,2,0,YES,Detroit,31,16,47,19,24,0,43,90,NO,1,1,NO,90,99,189,94.82,104.6,199.42,2.5,198
2000,16-Dec,06:00PM,Sat,Indiana,24,27,51,25,25,9,50,101,YES,0,2,NO,Minnesota,28,29,57,21,23,12,44,101,YES,2,0,YES,108,94,202,112.82,99.6,212.42,-5.5,190
2000,16-Dec,07:30PM,Sat,New Jersey,20,21,41,27,21,0,48,89,YES,3,0,YES,Atlanta,25,21,46,21,16,0,37,83,NO,2,0,YES,87,85,172,91.82,90.6,182.42,3,180
2000,16-Dec,07:30PM,Sat,Boston,25,26,51,17,19,0,36,87,YES,0,1,YES,Charlotte,18,29,47,26,26,0,52,99,NO,3,0,YES,98,88,186,102.82,93.6,196.42,-8,188.5
2000,16-Dec,06:30PM,Sat,Philadelphia,18,34,52,24,23,0,47,99,YES,0,3,YES,Chicago,19,22,41,32,18,0,50,91,NO,2,0,NO,93,97,190,97.82,102.6,200.42,9,174.5
2000,16-Dec,07:30PM,Sat,Utah,19,21,40,23,29,0,52,92,NO,0,2,NO,Cleveland,16,27,43,28,28,0,56,99,YES,3,0,YES,83,108,191,87.82,113.6,201.42,3,180
2000,16-Dec,04:30PM,Sat,Miami,30,17,47,26,20,0,46,93,NO,0,2,YES,Golden State,23,17,40,21,24,0,45,85,NO,2,1,NO,87,91,178,91.82,96.6,188.42,4.5,185.5
2000,16-Dec,06:30PM,Sat,Denver,33,23,56,20,26,0,46,102,NO,1,3,YES,Houston,21,23,44,32,24,0,56,100,NO,2,1,YES,100,102,202,104.82,107.6,212.42,-6.5,196
2000,16-Dec,06:30PM,Sat,Phoenix,21,31,52,17,13,0,30,82,YES,0,2,YES,San Antonio,25,23,48,18,24,0,42,90,YES,2,1,NO,100,72,172,104.82,77.6,182.42,-7,179.5
2000,17-Dec,12:30PM,Sun,Orlando,24,28,52,30,19,0,49,101,NO,1,3,YES,Vancouver,28,21,49,25,17,0,42,91,NO,2,1,YES,101,91,192,105.82,96.6,202.42,0,179
2000,17-Dec,01:00PM,Sun,LAL,25,28,53,23,15,13,38,91,YES,1,1,NO,Toronto,23,26,49,15,27,10,42,91,NO,1,1,YES,102,80,182,106.82,85.6,192.42,4,192
2000,17-Dec,03:00PM,Sun,Washington,26,20,46,31,26,0,57,103,YES,1,1,NO,LAC,26,16,42,30,22,0,52,94,NO,2,1,YES,88,109,197,92.82,114.6,207.42,-3,179
2000,17-Dec,06:00PM,Sun,Milwaukee,29,15,44,24,27,2,51,95,YES,1,3,YES,New York,31,29,60,10,25,5,35,95,YES,1,1,NO,104,86,190,108.82,91.6,200.42,-3,184
2000,17-Dec,07:00PM,Sun,Dallas,31,16,47,19,33,0,52,99,NO,1,0,NO,Detroit,16,29,45,20,25,0,45,90,YES,1,1,NO,92,97,189,96.82,102.6,199.42,3,195
2000,17-Dec,07:30PM,Sun,Sacramento,31,28,59,17,19,0,36,95,NO,1,1,YES,New Jersey,15,27,42,25,12,0,37,79,YES,2,0,YES,101,73,174,105.82,78.6,184.42,5.5,190
2000,18-Dec,07:00PM,Mon,Dallas,32,27,59,25,22,0,47,106,NO,0,1,YES,Boston,15,35,50,29,19,0,48,98,NO,1,1,YES,109,95,204,113.82,100.6,214.42,2,195.5
2000,19-Dec,04:00PM,Tue,Detroit,26,21,47,29,13,0,42,89,YES,1,0,NO,Phoenix,25,22,47,15,22,0,37,84,NO,3,2,YES,94,79,173,98.82,84.6,183.42,-9,188.5
2000,19-Dec,07:00PM,Tue,Utah,21,28,49,15,31,0,46,95,NO,2,0,NO,Toronto,29,25,54,26,23,0,49,103,YES,0,1,NO,103,95,198,107.82,100.6,208.42,2,184
2000,19-Dec,07:30PM,Tue,New York,13,27,40,13,24,0,37,77,YES,1,1,YES,Atlanta,24,22,46,18,23,0,41,87,YES,2,2,NO,86,78,164,90.82,83.6,174.42,5,167
2000,19-Dec,06:30PM,Tue,Indiana,17,21,38,27,25,0,52,90,NO,2,0,YES,Chicago,18,21,39,17,29,0,46,85,YES,1,2,NO,77,98,175,81.82,103.6,185.42,6.5,180
2000,19-Dec,04:30PM,Tue,Minnesota,27,25,52,22,25,0,47,99,YES,2,0,NO,Golden State,30,35,65,21,34,0,55,120,YES,2,2,NO,117,102,219,121.82,107.6,229.42,6,200
2000,19-Dec,06:30PM,Tue,San Antonio,14,20,34,22,30,0,52,86,YES,2,0,YES,Houston,20,16,36,17,26,0,43,79,NO,1,2,NO,70,95,165,74.82,100.6,175.42,4.5,182.5
2000,19-Dec,04:30PM,Tue,Washington,23,11,34,20,18,0,38,72,NO,1,0,NO,Sacramento,21,28,49,27,30,0,57,106,YES,0,1,YES,83,95,178,87.82,100.6,188.42,-12.5,197.5
2000,19-Dec,08:00PM,Tue,LAL,29,15,44,21,16,0,37,81,NO,1,1,NO,Miami,21,23,44,23,12,0,35,79,YES,0,2,YES,88,72,160,92.82,77.6,170.42,4,182.5
2000,20-Dec,07:00PM,Wed,New Jersey,22,16,38,26,22,0,48,86,YES,2,0,NO,Boston,37,18,55,24,20,0,44,99,YES,0,1,NO,93,92,185,97.82,97.6,195.42,-4,185
2000,20-Dec,06:00PM,Wed,Portland,28,23,51,27,23,0,50,101,YES,4,1,NO,Dallas,26,24,50,26,30,0,56,106,NO,1,1,YES,101,106,207,105.82,111.6,217.42,2.5,188.5
2000,20-Dec,05:00PM,Wed,Detroit,29,34,63,26,17,0,43,106,NO,0,2,YES,Denver,34,18,52,28,28,0,56,108,NO,1,3,YES,115,99,214,119.82,104.6,224.42,-7,200
2000,20-Dec,07:00PM,Wed,Toronto,22,28,50,24,18,7,42,92,YES,0,1,YES,Indiana,25,30,55,19,18,6,37,92,NO,1,0,YES,105,79,184,109.82,84.6,194.42,-4.5,186.5
2000,20-Dec,07:00PM,Wed,Sacramento,27,26,53,16,16,0,32,85,YES,0,1,NO,Seattle,20,20,40,31,18,0,49,89,NO,1,4,NO,93,81,174,97.82,86.6,184.42,-3.5,202.5
2000,20-Dec,07:00PM,Wed,Washington,36,21,57,22,25,0,47,104,NO,0,1,NO,Vancouver,34,30,64,26,28,0,54,118,NO,1,2,NO,121,101,222,125.82,106.6,232.42,-5,181.5
2000,20-Dec,07:30PM,Wed,Miami,16,10,26,11,19,0,30,56,YES,0,1,YES,Charlotte,21,14,35,16,14,0,30,65,YES,1,3,NO,61,60,121,65.82,65.6,131.42,-6.5,174
2000,20-Dec,04:30PM,Wed,Minnesota,22,31,53,29,14,0,43,96,NO,0,1,YES,LAC,25,27,52,23,28,0,51,103,NO,2,2,NO,105,94,199,109.82,99.6,209.42,4.5,185
2000,20-Dec,06:30PM,Wed,Cleveland,19,21,40,25,12,0,37,77,YES,3,1,NO,San Antonio,24,31,55,20,19,0,39,94,NO,1,0,YES,95,76,171,99.82,81.6,181.42,-7.5,179.5
2000,20-Dec,08:00PM,Wed,Utah,14,24,38,23,30,0,53,91,NO,0,1,NO,Philadelphia,28,19,47,21,21,0,42,89,NO,1,3,YES,85,95,180,89.82,100.6,190.42,-3.5,180.5
2000,21-Dec,06:00PM,Thu,New Jersey,17,12,29,18,31,0,49,78,NO,0,1,YES,Milwaukee,25,26,51,19,10,0,29,80,NO,1,3,YES,80,78,158,84.82,83.6,168.42,-8,193
2000,21-Dec,06:30PM,Thu,LAL,28,24,52,22,25,0,47,99,NO,1,0,NO,Houston,26,21,47,27,20,0,47,94,NO,1,1,NO,99,94,193,103.82,99.6,203.42,7,187.5
2000,21-Dec,07:30PM,Thu,Chicago,22,19,41,27,20,0,47,88,YES,1,1,NO,Orlando,15,27,42,34,23,0,57,99,NO,1,3,YES,83,104,187,87.82,109.6,197.42,-10.5,184
2000,21-Dec,08:00PM,Thu,Boston,21,26,47,22,23,0,45,92,YES,0,1,NO,New York,25,15,40,18,28,0,46,86,YES,0,1,YES,87,91,178,91.82,96.6,188.42,-7.5,177
2000,22-Dec,06:00PM,Fri,LAL,29,32,61,19,28,0,47,108,NO,0,2,YES,Dallas,23,18,41,27,35,0,62,103,NO,3,1,NO,102,109,211,106.82,114.6,221.42,2,196
2000,22-Dec,05:00PM,Fri,Portland,25,25,50,21,25,0,46,96,NO,1,0,YES,Denver,30,32,62,31,23,0,54,116,YES,0,1,NO,112,100,212,116.82,105.6,222.42,5.5,194
2000,22-Dec,07:00PM,Fri,Utah,31,16,47,34,28,0,62,109,NO,1,0,NO,Indiana,20,23,43,33,25,0,58,101,YES,0,1,NO,90,120,210,94.82,125.6,220.42,2,185
2000,22-Dec,06:00PM,Fri,Charlotte,22,17,39,22,22,0,44,83,YES,1,0,YES,Minnesota,23,15,38,16,20,0,36,74,NO,0,1,YES,77,80,157,81.82,85.6,167.42,-3.5,186.5
2000,22-Dec,07:00PM,Fri,New York,23,18,41,30,20,0,50,91,YES,0,4,NO,Philadelphia,16,23,39,11,21,0,32,71,YES,3,1,NO,80,82,162,84.82,87.6,172.42,-6.5,172
2000,22-Dec,07:00PM,Fri,Washington,26,27,53,14,20,0,34,87,NO,1,0,NO,Seattle,33,27,60,22,25,0,47,107,YES,0,1,NO,113,81,194,117.82,86.6,204.42,-10.5,198.5
2000,22-Dec,07:00PM,Fri,Atlanta,18,20,38,20,20,0,40,78,YES,2,0,YES,Toronto,17,14,31,25,16,0,41,72,YES,3,1,YES,69,81,150,73.82,86.6,160.42,-9.5,183
2000,22-Dec,07:00PM,Fri,Sacramento,22,24,46,22,27,0,49,95,NO,1,0,YES,Vancouver,23,21,44,29,20,0,49,93,YES,0,1,NO,90,98,188,94.82,103.6,198.42,7,187
2000,22-Dec,07:30PM,Fri,Cleveland,28,24,52,18,25,0,43,95,NO,1,0,NO,Miami,24,32,56,26,21,0,47,103,YES,0,1,YES,108,90,198,112.82,95.6,208.42,-5.5,174
2000,22-Dec,06:30PM,Fri,Golden State,24,18,42,17,28,0,45,87,YES,2,0,NO,San Antonio,29,25,54,17,34,0,51,105,YES,0,1,NO,96,96,192,100.82,101.6,202.42,-12.5,194
2000,23-Dec,06:00PM,Sat,Utah,17,26,43,19,36,0,55,98,NO,0,2,YES,Minnesota,30,17,47,27,18,0,45,92,NO,2,0,NO,90,100,190,94.82,105.6,200.42,-1.5,189
2000,23-Dec,04:00PM,Sat,Denver,21,23,44,28,21,0,49,93,YES,0,2,YES,Phoenix,22,31,53,21,28,0,49,102,YES,2,3,NO,97,98,195,101.82,103.6,205.42,-8.5,193
2000,23-Dec,04:00PM,Sat,Washington,20,23,43,16,11,0,27,70,NO,0,3,YES,Portland,22,16,38,22,27,0,49,87,YES,1,0,YES,81,76,157,85.82,81.6,167.42,-14,190
2000,23-Dec,07:30PM,Sat,Indiana,21,29,50,22,15,0,37,87,YES,0,1,YES,Atlanta,27,29,56,20,15,0,35,91,YES,2,0,YES,106,72,178,110.82,77.6,188.42,4,178
2000,23-Dec,07:30PM,Sat,San Antonio,19,24,43,14,22,5,36,79,YES,0,2,YES,Charlotte,17,21,38,28,13,9,41,79,NO,2,0,YES,81,77,158,85.82,82.6,168.42,-2,174
2000,23-Dec,07:30PM,Sat,Chicago,21,25,46,25,22,0,47,93,NO,1,4,YES,Detroit,32,17,49,29,28,0,57,106,NO,2,2,YES,95,104,199,99.82,109.6,209.42,-8,187
2000,23-Dec,06:30PM,Sat,Golden State,23,28,51,21,23,0,44,95,NO,0,3,YES,Houston,27,24,51,20,16,0,36,87,YES,2,1,NO,102,80,182,106.82,85.6,192.42,-7.5,197
2000,23-Dec,04:30PM,Sat,Vancouver,16,21,37,32,21,0,53,90,YES,0,2,YES,LAC,32,16,48,17,27,0,44,92,YES,2,2,NO,85,97,182,89.82,102.6,192.42,-4,180
2000,23-Dec,06:30PM,Sat,Boston,25,22,47,30,22,0,52,99,NO,1,2,NO,Milwaukee,27,26,53,23,28,0,51,104,NO,2,1,NO,100,103,203,104.82,108.6,213.42,-7,197
2000,23-Dec,07:30PM,Sat,Miami,19,24,43,23,20,0,43,86,YES,0,3,YES,New Jersey,16,22,38,21,21,0,42,80,NO,2,1,YES,81,85,166,85.82,90.6,176.42,3,174.5
2000,23-Dec,07:30PM,Sat,Cleveland,19,27,46,17,29,0,46,92,NO,0,2,NO,Orlando,33,23,56,25,30,0,55,111,YES,1,1,NO,102,101,203,106.82,106.6,213.42,-6,189
2000,23-Dec,04:30PM,Sat,Seattle,21,22,43,29,20,0,49,92,YES,0,2,NO,Sacramento,23,28,51,22,24,0,46,97,NO,4,0,YES,94,95,189,98.82,100.6,199.42,-7.5,200.5
2000,25-Dec,11:30AM,Mon,Portland,21,34,55,25,29,0,54,109,YES,1,2,NO,LAL,30,31,61,20,23,0,43,104,YES,2,2,YES,116,97,213,120.82,102.6,223.42,-5.5,190.5
2000,25-Dec,03:00PM,Mon,Orlando,23,27,50,26,17,0,43,93,YES,1,0,NO,Indiana,24,30,54,33,16,0,49,103,YES,1,1,YES,104,92,196,108.82,97.6,206.42,-5,192
2000,26-Dec,07:00PM,Tue,Cleveland,25,22,47,26,26,11,52,99,NO,2,1,YES,Charlotte,27,23,50,29,20,16,49,99,YES,1,2,NO,97,101,198,101.82,106.6,208.42,-8.5,181
2000,26-Dec,06:00PM,Tue,Seattle,19,32,51,29,13,0,42,93,NO,2,0,NO,Dallas,26,31,57,35,22,0,57,114,NO,1,3,NO,108,99,207,112.82,104.6,217.42,-4,202
2000,26-Dec,05:00PM,Tue,LAC,31,30,61,26,21,0,47,108,YES,2,1,NO,Denver,27,35,62,22,25,0,47,109,NO,1,2,YES,123,94,217,127.82,99.6,227.42,-7.5,196.5
2000,26-Dec,06:00PM,Tue,Orlando,21,12,33,24,20,0,44,77,NO,0,1,YES,Milwaukee,23,22,45,13,31,0,44,89,YES,1,2,NO,78,88,166,82.82,93.6,176.42,-5.5,199.5
2000,26-Dec,06:00PM,Tue,Toronto,21,17,38,24,35,0,59,97,YES,3,1,NO,Minnesota,26,23,49,26,25,0,51,100,NO,1,2,NO,87,110,197,91.82,115.6,207.42,-4,192
2000,26-Dec,06:00PM,Tue,Houston,28,22,50,22,23,0,45,95,YES,2,0,YES,San Antonio,34,22,56,30,17,0,47,103,YES,1,2,YES,106,92,198,110.82,97.6,208.42,-8.5,180.5
2000,26-Dec,05:00PM,Tue,Philadelphia,23,28,51,26,20,0,46,97,YES,3,0,NO,Utah,17,23,40,23,28,0,51,91,NO,1,2,YES,91,97,188,95.82,102.6,198.42,-10,178
2000,26-Dec,07:30PM,Tue,Boston,30,19,49,19,28,0,47,96,NO,2,1,NO,Detroit,25,24,49,23,29,0,52,101,YES,1,2,NO,98,99,197,102.82,104.6,207.42,-4.5,196
2000,26-Dec,07:30PM,Tue,Atlanta,18,20,38,28,15,0,43,81,YES,2,1,NO,New Jersey,19,16,35,22,19,0,41,76,NO,1,2,NO,73,84,157,77.82,89.6,167.42,-4,174.5
2000,26-Dec,07:30PM,Tue,Phoenix,19,30,49,19,29,0,48,97,YES,2,1,YES,Vancouver,20,15,35,31,29,0,60,95,YES,2,2,YES,84,108,192,88.82,113.6,202.42,5,178
2000,27-Dec,07:00PM,Wed,New York,26,21,47,28,14,0,42,89,NO,4,1,YES,Washington,22,21,43,24,15,0,39,82,YES,1,3,YES,90,81,171,94.82,86.6,181.42,4.5,175
2000,27-Dec,04:30PM,Wed,Philadelphia,27,25,52,29,37,0,66,118,NO,0,2,NO,Golden State,26,31,57,26,27,0,53,110,NO,1,3,YES,109,119,228,113.82,124.6,238.42,2,187
2000,27-Dec,06:30PM,Wed,Seattle,26,24,50,28,29,0,57,107,NO,0,2,YES,Houston,31,21,52,22,18,0,40,92,YES,2,0,YES,102,97,199,106.82,102.6,209.42,-2.5,198
2000,27-Dec,08:00PM,Wed,Indiana,13,19,32,20,27,0,47,79,YES,1,2,YES,Miami,23,23,46,19,26,0,45,91,NO,1,3,YES,78,92,170,82.82,97.6,180.42,-5,178
2000,28-Dec,04:00PM,Thu,Portland,20,26,46,28,18,11,46,92,NO,2,0,YES,Utah,25,28,53,24,15,10,39,92,YES,0,1,NO,99,85,184,103.82,90.6,194.42,-1.5,185.5
2000,28-Dec,06:00PM,Thu,LAC,15,28,43,21,32,0,53,96,NO,1,1,YES,Dallas,28,30,58,28,19,0,47,105,NO,1,1,NO,101,100,201,105.82,105.6,211.42,-9.5,197
2000,28-Dec,05:00PM,Thu,Toronto,23,26,49,20,25,0,45,94,NO,1,1,NO,Denver,27,24,51,22,20,0,42,93,NO,1,1,NO,100,87,187,104.82,92.6,197.42,-2.5,200
2000,28-Dec,06:00PM,Thu,Atlanta,17,23,40,27,14,0,41,81,NO,1,0,YES,Minnesota,17,22,39,24,25,0,49,88,NO,1,1,NO,79,90,169,83.82,95.6,179.42,-8,182
2000,28-Dec,04:00PM,Thu,LAL,21,30,51,34,30,0,64,115,YES,2,1,NO,Phoenix,22,18,40,19,19,0,38,78,NO,1,1,YES,91,102,193,95.82,107.6,203.42,2.5,189.5
2000,28-Dec,06:30PM,Thu,San Antonio,23,33,56,20,28,0,48,104,YES,1,1,NO,Chicago,23,26,49,23,33,0,56,105,YES,0,4,YES,105,104,209,109.82,109.6,219.42,9.5,176
2000,28-Dec,07:30PM,Thu,Milwaukee,25,24,49,30,28,0,58,107,YES,1,1,NO,Cleveland,20,20,40,22,27,0,49,89,YES,0,1,YES,89,107,196,93.82,112.6,206.42,0,198
2000,28-Dec,07:30PM,Thu,Boston,29,24,53,26,33,0,59,112,NO,1,1,YES,New Jersey,33,22,55,32,24,0,56,111,YES,2,1,NO,108,115,223,112.82,120.6,233.42,-1,184
2000,28-Dec,07:30PM,Thu,Detroit,27,24,51,21,24,0,45,96,YES,1,1,YES,Orlando,23,32,55,23,24,0,47,102,YES,1,1,YES,106,92,198,110.82,97.6,208.42,-5,197
2000,28-Dec,04:30PM,Thu,Charlotte,20,21,41,29,17,0,46,87,YES,1,1,NO,Sacramento,27,18,45,21,25,0,46,91,NO,1,4,NO,86,92,178,90.82,97.6,188.42,-7.5,184
2000,29-Dec,04:00PM,Fri,Vancouver,21,16,37,22,22,0,44,81,YES,2,0,YES,Portland,21,25,46,33,25,0,58,104,NO,2,0,YES,83,102,185,87.82,107.6,195.42,-10,185
2000,29-Dec,07:30PM,Fri,Cleveland,26,27,53,20,24,0,44,97,YES,0,3,YES,Atlanta,19,24,43,29,13,0,42,85,NO,3,0,YES,96,86,182,100.82,91.6,192.42,-3,180
2000,29-Dec,04:30PM,Fri,Utah,8,21,29,36,24,0,60,89,YES,0,4,NO,Golden State,19,19,38,30,32,0,62,100,YES,0,1,NO,67,122,189,71.82,127.6,199.42,6,199
2000,29-Dec,07:30PM,Fri,Washington,22,23,45,23,23,0,46,91,YES,1,1,YES,Miami,14,31,45,26,27,0,53,98,YES,0,1,NO,90,99,189,94.82,104.6,199.42,-12.5,176
2000,29-Dec,07:30PM,Fri,Chicago,22,14,36,14,18,0,32,68,YES,0,1,YES,New York,27,28,55,16,24,0,40,95,YES,0,1,YES,91,72,163,95.82,77.6,173.42,-8.5,172
2000,30-Dec,12:30PM,Sat,Charlotte,33,19,52,21,29,0,50,102,NO,1,1,NO,Seattle,25,28,53,22,29,0,51,104,NO,2,2,YES,105,101,206,109.82,106.6,216.42,,
2000,30-Dec,01:00PM,Sat,Orlando,27,23,50,24,21,0,45,95,YES,1,2,YES,Boston,18,26,44,21,25,0,46,90,YES,2,1,YES,94,91,185,98.82,96.6,195.42,-3,197
2000,30-Dec,01:00PM,Sat,Houston,25,28,53,23,38,0,61,114,YES,2,1,NO,Dallas,14,17,31,30,38,0,68,99,NO,3,1,NO,84,129,213,88.82,134.6,223.42,-6.5,199
2000,30-Dec,01:30PM,Sat,Philadelphia,35,19,54,29,15,9,44,98,NO,2,3,YES,Sacramento,19,27,46,20,32,6,52,98,NO,2,1,NO,100,96,196,104.82,101.6,206.42,-6,187
2000,30-Dec,05:30PM,Sat,New York,24,22,46,24,18,0,42,88,YES,0,3,NO,Minnesota,21,17,38,24,17,0,41,79,NO,1,1,NO,84,83,167,88.82,88.6,177.42,-7,176
2000,30-Dec,04:00PM,Sat,Toronto,29,21,50,22,31,0,53,103,NO,1,2,NO,Phoenix,18,27,45,34,30,0,64,109,YES,2,1,NO,95,117,212,99.82,122.6,222.42,-5,186.5
2000,30-Dec,07:00PM,Sat,Golden State,35,26,61,17,24,0,41,102,YES,0,3,YES,Vancouver,21,35,56,25,20,0,45,101,NO,3,0,YES,117,86,203,121.82,91.6,213.42,-5.5,192
2000,30-Dec,07:30PM,Sat,Miami,22,27,49,25,21,15,46,95,YES,0,2,NO,Detroit,20,20,40,27,28,7,55,95,YES,0,1,YES,89,101,190,93.82,106.6,200.42,0,181
2000,30-Dec,07:30PM,Sat,San Antonio,16,28,44,21,24,0,45,89,NO,1,2,YES,Indiana,17,20,37,17,23,0,40,77,YES,2,2,YES,81,85,166,85.82,90.6,176.42,3,183
2000,30-Dec,04:30PM,Sat,LAL,28,26,54,26,23,13,49,103,NO,1,3,YES,LAC,21,30,51,24,28,11,52,103,NO,2,1,YES,105,101,206,109.82,106.6,216.42,11,195.5
2000,30-Dec,06:00PM,Sat,Milwaukee,21,22,43,32,38,0,70,113,NO,1,2,NO,Denver,38,31,69,18,33,0,51,120,YES,3,1,NO,112,121,233,116.82,126.6,243.42,-2.5,207
2000,31-Dec,12:00PM,Sun,New Jersey,22,12,34,16,27,0,43,77,YES,2,1,NO,Chicago,23,20,43,16,27,0,43,86,NO,1,1,YES,77,86,163,81.82,91.6,173.42,1.5,176
2000,31-Dec,08:00PM,Sun,Detroit,27,32,59,19,18,0,37,96,YES,0,2,NO,Washington,36,24,60,34,16,0,50,110,NO,1,1,YES,119,87,206,123.82,92.6,216.42,2,192.5
